-3124.2657498358
-3124.2657475346
-3124.2646564414
-3124.2641109233
-3124.2616815308
-3124.2643976946
-3124.2630663810
-3124.2632018062
-3124.2636913142
-3124.2630029856
-3124.2626860169
-3124.2634245847
-3124.2632196028
-3124.2646815972
-3124.2633858367
-3124.2643679063
-3124.2640294890
-3124.2634023323
-3124.2630075932
-3124.2636577945
-3124.2646517939
-3124.2641099831
-3124.2631789150
-3124.2657919413
-3124.2657579283
-3124.2657505721
-3124.2658014586
-3124.2658018324
-3124.2657866447
-3124.2658062080
-3124.2658089077
-3124.2657623433
-3124.2583790066
-3124.2605271777
-3124.2604465639
-3124.2621127585
-3124.2598791681
-3124.2657779231
-3124.2656840756
-3124.2657636784
-3124.2656596684
-3124.2656531483
-3124.2657825484
-3124.2658036480
-3124.2657291752
-3124.2657421960
-3124.2657699182
-3124.2657957274
-3124.2657845953
-3124.2657866844
-3124.2657804708
-3124.2657664625
-3124.2657951557
-3124.2657980909
-3124.2657460781
-3124.2657711533
-3124.2657649259
-3124.2657928066
-3124.2657283400
-3124.2657630592
-3124.2657451216
-3124.2657816350
-3124.2657494262
-3124.2657448703
-3124.2657823295
-3124.2657898628
-3124.2657632173
-3124.2658189425
-3124.2657294606
-3124.2657725508
-3124.2657850614
-3124.2657657787
-3124.2657364183
-3124.2657435957
-3124.2657452243
-3124.2657474667
-3124.2657453704
-3124.2657487614
-3124.2657347591
-3124.2657479445
-3124.2657462218
-3124.2657400245
-3124.2657448128
-3124.2657403928
-3124.2657424785
-3124.2657343540
-3124.2657514472
-3124.2657383093
-3124.2657484128
-3124.2657335627
-3124.2657427602
-3124.2657474329
-3124.2657986836
-3124.2657791992
-3124.2657493290
-3124.2657606735
-3124.2657488355
-3124.2657977137
-3124.2657259966
-3124.2657767902
-3124.2657995958
-3124.2657850428
-3124.2657813953
-3124.2657764720
-3124.2657662206
-3124.2657418281
-3124.2657647298
-3124.2657165167
-3124.2657468300
-3124.2657437770
-3124.2657526546
-3124.2657576324
-3124.2657468359
-3124.2657355317
-3124.2657917922
-3124.2657187740
-3124.2657645676
-3124.2658036580
-3124.2657619427
-3124.2657680892
-3124.2657539442
-3124.2657681977
-3124.2657783212
-3124.2657714872
-3124.2657431267
-3124.2658094821
-3124.2657885976
-3124.2657371920
-3124.2657951626
-3124.2658188858
-3124.2657899415
-3124.2657408891
-3124.2657792041
-3124.2657861829
-3124.2657692235
-3124.2657930707
-3124.2658162898
-3124.2657770219
-3124.2657426950
-3124.2657863418
-3124.2657947355
-3124.2657538356
-3124.2658044564
-3124.2657696852
-3124.2657836449
-3124.2657747438
-3124.2657943977
-3124.2657887941
-3124.2657740237
-3124.2657214991
-3124.2657715295
-3124.2657644009
-3124.2657870826
-3124.2657666933
-3124.2657990240
-3124.2657905828
-3124.2657397924
-3124.2657776629
-3124.2657830375
-3124.2657711110
-3124.2657806756
-3124.2658042999
-3124.2657697552
-3124.2657917239
-3124.2657904789
-3124.2657052497
-3124.2657357658
-3124.2657983128
-3124.2657655876
-3124.2657782520
-3124.2658032989
-3124.2657826711
-3124.2657799748
-3124.2657381139
-3124.2658008748
-3124.2657970168
-3124.2657849898
-3124.2657855729
-3124.2657802612
-3124.2657844873
-3124.2657576075
-3124.2658049784
-3124.2657915566
-3124.2657745687
-3124.2657901371
-3124.2657908105
-3124.2657961095
-3124.2657801233
-3124.2657559972
-3124.2657602744
-3124.2657476049
-3124.2657688545
-3124.2657874072
-3124.2657882434
-3124.2657670223
-3124.2657727186
-3124.2657502347
-3124.2658072784
-3124.2657880835
-3124.2657888822
-3124.2657778699
-3124.2657667780
-3124.2657672697
-3124.2658025063
-3124.2657746864
-3124.2657936340
-3124.2657990237
-3124.2657717563
-3124.2657711504
-3124.2657696073
-3124.2657499503
-3124.2657750264
-3124.2658036916
-3124.2657846485
-3124.2658039689
-3124.2657768924
-3124.2658026858
-3124.2657433107
-3124.2658116249
-3124.2657719052
-3124.2657636451
-3124.2658077112
-3124.2657872714
-3124.2657930154
-3124.2657533253
-3124.2657888788
-3124.2657502398
-3124.2657612898
-3124.2657362216
-3124.2657911128
-3124.2657570629
-3124.2657869930
-3124.2657653401
-3124.2658161229
-3124.2657407270
-3124.2657467625
-3124.2657540064
-3124.2657657114
-3124.2657384319
-3124.2657648189
-3124.2657834083
-3124.2657954736
-3124.2657779756
-3124.2657884607
-3124.2657298478
-3124.2657611070
-3124.2658161446
-3124.2657735836
-3124.2657814522
-3124.2657449270
-3124.2657638577
-3124.2657594224
-3124.2657770302
-3124.2657327072
-3124.2657891319
-3124.2657969398
-3124.2657309445
-3124.2657744921
-3124.2657347100
-3124.2657859340
-3124.2657543227
-3124.2657884839
-3124.2657799717
-3124.2657554073
-3124.2657998264
-3124.2657922827
-3124.2657418619
-3124.2657854677
-3124.2657586466
-3124.2657505907
-3124.2657814377
-3124.2658014768
-3124.2658094106
-3124.2658086769
-3124.2657689313
-3124.2657962010
-3124.2657873864
-3124.2657360919
-3124.2658062653
-3124.2658183813
-3124.2658166146
-3124.2658071957
-3124.2657543644
-3124.2657847713
-3124.2657967535
-3124.2657524834
-3124.2657858053
-3124.2657884717
-3124.2657277170
-3124.2657715515
-3124.2657650273
-3124.2657648874
-3124.2658058737
-3124.2657916656
-3124.2657425672
-3124.2657601163
-3124.2658037802
-3124.2657958032
-3124.2657487005
-3124.2657796844
-3124.2657902877
-3124.2657923027
-3124.2657647995
-3124.2657888453
-3124.2657754669
-3124.2658087536
-3124.2657847962
-3124.2657989373
-3124.2657844213
-3124.2657861262
-3124.2657591697
-3124.2658044502
-3124.2657247092
-3124.2657890155
-3124.2657632546
-3124.2657154233
-3124.2657762004
-3124.2657744902
-3124.2657789292
-3124.2657767029
-3124.2657963456
-3124.2657739424
-3124.2658006363
-3124.2658048442
-3124.2658115444
-3124.2657809106
-3124.2658023508
-3124.2657415415
-3124.2657440414
-3124.2657809129
-3124.2657544111
-3124.2657833395
-3124.2658023314
-3124.2657935507
-3124.2657682576
-3124.2657892451
-3124.2657487226
-3124.2657890812
-3124.2657957573
-3124.2657874793
-3124.2657749568
-3124.2657430844
-3124.2657495121
-3124.2657829300
-3124.2657150066
-3124.2657410392
-3124.2657539157
-3124.2657885160
-3124.2657840076
-3124.2657714629
-3124.2658062695
-3124.2657962193
-3124.2658165900
-3124.2657589204
-3124.2657727881
-3124.2657993746
-3124.2657771944
-3124.2657591514
-3124.2657654925
-3124.2658079895
-3124.2657777165
-3124.2657867416
-3124.2656938802
-3124.2657935337
-3124.2657383683
-3124.2657718698
-3124.2657724548
-3124.2657334160
-3124.2657913466
-3124.2658040991
-3124.2657208274
-3124.2657517538
-3124.2657761856
-3124.2657727211
-3124.2657499536
-3124.2657626130
-3124.2657642824
-3124.2657802187
-3124.2657428930
-3124.2658074823
-3124.2657845212
-3124.2657594153
-3124.2657998392
-3124.2658037226
-3124.2658063791
-3124.2657977926
-3124.2657678521
-3124.2658017035
-3124.2657777999
-3124.2657688087
-3124.2657899560
-3124.2657724688
-3124.2657434942
-3124.2657987223
-3124.2657884977
-3124.2657739433
-3124.2657899758
-3124.2657883524
-3124.2657726388
-3124.2657662429
-3124.2657714772
-3124.2657910046
-3124.2657449218
-3124.2657375715
-3124.2657646443
-3124.2657696567
-3124.2657356605
-3124.2657509095
-3124.2657539127
-3124.2657998642
-3124.2657983680
-3124.2657898397
-3124.2657963980
-3124.2657841264
-3124.2657817910
-3124.2657736331
-3124.2657935261
-3124.2657884363
-3124.2657772585
-3124.2657649376
-3124.2657883824
-3124.2657793530
-3124.2657844231
-3124.2657917508
-3124.2657550669
-3124.2657822221
-3124.2657820695
-3124.2657494703
-3124.2657656205
-3124.2657852372
-3124.2657582347
-3124.2657931643
-3124.2657888484
-3124.2658175064
-3124.2657698685
-3124.2657861749
-3124.2657855798
-3124.2657687148
-3124.2657757736
-3124.2657861252
-3124.2657795403
-3124.2657810234
-3124.2657136741
-3124.2657730358
-3124.2657767535
-3124.2657956544
-3124.2657550222
-3124.2657712689
-3124.2657770021
-3124.2657946815
-3124.2657831374
-3124.2657507327
-3124.2657215301
-3124.2657647619
-3124.2657827059
-3124.2657657380
-3124.2657532355
-3124.2657656252
-3124.2657949356
-3124.2657867949
-3124.2657948597
-3124.2657859542
-3124.2657931217
-3124.2657453080
-3124.2657665184
-3124.2657665151
-3124.2657488791
-3124.2657805203
-3124.2656409369
-3124.2657655488
-3124.2657919675
-3124.2657968105
-3124.2657868941
-3124.2657598903
-3124.2657693837
-3124.2657819632
-3124.2657075600
-3124.2657630297
-3124.2657877432
-3124.2657784362
-3124.2657776880
-3124.2657574503
-3124.2657882084
-3124.2657593387
-3124.2657362183
-3124.2657779517
-3124.2657669837
-3124.2657466965
-3124.2656688350
-3124.2657920702
-3124.2657725011
-3124.2657870932
-3124.2657390481
-3124.2657409899
-3124.2658071521
-3124.2657375766
-3124.2657894369
-3124.2657652201
-3124.2657271204
-3124.2657264671
-3124.2657801050
-3124.2657996464
-3124.2657617682
-3124.2657856377
-3124.2657743617
-3124.2657540586
-3124.2657549459
-3124.2657905410
-3124.2657746547
-3124.2657858129
-3124.2657865292
-3124.2657858876
-3124.2657781962
-3124.2657671109
-3124.2657696305
-3124.2657737163
-3124.2657597140
-3124.2657369695
-3124.2657642274
-3124.2657880675
-3124.2657871929
-3124.2657126905
-3124.2658104709
-3124.2657443743
-3124.2657956775
-3124.2657941936
-3124.2657745189
-3124.2657022088
-3124.2657557008
-3124.2657454865
-3124.2657215123
-3124.2657608134
-3124.2657554785
-3124.2657589097
-3124.2657698851
-3124.2657391115
-3124.2657768887
-3124.2657733490
-3124.2657625384
-3124.2657959083
-3124.2657855800
-3124.2657337542
-3124.2657843549
-3124.2657942618
-3124.2657455606
-3124.2657794931
-3124.2657352604
-3124.2657867933
-3124.2657002220
-3124.2657491162
-3124.2658076539
-3124.2657773464
-3124.2657775788
-3124.2657882996
-3124.2657701074
-3124.2657541345
-3124.2657656749
-3124.2657887913
-3124.2657354006
-3124.2657607811
-3124.2657700724
-3124.2657732802
-3124.2657677398
-3124.2657812686
-3124.2657860619
-3124.2657841545
-3124.2657729085
-3124.2657507849
-3124.2657348737
-3124.2657448076
-3124.2657795684
-3124.2657757515
-3124.2658171933
-3124.2657974281
-3124.2657936910
-3124.2657727853
-3124.2657735480
-3124.2657769380
-3124.2657734102
-3124.2657595278
-3124.2657934890
-3124.2657723315
-3124.2657718873
-3124.2657868783
-3124.2657875680
-3124.2657984861
-3124.2657929691
-3124.2657575013
-3124.2657846703
-3124.2657258479
-3124.2658176893
-3124.2657932327
-3124.2657423869
-3124.2657769181
-3124.2657920025
-3124.2657251185
-3124.2657905430
-3124.2657839203
-3124.2656835542
-3124.2657800103
-3124.2657626964
-3124.2657758859
-3124.2657655438
-3124.2657877718
-3124.2657625583
-3124.2657884356
-3124.2657615273
-3124.2656671908
-3124.2658006920
-3124.2657539079
-3124.2657430424
-3124.2657807636
-3124.2657987783
-3124.2657314995
-3124.2658059978
-3124.2657928138
-3124.2658060379
-3124.2657882643
-3124.2657613822
-3124.2657635916
-3124.2657864983
-3124.2657526188
-3124.2657936838
-3124.2657823653
-3124.2658029132
-3124.2657888956
-3124.2657816426
-3124.2657764120
-3124.2657265511
-3124.2657319936
-3124.2657880873
-3124.2657534241
-3124.2657700428
-3124.2657735501
-3124.2657914174
-3124.2657386681
-3124.2657505299
-3124.2657465911
-3124.2657706064
-3124.2658144787
-3124.2657892899
-3124.2657634800
-3124.2657175898
-3124.2657854956
-3124.2657832335
-3124.2657872641
-3124.2657755171
-3124.2657888274
-3124.2657979045
-3124.2657556356
-3124.2657714508
-3124.2657581331
-3124.2658023567
-3124.2657725780
-3124.2657648376
-3124.2657784715
-3124.2658060382
-3124.2657788984
-3124.2657571694
-3124.2658009444
-3124.2657802395
-3124.2657966328
-3124.2657837515
-3124.2657634524
-3124.2657792041
-3124.2657791865
-3124.2657620160
-3124.2657829780
-3124.2657589620
-3124.2657860371
-3124.2657666446
-3124.2657044379
-3124.2657790892
-3124.2657950761
-3124.2657827363
-3124.2657829209
-3124.2657565585
-3124.2657373974
-3124.2657490497
-3124.2657209765
-3124.2657321004
-3124.2657366638
-3124.2657426289
-3124.2657734483
-3124.2657950301
-3124.2657686303
-3124.2657310767
-3124.2658035818
-3124.2657887792
-3124.2657843880
-3124.2657635653
-3124.2657883665
-3124.2657834837
-3124.2657829992
-3124.2657470398
-3124.2657908558
-3124.2658007870
-3124.2657454357
-3124.2657542649
-3124.2657816215
-3124.2657686592
-3124.2657429727
-3124.2657877736
-3124.2658075056
-3124.2657797066
-3124.2657448793
-3124.2657725496
-3124.2657831024
-3124.2657563491
-3124.2657278381
-3124.2657644113
-3124.2658044143
-3124.2657701718
-3124.2657770506
-3124.2657269967
-3124.2656835815
-3124.2657795169
-3124.2657851592
-3124.2657896977
-3124.2657689002
-3124.2657955708
-3124.2658071062
-3124.2657377828
-3124.2657428035
-3124.2657893780
-3124.2657249150
-3124.2657900522
-3124.2657971457
-3124.2657971728
-3124.2657628409
-3124.2657695722
-3124.2658100809
-3124.2657683833
-3124.2657786757
-3124.2657689606
-3124.2657691771
-3124.2657668396
-3124.2657986448
-3124.2657397276
-3124.2657932911
-3124.2658014298
-3124.2657841954
-3124.2657765610
-3124.2657380556
-3124.2657728794
-3124.2657836932
-3124.2657416512
-3124.2657583705
-3124.2658062200
-3124.2657581813
-3124.2657361176
-3124.2657821282
-3124.2657700605
-3124.2657724601
-3124.2657656529
-3124.2657652766
-3124.2658063487
-3124.2657306220
-3124.2657967601
-3124.2657783234
-3124.2657832733
-3124.2657103980
-3124.2657988105
-3124.2657485934
-3124.2657956358
-3124.2658161654
-3124.2657758241
-3124.2657972264
-3124.2657429061
-3124.2657936816
-3124.2657417665
-3124.2657932425
-3124.2658050562
-3124.2657878850
-3124.2657423524
-3124.2657739808
-3124.2657805236
-3124.2657841803
-3124.2657438394
-3124.2657665876
-3124.2657375350
-3124.2658086652
-3124.2657771426
-3124.2657683067
-3124.2657394917
-3124.2657831645
-3124.2657364111
-3124.2657768898
-3124.2657406087
-3124.2657783509
-3124.2657574308
-3124.2657645282
-3124.2658009381
-3124.2657641094
-3124.2657838007
-3124.2657927827
-3124.2658007564
-3124.2658024909
-3124.2657359529
-3124.2657770373
-3124.2657576213
-3124.2657905640
-3124.2657610729
-3124.2657396278
-3124.2657883165
-3124.2657951670
-3124.2657646246
-3124.2657705418
-3124.2657477848
-3124.2657116198
-3124.2657947687
-3124.2657817182
-3124.2657325548
-3124.2657299588
-3124.2657666039
-3124.2657487582
-3124.2657589377
-3124.2657488550
-3124.2657617870
-3124.2657929072
-3124.2657614984
-3124.2657115295
-3124.2657831587
-3124.2657744067
-3124.2657865316
-3124.2657770662
-3124.2657647288
-3124.2657510177
-3124.2657548565
-3124.2657945834
-3124.2657422827
-3124.2657438968
-3124.2657685385
-3124.2657855763
-3124.2658077727
-3124.2657785376
-3124.2657723987
-3124.2657677206
-3124.2657928007
-3124.2657948633
-3124.2657915180
-3124.2657692562
-3124.2657523875
-3124.2657720371
-3124.2657704435
-3124.2658005800
-3124.2657468156
-3124.2657421986
-3124.2657655218
-3124.2657357772
-3124.2657553573
-3124.2657845669
-3124.2657842823
-3124.2657425465
-3124.2657947924
-3124.2658007996
-3124.2657716533
-3124.2657649787
-3124.2657738739
-3124.2657868856
-3124.2658066020
-3124.2657899974
-3124.2657802313
-3124.2657561433
-3124.2657916437
-3124.2657717323
-3124.2657975202
-3124.2657361086
-3124.2657762062
-3124.2657805166
-3124.2657781928
-3124.2657746770
-3124.2657801638
-3124.2657695287
-3124.2658101536
-3124.2657446411
-3124.2657289136
-3124.2657786231
-3124.2657838438
-3124.2657643789
-3124.2657676923
-3124.2657915599
-3124.2657872619
-3124.2657674653
-3124.2657458367
-3124.2657756047
-3124.2657966823
-3124.2657787446
-3124.2657944344
-3124.2657787257
-3124.2657631193
-3124.2657511561
-3124.2658059818
-3124.2657732728
-3124.2657295607
-3124.2657570866
-3124.2657968059
-3124.2657931693
-3124.2657974170
-3124.2657920482
-3124.2657613878
-3124.2657327435
-3124.2657642434
-3124.2657350193
-3124.2657136365
-3124.2657389039
-3124.2657945663
-3124.2658117244
-3124.2657469963
-3124.2657881632
-3124.2657860219
-3124.2657998213
-3124.2657921303
-3124.2657394150
-3124.2657851152
-3124.2657365864
-3124.2657373049
-3124.2657644021
-3124.2657731638
-3124.2657589392
-3124.2658074229
-3124.2657808672
-3124.2657414242
-3124.2658136577
-3124.2657558048
-3124.2657996532
-3124.2657610372
-3124.2658109454
-3124.2657924744
-3124.2657749656
-3124.2657764118
-3124.2657761197
-3124.2657526032
-3124.2658105907
-3124.2657758339
-3124.2657750965
-3124.2657515031
-3124.2657823400
-3124.2657223239
-3124.2657821013
-3124.2657550597
-3124.2657349637
-3124.2657605240
-3124.2657885967
-3124.2657995861
-3124.2657936891
-3124.2657913711
-3124.2657876241
-3124.2657741026
-3124.2657875818
-3124.2657812466
-3124.2657976802
-3124.2657908111
-3124.2657552626
-3124.2657994514
-3124.2657960814
-3124.2657546408
-3124.2657851833
-3124.2657533790
-3124.2658053165
-3124.2657480460
-3124.2657779999
-3124.2657950706
-3124.2657595099
-3124.2657954479
-3124.2657553626
-3124.2657679109
-3124.2657992873
-3124.2657365892
-3124.2657982776
-3124.2657403901
-3124.2658090627
-3124.2658013658
-3124.2657701018
-3124.2657896482
-3124.2658170751
-3124.2657856076
-3124.2657340828
-3124.2657985168
-3124.2657628481
-3124.2657681336
-3124.2657328630
-3124.2657381504
-3124.2657338107
-3124.2657862159
-3124.2657216251
-3124.2657805303
-3124.2657683960
-3124.2657954957
-3124.2658115611
-3124.2657819484
-3124.2657984933
-3124.2657781477
-3124.2657690653
-3124.2657628884
-3124.2657741849
-3124.2657717976
-3124.2657807093
-3124.2657628131
-3124.2657907185
-3124.2657725815
-3124.2657814182
-3124.2658034033
-3124.2657865149
-3124.2658058681
-3124.2658053370
-3124.2657949717
-3124.2657535425
-3124.2657810795
-3124.2657778303
-3124.2657821656
-3124.2657753046
-3124.2657907504
-3124.2657201509
-3124.2657743278
-3124.2657422807
-3124.2657587038
-3124.2657557406
-3124.2657390596
-3124.2657749921
-3124.2656780959
-3124.2658067259
-3124.2657019399
-3124.2657588578
-3124.2658068330
-3124.2657370762
-3124.2657479594
-3124.2657858082
-3124.2657145070
-3124.2657673085
-3124.2657933874
-3124.2657729899
-3124.2657893087
-3124.2658083960
-3124.2657318232
-3124.2658027240
-3124.2657344397
-3124.2658076684
-3124.2657313006
-3124.2657835486
-3124.2657415143
-3124.2657925362
-3124.2657822703
-3124.2657955868
-3124.2657526457
-3124.2658101540
-3124.2657589457
-3124.2658046194
-3124.2657982023
-3124.2658141138
-3124.2657562314
-3124.2657481625
-3124.2657334856
-3124.2658022163
-3124.2658089699
-3124.2657877491
-3124.2657628553
-3124.2657937179
-3124.2657696649
-3124.2658005139
-3124.2658126357
-3124.2657213148
-3124.2658089051
-3124.2657998316
-3124.2657966880
-3124.2657798354
-3124.2657538987
-3124.2657566391
-3124.2657728919
-3124.2657744521
-3124.2657779381
-3124.2657647944
-3124.2657670531
-3124.2657730084
-3124.2657874468
-3124.2657943499
-3124.2657905983
-3124.2657902293
-3124.2657714048
-3124.2657833465
-3124.2657370504
-3124.2657555653
-3124.2657815182
-3124.2657820693
-3124.2657849251
-3124.2657878886
-3124.2657847876
-3124.2658009083
-3124.2657618890
-3124.2657749508
-3124.2657570723
-3124.2657714060
-3124.2657653695
-3124.2657620600
-3124.2657979944
-3124.2657317523
-3124.2657986116
-3124.2657588349
-3124.2657930807
-3124.2657996324
-3124.2657992467
-3124.2657741702
-3124.2657746649
-3124.2657996878
-3124.2657795326
-3124.2657553260
-3124.2657677297
-3124.2657806054
-3124.2657704735
-3124.2657991302
-3124.2657700672
-3124.2657655059
-3124.2658006293
-3124.2657785055
-3124.2657881043
-3124.2657667606
-3124.2657633005
-3124.2657710710
-3124.2658177789
-3124.2657744041
-3124.2657753080
-3124.2657863961
-3124.2657796061
-3124.2657869279
-3124.2657684969
-3124.2657775549
-3124.2657231939
-3124.2657722172
-3124.2657684695
-3124.2657523049
-3124.2657918620
-3124.2657680711
-3124.2657662450
-3124.2658210240
-3124.2658035670
-3124.2657869814
-3124.2658019810
-3124.2657914245
-3124.2657981777
-3124.2657695288
-3124.2657395852
-3124.2657938550
-3124.2657754051
-3124.2657324337
-3124.2657941087
-3124.2657512980
-3124.2657789211
-3124.2657461753
-3124.2656945190
-3124.2658006789
-3124.2657762806
-3124.2657871418
-3124.2658097333
-3124.2657587163
-3124.2657371853
-3124.2657823884
-3124.2657540681
-3124.2657248232
-3124.2657749645
-3124.2657977115
-3124.2657465919
-3124.2657478994
-3124.2657614029
-3124.2657747513
-3124.2657716707
-3124.2657785899
-3124.2657401260
-3124.2657792316
-3124.2657963267
-3124.2657709353
-3124.2657977009
-3124.2658012099
-3124.2657737403
-3124.2657672047
-3124.2657316011
-3124.2657804660
-3124.2657890298
-3124.2657506875
-3124.2658077398
-3124.2657422528
-3124.2657997655
-3124.2657685257
-3124.2657944778
-3124.2657796064
-3124.2657704689
-3124.2657444790
-3124.2657829228
-3124.2657766435
-3124.2657619753
-3124.2657535155
-3124.2657564752
-3124.2657701849
-3124.2657856272
-3124.2657602246
-3124.2657838213
-3124.2657743244
-3124.2658050014
-3124.2658040993
-3124.2658099573
-3124.2657500374
-3124.2657845064
-3124.2657842508
-3124.2658030206
-3124.2657663837
-3124.2657600844
-3124.2657493482
-3124.2657875289
-3124.2657182495
-3124.2657746171
-3124.2657521202
-3124.2657911581
-3124.2657032694
-3124.2657867906
-3124.2657591556
-3124.2657929160
-3124.2657717908
-3124.2657910783
-3124.2657918576
-3124.2657806443
-3124.2657522612
-3124.2657778568
-3124.2657717887
-3124.2657642570
-3124.2657685815
-3124.2657536523
-3124.2657966476
-3124.2657596036
-3124.2657897009
-3124.2657271870
-3124.2657995676
-3124.2657851230
-3124.2658157312
-3124.2658014714
-3124.2658161570
-3124.2657443622
-3124.2658011243
-3124.2657499088
-3124.2657813239
-3124.2657855224
-3124.2657529890
-3124.2657990273
-3124.2657982377
-3124.2657781725
-3124.2658034191
-3124.2657776123
-3124.2657524897
-3124.2657522211
-3124.2657723241
-3124.2657811243
-3124.2657717689
-3124.2657929252
-3124.2657827035
-3124.2657590105
-3124.2657544104
-3124.2657616592
-3124.2657230103
-3124.2657785897
-3124.2657791990
-3124.2657883389
-3124.2657753652
-3124.2657870167
-3124.2657619600
-3124.2657975979
-3124.2657691498
-3124.2657866236
-3124.2658090619
-3124.2657743490
-3124.2658084207
-3124.2657988475
-3124.2657778861
-3124.2657671324
-3124.2657142120
-3124.2657244256
-3124.2657497366
-3124.2657644019
-3124.2657679441
-3124.2657874687
-3124.2657811768
-3124.2657895100
-3124.2657446949
-3124.2657673775
-3124.2657879147
-3124.2657725835
-3124.2657556155
-3124.2657788689
-3124.2657919008
-3124.2657771437
-3124.2657385464
-3124.2657523047
-3124.2657603058
-3124.2657634046
-3124.2657840690
-3124.2657946978
-3124.2657701265
-3124.2657446754
-3124.2657596769
-3124.2657666591
-3124.2657970893
-3124.2657832563
-3124.2657683037
-3124.2657920935
-3124.2657567729
-3124.2657692792
-3124.2657966978
-3124.2658112362
-3124.2657928451
-3124.2657528154
-3124.2657784302
-3124.2657167289
-3124.2657950103
-3124.2657857772
-3124.2657718064
-3124.2657690536
-3124.2657935865
-3124.2657942902
-3124.2657996432
-3124.2657811244
-3124.2657900655
-3124.2658079115
-3124.2657466160
-3124.2657739799
-3124.2658024243
-3124.2657786721
-3124.2658018975
-3124.2657532913
-3124.2657672268
-3124.2657586234
-3124.2657351316
-3124.2657853663
-3124.2657910560
-3124.2658097656
-3124.2657796501
-3124.2657989083
-3124.2657705848
-3124.2657478331
-3124.2657621000
-3124.2657429599
-3124.2657638959
-3124.2657512934
-3124.2657775687
-3124.2657790558
-3124.2657810497
-3124.2657747208
-3124.2657968982
-3124.2657742816
-3124.2657551826
-3124.2657877854
-3124.2657442306
-3124.2657698814
-3124.2657665155
-3124.2657479636
-3124.2657436763
-3124.2657477034
-3124.2657502891
-3124.2657728798
-3124.2657984453
-3124.2657725566
-3124.2657752978
-3124.2657866919
-3124.2657471206
-3124.2657233840
-3124.2657614531
-3124.2657944417
-3124.2657164115
-3124.2657873920
-3124.2657682734
-3124.2657928006
-3124.2657380558
-3124.2657825124
-3124.2657439827
-3124.2657775155
-3124.2657697213
-3124.2657560188
-3124.2657593195
-3124.2657704335
-3124.2657358243
-3124.2657684936
-3124.2657924655
-3124.2657909640
-3124.2657779334
-3124.2657775955
-3124.2657631717
-3124.2657996362
-3124.2657679169
-3124.2657559540
-3124.2657551586
-3124.2657306974
-3124.2657732792
-3124.2658021650
-3124.2657695304
-3124.2657742075
-3124.2658041558
-3124.2657501067
-3124.2657802954
-3124.2657716976
-3124.2657642169
-3124.2657641037
-3124.2657143734
-3124.2657730017
-3124.2657366349
-3124.2657356237
-3124.2657594463
-3124.2658047258
-3124.2657036977
-3124.2657660879
-3124.2657798234
-3124.2657887009
-3124.2657700840
-3124.2657797724
-3124.2657899170
-3124.2657702840
-3124.2657828832
-3124.2658029249
-3124.2657637363
-3124.2657904689
-3124.2658024772
-3124.2657680107
-3124.2657412575
-3124.2657512288
-3124.2657720284
-3124.2657469171
-3124.2657353470
-3124.2657301424
-3124.2657738790
-3124.2657054547
-3124.2657689839
-3124.2657656015
-3124.2657848939
-3124.2657931497
-3124.2657885321
-3124.2657511864
-3124.2657460982
-3124.2657672619
-3124.2657806019
-3124.2657641487
-3124.2657780015
-3124.2657508655
-3124.2657714352
-3124.2657840204
-3124.2657680526
-3124.2657912268
-3124.2657862801
-3124.2658054513
-3124.2657488051
-3124.2656668177
-3124.2657967778
-3124.2657621967
-3124.2657623751
-3124.2657579099
-3124.2657359138
-3124.2657542769
-3124.2657511707
-3124.2657490757
-3124.2657643045
-3124.2657361734
-3124.2658027939
-3124.2657911942
-3124.2658048538
-3124.2657870543
-3124.2658114043
-3124.2657507993
-3124.2657270518
-3124.2658075379
-3124.2658162593
-3124.2658101398
-3124.2657482071
-3124.2657674273
-3124.2657784811
-3124.2657509472
-3124.2658066231
-3124.2658043407
-3124.2657783838
-3124.2657487362
-3124.2657754440
-3124.2658024368
-3124.2658014077
-3124.2657821248
-3124.2657195488
-3124.2657507879
-3124.2657335962
-3124.2658066283
-3124.2657535404
-3124.2657762491
-3124.2657807949
-3124.2657762239
-3124.2657545051
-3124.2657695938
-3124.2657706729
-3124.2657942888
-3124.2657775972
-3124.2657410950
-3124.2658056423
-3124.2657787365
-3124.2657324788
-3124.2657386711
-3124.2657624347
-3124.2658191670
-3124.2657832816
-3124.2657561387
-3124.2657540258
-3124.2657865513
-3124.2657670182
-3124.2657667136
-3124.2656785762
-3124.2657860328
-3124.2657838412
-3124.2657545775
-3124.2658149963
-3124.2657501334
-3124.2657922480
-3124.2657826826
-3124.2657751259
-3124.2657709553
-3124.2658193719
-3124.2657811228
-3124.2657696897
-3124.2657645173
-3124.2657859697
-3124.2657640158
-3124.2657605918
-3124.2657661536
-3124.2657695290
-3124.2657956766
-3124.2657644115
-3124.2657760428
-3124.2657703717
-3124.2657313807
-3124.2657543238
-3124.2657660314
-3124.2657271515
-3124.2657773179
-3124.2657745256
-3124.2657865702
-3124.2657910177
-3124.2657684690
-3124.2657975729
-3124.2657584402
-3124.2657257127
-3124.2657986390
-3124.2657724486
-3124.2657822785
-3124.2657143960
-3124.2657858815
-3124.2658026372
-3124.2657966341
-3124.2657846608
-3124.2657817220
-3124.2657414402
-3124.2657789008
-3124.2657810629
-3124.2657433987
-3124.2657772476
-3124.2657489602
-3124.2657552810
-3124.2658159623
-3124.2657731055
-3124.2657334178
-3124.2657562034
-3124.2658046715
-3124.2657925505
-3124.2657887225
-3124.2657820106
-3124.2657004314
-3124.2657779184
-3124.2657226426
-3124.2658043870
-3124.2657812826
-3124.2657905458
-3124.2657880738
-3124.2657737660
-3124.2657724458
-3124.2657958093
-3124.2657657657
-3124.2657708700
-3124.2658176419
-3124.2657907425
-3124.2657402599
-3124.2657507861
-3124.2657763277
-3124.2657609299
-3124.2657786406
-3124.2657813868
-3124.2657799899
-3124.2658149191
-3124.2657957047
-3124.2657561458
-3124.2657453464
-3124.2657803278
-3124.2657989480
-3124.2657999757
-3124.2657788062
-3124.2657933347
-3124.2657365239
-3124.2657774702
-3124.2657466605
-3124.2657880259
-3124.2657932608
-3124.2657723542
-3124.2658070875
-3124.2657448086
-3124.2657971649
-3124.2657640563
-3124.2657983511
-3124.2657869651
-3124.2657608048
-3124.2657926571
-3124.2657517895
-3124.2658006110
-3124.2657943445
-3124.2657403364
-3124.2657594043
-3124.2657591691
-3124.2657467298
-3124.2657568270
-3124.2657204283
-3124.2657781352
-3124.2657565395
-3124.2657525027
-3124.2657255191
-3124.2657744268
-3124.2657292216
-3124.2657929999
-3124.2657767053
-3124.2657746893
-3124.2657630948
-3124.2658074296
-3124.2657826108
-3124.2657672227
-3124.2657959174
-3124.2657872517
-3124.2657798288
-3124.2657834444
-3124.2657661077
-3124.2657570587
-3124.2656884788
-3124.2657801486
-3124.2657423068
-3124.2658241746
-3124.2657653754
-3124.2657815483
-3124.2657693191
-3124.2657911236
-3124.2657827969
-3124.2657479622
-3124.2657669819
-3124.2657603600
-3124.2657880469
-3124.2657387508
-3124.2657794893
-3124.2657944861
-3124.2657952440
-3124.2657639668
-3124.2657684533
-3124.2657525793
-3124.2657662303
-3124.2657956692
-3124.2657761818
-3124.2657723017
-3124.2657933698
-3124.2657294212
-3124.2657908678
-3124.2657664231
-3124.2657764832
-3124.2658048487
-3124.2657797345
-3124.2657482627
-3124.2657663645
-3124.2657954897
-3124.2657389576
-3124.2657482573
-3124.2657648960
-3124.2658004425
-3124.2657632786
-3124.2657331880
-3124.2657941398
-3124.2657810498
-3124.2657847177
-3124.2657613556
-3124.2657505448
-3124.2657399456
-3124.2657530036
-3124.2657491494
-3124.2657744741
-3124.2657303797
-3124.2657765370
-3124.2656981495
-3124.2657933839
-3124.2657761689
-3124.2657785517
-3124.2657903141
-3124.2658014596
-3124.2658001657
-3124.2658043548
-3124.2657831029
-3124.2657396074
-3124.2657623390
-3124.2657588175
-3124.2657840842
-3124.2657795166
-3124.2658026168
-3124.2657223190
-3124.2657743921
-3124.2657628026
-3124.2657622278
-3124.2657644531
-3124.2657274653
-3124.2657960799
-3124.2657215860
-3124.2657716573
-3124.2657190405
-3124.2657607796
-3124.2657683911
-3124.2657539244
-3124.2657570021
-3124.2658012277
-3124.2658097854
-3124.2657527771
-3124.2657219591
-3124.2657611716
-3124.2657697921
-3124.2657447143
-3124.2657316818
-3124.2657184468
-3124.2657893175
-3124.2657757661
-3124.2656937917
-3124.2657550750
-3124.2658082456
-3124.2657979038
-3124.2658144845
-3124.2657805293
-3124.2657389210
-3124.2657908860
-3124.2657535454
-3124.2657517748
-3124.2657502283
-3124.2657479205
-3124.2657863333
-3124.2658044872
-3124.2658051901
-3124.2657554935
-3124.2658029683
-3124.2657877085
-3124.2658041871
-3124.2658138197
-3124.2657570839
-3124.2657668934
-3124.2658005850
-3124.2657560034
-3124.2657716432
-3124.2657375350
-3124.2657486762
-3124.2657777624
-3124.2657500466
-3124.2657982182
-3124.2657767269
-3124.2657431970
-3124.2657507063
-3124.2657814467
-3124.2657804465
-3124.2657912744
-3124.2657657678
-3124.2657451331
-3124.2657961652
-3124.2657519783
-3124.2658051106
-3124.2657969664
-3124.2657606598
-3124.2657950452
-3124.2658027371
-3124.2657947602
-3124.2657151518
-3124.2656943299
-3124.2657740984
-3124.2657221216
-3124.2657675675
-3124.2657524069
-3124.2657466191
-3124.2657949782
-3124.2657564522
-3124.2657718616
-3124.2657393488
-3124.2657623991
-3124.2657646987
-3124.2657804438
-3124.2657920690
-3124.2657694296
-3124.2657928956
-3124.2658062420
-3124.2657964600
-3124.2657489041
-3124.2657937107
-3124.2657518754
-3124.2657850337
-3124.2657340259
-3124.2657934562
-3124.2657870865
-3124.2658180668
-3124.2657934881
-3124.2657787589
-3124.2657653723
-3124.2657639016
-3124.2657438144
-3124.2657788887
-3124.2657679212
-3124.2657787541
-3124.2657919934
-3124.2657138196
-3124.2657754410
-3124.2657786646
-3124.2658175639
-3124.2657867154
-3124.2657977242
-3124.2657660613
-3124.2657424329
-3124.2658014153
-3124.2657721085
-3124.2657820020
-3124.2657974910
-3124.2657288749
-3124.2657443470
-3124.2657650647
-3124.2657504599
-3124.2658050453
-3124.2657885772
-3124.2657609691
-3124.2657811075
-3124.2657763401
-3124.2658042008
-3124.2657729214
-3124.2658058377
-3124.2657461935
-3124.2657709526
-3124.2657790617
-3124.2657839458
-3124.2657794077
-3124.2657249014
-3124.2657736552
-3124.2657789881
-3124.2657291106
-3124.2657836995
-3124.2658092997
-3124.2657727490
-3124.2657368959
-3124.2658055649
-3124.2657749604
-3124.2657975337
-3124.2657965949
-3124.2658052212
-3124.2657460157
-3124.2658005058
-3124.2658088001
-3124.2657730791
-3124.2657318051
-3124.2657641821
-3124.2657579508
-3124.2657833621
-3124.2658028233
-3124.2657894385
-3124.2657809787
-3124.2657318649
-3124.2657800144
-3124.2657986058
-3124.2657403646
-3124.2658026578
-3124.2657500208
-3124.2657957204
-3124.2657319182
-3124.2657761542
-3124.2657927626
-3124.2657518230
-3124.2657824285
-3124.2657702268
-3124.2657522429
-3124.2657584812
-3124.2657746511
-3124.2657701908
-3124.2657914041
-3124.2657615378
-3124.2657983177
-3124.2657616513
-3124.2657501470
-3124.2657587691
-3124.2657707103
-3124.2657422327
-3124.2657600756
-3124.2657292878
-3124.2657489064
-3124.2657346480
-3124.2657090590
-3124.2657708103
-3124.2657611176
-3124.2658091811
-3124.2657370371
-3124.2657950071
-3124.2657864202
-3124.2657868001
-3124.2657646254
-3124.2658056656
-3124.2657667105
-3124.2657862207
-3124.2658142354
-3124.2657935709
-3124.2657677226
-3124.2657378121
-3124.2657396899
-3124.2657307290
-3124.2657779967
-3124.2657833130
-3124.2657568882
-3124.2657931437
-3124.2657725302
-3124.2657432000
-3124.2657507228
-3124.2658091785
-3124.2657448158
-3124.2657690914
-3124.2657770280
-3124.2657937161
-3124.2657824073
-3124.2658093460
-3124.2657831721
-3124.2657944958
-3124.2658056918
-3124.2657078402
-3124.2657666212
-3124.2657656901
-3124.2657648270
-3124.2657507647
-3124.2657714337
-3124.2657323166
-3124.2657280988
-3124.2657454286
-3124.2657465959
-3124.2657576022
-3124.2657743472
-3124.2657813289
-3124.2658104802
-3124.2657733172
-3124.2657852210
-3124.2658038163
-3124.2657569951
-3124.2657686953
-3124.2657516508
-3124.2657803469
-3124.2657518505
-3124.2657891179
-3124.2657754838
-3124.2657789210
-3124.2657656258
-3124.2657902454
-3124.2658083792
-3124.2657418453
-3124.2657797877
-3124.2657706426
-3124.2657898872
-3124.2657946979
-3124.2657565879
-3124.2657767821
-3124.2658189590
-3124.2657633743
-3124.2657708853
-3124.2657696054
-3124.2657940516
-3124.2657646010
-3124.2657413977
-3124.2657588671
-3124.2658054595
-3124.2657578164
-3124.2657571217
-3124.2657397570
-3124.2658044560
-3124.2657675824
-3124.2657984241
-3124.2658081195
-3124.2657896221
-3124.2657409137
-3124.2657476881
-3124.2657675288
-3124.2657567235
-3124.2657684902
-3124.2658078661
-3124.2657796969
-3124.2657810048
-3124.2657549691
-3124.2657693445
-3124.2657858764
-3124.2657558382
-3124.2657481938
-3124.2657706175
-3124.2657829110
-3124.2658017295
-3124.2657784874
-3124.2657766675
-3124.2657931745
-3124.2658107158
-3124.2657754170
-3124.2657891110
-3124.2657426615
-3124.2658021189
-3124.2657722410
-3124.2657816732
-3124.2657926507
-3124.2657997235
-3124.2657503389
-3124.2658046356
-3124.2658019419
-3124.2657739326
-3124.2657770904
-3124.2657759514
-3124.2657638433
-3124.2657622125
-3124.2657753373
-3124.2658022886
-3124.2657684850
-3124.2657794057
-3124.2658172657
-3124.2657838565
-3124.2657689733
-3124.2657497966
-3124.2658070030
-3124.2657840161
-3124.2657463881
-3124.2657394641
-3124.2658082780
-3124.2657569876
-3124.2657873911
-3124.2657883922
-3124.2657564985
-3124.2657816184
-3124.2657429376
-3124.2657772264
-3124.2657698837
-3124.2657779764
-3124.2657741769
-3124.2657950977
-3124.2657892112
-3124.2657663825
-3124.2657721959
-3124.2657910466
-3124.2657716538
-3124.2657798074
-3124.2657748006
-3124.2657735484
-3124.2657720044
-3124.2658002949
-3124.2658056284
-3124.2658060303
-3124.2658037495
-3124.2657928096
-3124.2657889682
-3124.2657434190
-3124.2657750296
-3124.2658026268
-3124.2657580197
-3124.2657679439
-3124.2657478488
-3124.2657855860
-3124.2658105758
-3124.2657438916
-3124.2657790809
-3124.2657666652
-3124.2657632631
-3124.2658078639
-3124.2657776996
-3124.2657623678
-3124.2657365886
-3124.2657714769
-3124.2657843047
-3124.2657888556
-3124.2657358213
-3124.2657912691
-3124.2656835026
-3124.2657823799
-3124.2657614769
-3124.2657395493
-3124.2658001399
-3124.2658216824
-3124.2657770231
-3124.2657985293
-3124.2657215909
-3124.2657427804
-3124.2657636706
-3124.2658081064
-3124.2657658423
-3124.2658002636
-3124.2657900104
-3124.2657068395
-3124.2657386220
-3124.2657610456
-3124.2657961292
-3124.2657673146
-3124.2657572495
-3124.2657630570
-3124.2657613443
-3124.2657705375
-3124.2657634760
-3124.2657933138
-3124.2657675356
-3124.2657331931
-3124.2657378863
-3124.2657631535
-3124.2657570538
-3124.2657612649
-3124.2657975314
-3124.2657896990
-3124.2657721843
-3124.2657476933
-3124.2657555638
-3124.2657844384
-3124.2657818522
-3124.2657465825
-3124.2658020221
-3124.2657336904
-3124.2657814092
-3124.2657921838
-3124.2657481721
-3124.2657824647
-3124.2657947409
-3124.2657839003
-3124.2657852754
-3124.2657940193
-3124.2657648519
-3124.2657727150
-3124.2657860460
-3124.2658037553
-3124.2657783477
-3124.2657053568
-3124.2658017451
-3124.2657802616
-3124.2657507551
-3124.2657830102
-3124.2657516810
-3124.2657562607
-3124.2657515148
-3124.2657823909
-3124.2657494419
-3124.2658148651
-3124.2657862852
-3124.2657627285
-3124.2657734198
-3124.2657434111
-3124.2657686348
-3124.2657996533
-3124.2657961241
-3124.2657533337
-3124.2657643331
-3124.2657682603
-3124.2657747001
-3124.2657721067
-3124.2657769933
-3124.2657403283
-3124.2657406347
-3124.2657411923
-3124.2657956005
-3124.2657809585
-3124.2657996870
-3124.2657801382
-3124.2657453947
-3124.2658017827
-3124.2657355611
-3124.2657963649
-3124.2657656388
-3124.2657246414
-3124.2657918276
-3124.2657909603
-3124.2658081341
-3124.2657785616
-3124.2657345641
-3124.2657532760
-3124.2657542657
-3124.2657481243
-3124.2658133419
-3124.2658198609
-3124.2657315393
-3124.2657790217
-3124.2658004069
-3124.2657782760
-3124.2657576201
-3124.2657373399
-3124.2657928825
-3124.2657657054
-3124.2657799528
-3124.2657870369
-3124.2657704121
-3124.2657838586
-3124.2657536123
-3124.2656991643
-3124.2657849848
-3124.2657733371
-3124.2658119975
-3124.2657621852
-3124.2657263689
-3124.2658005941
-3124.2657209604
-3124.2657679752
-3124.2657206587
-3124.2657953928
-3124.2657581580
-3124.2657656673
-3124.2657902075
-3124.2657824915
-3124.2657847420
-3124.2657549490
-3124.2657985405
-3124.2657765637
-3124.2657635865
-3124.2657737308
-3124.2657224116
-3124.2657421683
-3124.2658002447
-3124.2657904473
-3124.2657671298
-3124.2657588791
-3124.2657858286
-3124.2657846072
-3124.2657403340
-3124.2658003193
-3124.2657368388
-3124.2657725576
-3124.2657653561
-3124.2657908828
-3124.2657720406
-3124.2657987029
-3124.2657269211
-3124.2657607940
-3124.2657600090
-3124.2658118881
-3124.2657557268
-3124.2657847255
-3124.2658092905
-3124.2658101091
-3124.2658045303
-3124.2657689681
-3124.2657732022
-3124.2657759746
-3124.2657728760
-3124.2658024685
-3124.2657865629
-3124.2657860315
-3124.2658061148
-3124.2657886964
-3124.2658023074
-3124.2657554537
-3124.2657821702
-3124.2657716359
-3124.2658017545
-3124.2657855315
-3124.2658006965
-3124.2657747813
-3124.2658041024
-3124.2657707901
-3124.2657854562
-3124.2657473278
-3124.2657661277
-3124.2657706624
-3124.2657369183
-3124.2657777923
-3124.2657930765
-3124.2657423820
-3124.2657794599
-3124.2657890144
-3124.2657819753
-3124.2657118420
-3124.2658134284
-3124.2657876336
-3124.2658101102
-3124.2657878375
-3124.2658181644
-3124.2657903150
-3124.2657609493
-3124.2657380194
-3124.2657858225
-3124.2657239493
-3124.2657366289
-3124.2657475933
-3124.2657755268
-3124.2658085647
-3124.2657536813
-3124.2658052806
-3124.2657637539
-3124.2657829321
-3124.2657223494
-3124.2657476328
-3124.2657881434
-3124.2657795332
-3124.2657548592
-3124.2657701421
-3124.2657435618
-3124.2657835823
-3124.2657912462
-3124.2657783404
-3124.2657773830
-3124.2657219981
-3124.2657878730
-3124.2657440618
-3124.2657836355
-3124.2657725277
-3124.2657534897
-3124.2658042472
-3124.2657515838
-3124.2657462926
-3124.2657852564
-3124.2657195200
-3124.2657727262
-3124.2657628696
-3124.2657626811
-3124.2657667417
-3124.2657500866
-3124.2657472657
-3124.2657969390
-3124.2657370226
-3124.2657776818
-3124.2657854286
-3124.2658013406
-3124.2658102013
-3124.2657938624
-3124.2657118451
-3124.2657762140
-3124.2657864005
-3124.2657467246
-3124.2657897781
-3124.2657596556
-3124.2657828902
-3124.2657531531
-3124.2657905745
-3124.2657919292
-3124.2657450814
-3124.2657588241
-3124.2657650821
-3124.2657742302
-3124.2657808684
-3124.2658013386
-3124.2657708053
-3124.2657006458
-3124.2657904223
-3124.2657949849
-3124.2657495997
-3124.2657769970
-3124.2658019343
-3124.2657467376
-3124.2657636333
-3124.2657859341
-3124.2657830224
-3124.2658032089
-3124.2657808374
-3124.2658058852
-3124.2658077555
-3124.2657776886
-3124.2657686813
-3124.2657891095
-3124.2657292492
-3124.2657377505
-3124.2657810589
-3124.2657641775
-3124.2657947932
-3124.2657363485
-3124.2657922004
-3124.2657647150
-3124.2657609643
-3124.2657818175
-3124.2657650932
-3124.2657694756
-3124.2657781255
-3124.2657678841
-3124.2657931909
-3124.2657934947
-3124.2657228741
-3124.2657548382
-3124.2657713370
-3124.2657933410
-3124.2657857966
-3124.2657606490
-3124.2657148692
-3124.2657601510
-3124.2657906582
-3124.2657981333
-3124.2657653247
-3124.2657524456
-3124.2657886701
-3124.2657832528
-3124.2657366930
-3124.2658049254
-3124.2658088130
-3124.2657368060
-3124.2657432465
-3124.2657569377
-3124.2658016590
-3124.2657991340
-3124.2657911924
-3124.2658044754
-3124.2657745878
-3124.2657649067
-3124.2657514831
-3124.2657571344
-3124.2657728045
-3124.2657841581
-3124.2657860560
-3124.2657980270
-3124.2657919673
-3124.2657594023
-3124.2657824212
-3124.2658028780
-3124.2657708878
-3124.2657711786
-3124.2657474647
-3124.2657352051
-3124.2657797934
-3124.2657280887
-3124.2657467944
-3124.2656830811
-3124.2658002565
-3124.2657803615
-3124.2657758493
-3124.2657878310
-3124.2657875367
-3124.2657819193
-3124.2657325932
-3124.2657957697
-3124.2658011625
-3124.2657599013
-3124.2657480620
-3124.2657646244
-3124.2657620633
-3124.2657915811
-3124.2657427199
-3124.2657460095
-3124.2657921729
-3124.2657188032
-3124.2657764052
-3124.2657838469
-3124.2657697380
-3124.2657552532
-3124.2657503687
-3124.2657808628
-3124.2657065043
-3124.2657752225
-3124.2657888784
-3124.2657637294
-3124.2657585511
-3124.2657749823
-3124.2657850927
-3124.2657880675
-3124.2657903917
-3124.2657886557
-3124.2657585669
-3124.2657795104
-3124.2657833615
-3124.2657871547
-3124.2657422420
-3124.2657612198
-3124.2657557375
-3124.2657871123
-3124.2657975616
-3124.2657645276
-3124.2657837269
-3124.2657665113
-3124.2657929179
-3124.2657921104
-3124.2657500187
-3124.2657880946
-3124.2657345851
-3124.2657997800
-3124.2657563085
-3124.2657563103
-3124.2657757279
-3124.2657505194
-3124.2657426394
-3124.2657901030
-3124.2658009206
-3124.2657784877
-3124.2657702131
-3124.2657647124
-3124.2657948516
-3124.2657750632
-3124.2657615094
-3124.2657392690
-3124.2657681028
-3124.2657424665
-3124.2657419400
-3124.2657985688
-3124.2657890728
-3124.2657584634
-3124.2657728938
-3124.2657108099
-3124.2657613452
-3124.2657865785
-3124.2657902382
-3124.2657662130
-3124.2657841397
-3124.2657475596
-3124.2657457546
-3124.2658029488
-3124.2657424975
-3124.2658039723
-3124.2657574749
-3124.2657544541
-3124.2657591244
-3124.2657967696
-3124.2657853753
-3124.2657823579
-3124.2657865771
-3124.2657749052
-3124.2657616229
-3124.2657706620
-3124.2657403311
-3124.2657824441
-3124.2657802283
-3124.2658028984
-3124.2657889857
-3124.2657559578
-3124.2658052290
-3124.2657313633
-3124.2657616393
-3124.2657853484
-3124.2657790056
-3124.2657648386
-3124.2657561381
-3124.2658221206
-3124.2657699318
-3124.2658035751
-3124.2657771269
-3124.2657385939
-3124.2657721264
-3124.2657865906
-3124.2657341590
-3124.2657799302
-3124.2657580212
-3124.2657727270
-3124.2658061515
-3124.2657571975
-3124.2657577745
-3124.2657870695
-3124.2657976986
-3124.2657190000
-3124.2657318536
-3124.2657866703
-3124.2657432883
-3124.2658112958
-3124.2658055345
-3124.2657258872
-3124.2658150197
-3124.2656592558
-3124.2657766947
-3124.2657837025
-3124.2658142859
-3124.2657740947
-3124.2658088591
-3124.2657735167
-3124.2657996206
-3124.2657921898
-3124.2657493538
-3124.2657671076
-3124.2657890984
-3124.2657470170
-3124.2657574922
-3124.2657794662
-3124.2657912433
-3124.2657604259
-3124.2658216962
-3124.2657371647
-3124.2657912295
-3124.2657879469
-3124.2657726542
-3124.2657355470
-3124.2657872180
-3124.2657505232
-3124.2657937985
-3124.2657896449
-3124.2657657205
-3124.2657547655
-3124.2657611044
-3124.2657282753
-3124.2657808286
-3124.2657615503
-3124.2657865906
-3124.2657893645
-3124.2657995545
-3124.2657766030
-3124.2657545985
-3124.2657685372
-3124.2657328551
-3124.2657959104
-3124.2658027464
-3124.2658048426
-3124.2658009748
-3124.2657814569
-3124.2657628263
-3124.2657779109
-3124.2657695194
-3124.2657788531
-3124.2657194908
-3124.2657982311
-3124.2657765810
-3124.2657917649
-3124.2657646699
-3124.2657697573
-3124.2657372699
-3124.2658056617
-3124.2657836947
-3124.2657787622
-3124.2657677872
-3124.2657982897
-3124.2657702814
-3124.2658042147
-3124.2657332923
-3124.2657592706
-3124.2657710144
-3124.2657467767
-3124.2657899382
-3124.2657447782
-3124.2657405023
-3124.2658160043
-3124.2658104896
-3124.2657801279
-3124.2657676958
-3124.2657796416
-3124.2657768861
-3124.2657759329
-3124.2657820309
-3124.2657233731
-3124.2657530730
-3124.2657183737
-3124.2657855742
-3124.2657617355
-3124.2657208052
-3124.2657632552
-3124.2657388088
-3124.2657742770
-3124.2657683624
-3124.2658008055
-3124.2657867190
-3124.2658068826
-3124.2657482066
-3124.2657501522
-3124.2657705141
-3124.2658131591
-3124.2657438542
-3124.2657790225
-3124.2658042914
-3124.2657905654
-3124.2658014190
-3124.2657645781
-3124.2657527630
-3124.2657985308
-3124.2657731911
-3124.2657893472
-3124.2657578736
-3124.2657746742
-3124.2657934361
-3124.2658046745
-3124.2657583124
-3124.2657897277
-3124.2657554051
-3124.2658032481
-3124.2657861502
-3124.2657953361
-3124.2657674225
-3124.2657899506
-3124.2657759187
-3124.2658023333
-3124.2658002203
-3124.2657385846
-3124.2657656949
-3124.2657450720
-3124.2657946994
-3124.2657451744
-3124.2657793997
-3124.2657607389
-3124.2658025544
-3124.2658102846
-3124.2657465977
-3124.2657725409
-3124.2657606540
-3124.2657614970
-3124.2657778243
-3124.2657821080
-3124.2657535224
-3124.2657424856
-3124.2657748946
-3124.2657942312
-3124.2657825068
-3124.2657624249
-3124.2657847273
-3124.2657946814
-3124.2657616777
-3124.2657660115
-3124.2657211012
-3124.2657597354
-3124.2657731795
-3124.2657742239
-3124.2657829901
-3124.2657299873
-3124.2657719158
-3124.2657463970
-3124.2657396800
-3124.2657919055
-3124.2657954944
-3124.2658036969
-3124.2657963147
-3124.2657607166
-3124.2657343683
-3124.2657205446
-3124.2657289254
-3124.2657807507
-3124.2657915430
-3124.2657668746
-3124.2657322586
-3124.2657913569
-3124.2657714068
-3124.2657662790
-3124.2658140521
-3124.2657905175
-3124.2657707205
-3124.2657822905
-3124.2657519476
-3124.2657865798
-3124.2658126306
-3124.2657574523
-3124.2657749297
-3124.2657248350
-3124.2657735830
-3124.2657676601
-3124.2657653196
-3124.2657346195
-3124.2657827879
-3124.2657616277
-3124.2658063327
-3124.2657633705
-3124.2658055748
-3124.2657812198
-3124.2657407604
-3124.2657643177
-3124.2657858291
-3124.2657964210
-3124.2657409425
-3124.2657739395
-3124.2657606133
-3124.2658123659
-3124.2657641508
-3124.2658021208
-3124.2657551507
-3124.2657996661
-3124.2657483922
-3124.2657536147
-3124.2657665820
-3124.2657495228
-3124.2657228887
-3124.2657931025
-3124.2657871128
-3124.2657940293
-3124.2657477797
-3124.2657823230
-3124.2657560257
-3124.2657722194
-3124.2657356452
-3124.2657812910
-3124.2657146846
-3124.2658014170
-3124.2657232694
-3124.2657666301
-3124.2657523278
-3124.2658187853
-3124.2657680956
-3124.2657833070
-3124.2657951685
-3124.2657842867
-3124.2657608037
-3124.2657583698
-3124.2657722952
-3124.2657825463
-3124.2657816937
-3124.2657606377
-3124.2657272316
-3124.2657547063
-3124.2657993355
-3124.2657942185
-3124.2657634408
-3124.2657828703
-3124.2657417368
-3124.2657943810
-3124.2657896073
-3124.2657490084
-3124.2658144211
-3124.2657598030
-3124.2657847440
-3124.2657587386
-3124.2657659703
-3124.2657804460
-3124.2657909641
-3124.2657951972
-3124.2658047065
-3124.2658031226
-3124.2657523514
-3124.2657795216
-3124.2657298559
-3124.2657645571
-3124.2657518726
-3124.2657532874
-3124.2657896477
-3124.2657749853
-3124.2657877847
-3124.2657649867
-3124.2657719288
-3124.2657813472
-3124.2657682220
-3124.2657279052
-3124.2657986730
-3124.2658147108
-3124.2657957159
-3124.2657877072
-3124.2657517956
-3124.2657906261
-3124.2658157320
-3124.2657594113
-3124.2657732451
-3124.2657747862
-3124.2657779168
-3124.2657410856
-3124.2657621873
-3124.2657410955
-3124.2657672458
-3124.2657702618
-3124.2657722914
-3124.2657957598
-3124.2657821524
-3124.2657763793
-3124.2657870637
-3124.2657836952
-3124.2657820493
-3124.2657897338
-3124.2657795564
-3124.2657890489
-3124.2657594905
-3124.2657704148
-3124.2658032035
-3124.2658119941
-3124.2657715272
-3124.2657876760
-3124.2657978651
-3124.2657865189
-3124.2657893373
-3124.2657983298
-3124.2657221403
-3124.2657648490
-3124.2657449465
-3124.2657742009
-3124.2657442940
-3124.2657849155
-3124.2657659200
-3124.2657735941
-3124.2657664643
-3124.2657678272
-3124.2657381377
-3124.2657845077
-3124.2657814484
-3124.2657959191
-3124.2657996919
-3124.2657488248
-3124.2657490514
-3124.2657580862
-3124.2657136787
-3124.2657512044
-3124.2657401292
-3124.2657862597
-3124.2657996863
-3124.2657977261
-3124.2657311003
-3124.2657438084
-3124.2657550177
-3124.2657963825
-3124.2657869905
-3124.2657758109
-3124.2657750949
-3124.2657990448
-3124.2657318262
-3124.2657784318
-3124.2657562875
-3124.2657753356
-3124.2657796296
-3124.2657377529
-3124.2657920833
-3124.2657707033
-3124.2657398871
-3124.2658099374
-3124.2657755387
-3124.2657954644
-3124.2657763657
-3124.2657843200
-3124.2657998595
-3124.2657642052
-3124.2657719260
-3124.2657857474
-3124.2657392524
-3124.2657530850
-3124.2657884511
-3124.2657358055
-3124.2657098532
-3124.2657723855
-3124.2657714797
-3124.2657843487
-3124.2657493706
-3124.2658152902
-3124.2657439520
-3124.2657726303
-3124.2657661011
-3124.2657797777
-3124.2657760637
-3124.2657442135
-3124.2657734727
-3124.2658151591
-3124.2657930959
-3124.2657875032
-3124.2658028508
-3124.2657848837
-3124.2657702738
-3124.2657836334
-3124.2657728575
-3124.2657969237
-3124.2657494632
-3124.2658112026
-3124.2657404871
-3124.2657974038
-3124.2657702519
-3124.2657782663
-3124.2657877609
-3124.2657874212
-3124.2657715932
-3124.2657906561
-3124.2657357809
-3124.2657675979
-3124.2658045625
-3124.2657583521
-3124.2657741369
-3124.2657559029
-3124.2657687671
-3124.2658025333
-3124.2658048459
-3124.2657838158
-3124.2657332230
-3124.2657962569
-3124.2657828188
-3124.2657843767
-3124.2657521406
-3124.2657519310
-3124.2657909761
-3124.2657664592
-3124.2657605469
-3124.2657639848
-3124.2657816370
-3124.2657929994
-3124.2657726885
-3124.2658152717
-3124.2657413511
-3124.2657475246
-3124.2657320003
-3124.2658000186
-3124.2657133184
-3124.2657975422
-3124.2658018870
-3124.2657554694
-3124.2658161310
-3124.2657485706
-3124.2657536762
-3124.2657249513
-3124.2657691577
-3124.2657715836
-3124.2657710291
-3124.2657994472
-3124.2657337015
-3124.2657874411
-3124.2658031896
-3124.2657838371
-3124.2657731773
-3124.2657835718
-3124.2657560600
-3124.2657629750
-3124.2657670672
-3124.2657350979
-3124.2657802279
-3124.2657697737
-3124.2657942209
-3124.2657533631
-3124.2657863092
-3124.2657386489
-3124.2657757269
-3124.2657908393
-3124.2657887780
-3124.2658027477
-3124.2657783699
-3124.2657841820
-3124.2657640351
-3124.2657987429
-3124.2657946148
-3124.2657463163
-3124.2657511562
-3124.2658065241
-3124.2657968948
-3124.2657379391
-3124.2657773139
-3124.2657718288
-3124.2658000297
-3124.2658000827
-3124.2657806740
-3124.2657817324
-3124.2657974079
-3124.2657755228
-3124.2657913303
-3124.2657900096
-3124.2658090460
-3124.2657733854
-3124.2657526002
-3124.2658013213
-3124.2657779544
-3124.2657397539
-3124.2657679932
-3124.2657311027
-3124.2657818041
-3124.2657578717
-3124.2658001458
-3124.2657436457
-3124.2657401889
-3124.2657806218
-3124.2657754884
-3124.2657901304
-3124.2657441945
-3124.2657820286
-3124.2657569197
-3124.2657344796
-3124.2657696761
-3124.2657857029
-3124.2657428993
-3124.2657426359
-3124.2657599907
-3124.2657893550
-3124.2658047761
-3124.2657835057
-3124.2657402027
-3124.2657729292
-3124.2657681633
-3124.2657687117
-3124.2658040889
-3124.2657834378
-3124.2657625450
-3124.2657492495
-3124.2657856134
-3124.2658067144
-3124.2657487353
-3124.2658004681
-3124.2657901261
-3124.2657470536
-3124.2657786506
-3124.2657353545
-3124.2657922556
-3124.2657716194
-3124.2658132715
-3124.2657989661
-3124.2657908375
-3124.2657939864
-3124.2657886541
-3124.2657876726
-3124.2657973652
-3124.2657824776
-3124.2658210712
-3124.2657397610
-3124.2657736856
-3124.2657524686
-3124.2657655863
-3124.2657035859
-3124.2657900761
-3124.2658071696
-3124.2657687667
-3124.2657713115
-3124.2657956087
-3124.2657976814
-3124.2657960935
-3124.2657907503
-3124.2657974582
-3124.2657377485
-3124.2657329885
-3124.2657453933
-3124.2657533157
-3124.2657702402
-3124.2658005693
-3124.2657441736
-3124.2657822355
-3124.2657919529
-3124.2658088353
-3124.2657478411
-3124.2657437303
-3124.2657676799
-3124.2657734016
-3124.2657127140
-3124.2657418331
-3124.2657717767
-3124.2657425104
-3124.2657756071
-3124.2657734987
-3124.2658103298
-3124.2657278873
-3124.2657291788
-3124.2657741765
-3124.2657845127
-3124.2657448098
-3124.2657869654
-3124.2658079958
-3124.2657424797
-3124.2657885914
-3124.2657400970
-3124.2657774099
-3124.2657762429
-3124.2657402925
-3124.2657779222
-3124.2657956633
-3124.2656971925
-3124.2657596802
-3124.2657636031
-3124.2657231128
-3124.2657588043
-3124.2657904370
-3124.2657648998
-3124.2657453052
-3124.2657675454
-3124.2657322711
-3124.2657946516
-3124.2657750331
-3124.2657757297
-3124.2657833401
-3124.2657863224
-3124.2657687285
-3124.2657934810
-3124.2657774574
-3124.2657543234
-3124.2657894917
-3124.2656835250
-3124.2657839638
-3124.2657237121
-3124.2657769975
-3124.2657677549
-3124.2657783040
-3124.2657401939
-3124.2658048773
-3124.2657632166
-3124.2657305406
-3124.2657717560
-3124.2657963936
-3124.2657731264
-3124.2657294169
-3124.2657559790
-3124.2657683167
-3124.2657162118
-3124.2658069369
-3124.2657796735
-3124.2658114884
-3124.2657679149
-3124.2657654647
-3124.2657806254
-3124.2657919895
-3124.2658001956
-3124.2657586910
-3124.2657481579
-3124.2657284498
-3124.2657625448
-3124.2657715889
-3124.2657966815
-3124.2657747426
-3124.2657479455
-3124.2657797918
-3124.2657809239
-3124.2657805923
-3124.2657843173
-3124.2657562871
-3124.2657904916
-3124.2657896983
-3124.2658087973
-3124.2657747008
-3124.2657568358
-3124.2657750520
-3124.2657665038
-3124.2657797193
-3124.2657916362
-3124.2657833472
-3124.2657788232
-3124.2657755043
-3124.2657921872
-3124.2658047227
-3124.2657969392
-3124.2657274724
-3124.2657770966
-3124.2657738783
-3124.2658087493
-3124.2657259828
-3124.2657428442
-3124.2658002325
-3124.2657791952
-3124.2657821800
-3124.2658034244
-3124.2657679325
-3124.2657923682
-3124.2657959847
-3124.2657757837
-3124.2658050348
-3124.2657287770
-3124.2658113673
-3124.2657893061
-3124.2657998068
-3124.2658113442
-3124.2657832739
-3124.2658022807
-3124.2657399146
-3124.2657726416
-3124.2658002748
-3124.2657604900
-3124.2657761946
-3124.2657477044
-3124.2657652547
-3124.2657021092
-3124.2657701135
-3124.2657902770
-3124.2657389653
-3124.2657676630
-3124.2656924300
-3124.2657832013
-3124.2657885980
-3124.2657527073
-3124.2657293723
-3124.2658091670
-3124.2657496999
-3124.2657797155
-3124.2657614838
-3124.2658034223
-3124.2657869535
-3124.2657081041
-3124.2657837400
-3124.2657918443
-3124.2658060481
-3124.2657284254
-3124.2657598889
-3124.2657545871
-3124.2657728049
-3124.2657520281
-3124.2657874179
-3124.2657559343
-3124.2657790294
-3124.2657515707
-3124.2657932351
-3124.2657815418
-3124.2658131026
-3124.2657536057
-3124.2657813444
-3124.2657942820
-3124.2658048834
-3124.2657686054
-3124.2657485768
-3124.2657689473
-3124.2657605562
-3124.2657909264
-3124.2657516010
-3124.2657526823
-3124.2657985876
-3124.2657547425
-3124.2657895477
-3124.2657630894
-3124.2657815467
-3124.2657573245
-3124.2657535444
-3124.2657729217
-3124.2656560533
-3124.2657524727
-3124.2657885909
-3124.2657853934
-3124.2658022845
-3124.2657851289
-3124.2658126959
-3124.2658038127
-3124.2657444096
-3124.2657286146
-3124.2657464431
-3124.2657909593
-3124.2657814394
-3124.2657335325
-3124.2657594713
-3124.2657703124
-3124.2657608713
-3124.2657763277
-3124.2657997259
-3124.2657680044
-3124.2657102752
-3124.2657763286
-3124.2657454758
-3124.2658018644
-3124.2657895335
-3124.2657776560
-3124.2657830426
-3124.2657565555
-3124.2657964658
-3124.2657656494
-3124.2657080357
-3124.2657222837
-3124.2657918451
-3124.2657604495
-3124.2657871108
-3124.2657355317
-3124.2658020801
-3124.2657519853
-3124.2657473268
-3124.2657935902
-3124.2657543058
-3124.2658042311
-3124.2657929156
-3124.2657975729
-3124.2657959816
-3124.2657832236
-3124.2657928850
-3124.2657763546
-3124.2657537512
-3124.2657322018
-3124.2657758239
-3124.2657150742
-3124.2657934580
-3124.2657612018
-3124.2657644992
-3124.2657487426
-3124.2657968751
-3124.2657891562
-3124.2657635546
-3124.2658153663
-3124.2657758977
-3124.2657754913
-3124.2657986019
-3124.2657619743
-3124.2657965519
-3124.2657754036
-3124.2657996799
-3124.2658086009
-3124.2657449144
-3124.2657911384
-3124.2657846064
-3124.2657974651
-3124.2657865132
-3124.2657630500
-3124.2657365097
-3124.2657586731
-3124.2657793995
-3124.2657905929
-3124.2657560559
-3124.2657678506
-3124.2657959368
-3124.2657916503
-3124.2657794449
-3124.2657865677
-3124.2657890462
-3124.2657923696
-3124.2658014358
-3124.2657418961
-3124.2657368239
-3124.2657903852
-3124.2657733537
-3124.2657579087
-3124.2657580076
-3124.2657475347
-3124.2657679281
-3124.2657616651
-3124.2657310074
-3124.2657717072
-3124.2657968391
-3124.2657464780
-3124.2657744070
-3124.2657873254
-3124.2657659641
-3124.2657914661
-3124.2657780790
-3124.2657625212
-3124.2657393149
-3124.2657436605
-3124.2657651090
-3124.2657586856
-3124.2657967488
-3124.2658049324
-3124.2657746148
-3124.2658091036
-3124.2657438809
-3124.2657546332
-3124.2658007535
-3124.2657781443
-3124.2657931788
-3124.2657829947
-3124.2657055190
-3124.2658029450
-3124.2657133961
-3124.2657768115
-3124.2657845440
-3124.2657637877
-3124.2657900339
-3124.2657898565
-3124.2658036867
-3124.2657496273
-3124.2657616370
-3124.2657716477
-3124.2657753359
-3124.2657977071
-3124.2657608720
-3124.2657986218
-3124.2657782893
-3124.2657515913
-3124.2658089060
-3124.2658028239
-3124.2657616227
-3124.2658026606
-3124.2657960485
-3124.2657375867
-3124.2658044934
-3124.2657999574
-3124.2657789271
-3124.2657734222
-3124.2657724106
-3124.2658065141
-3124.2657649455
-3124.2657901383
-3124.2657963383
-3124.2657976253
-3124.2657645950
-3124.2657809702
-3124.2658003026
-3124.2657751050
-3124.2657828328
-3124.2658074691
-3124.2657816676
-3124.2657362608
-3124.2657962869
-3124.2657494722
-3124.2657532307
-3124.2657651855
-3124.2657468538
-3124.2657928939
-3124.2657408058
-3124.2657550930
-3124.2657756484
-3124.2657849875
-3124.2657925076
-3124.2656904407
-3124.2657716396
-3124.2657725397
-3124.2657859921
-3124.2657606191
-3124.2657820302
-3124.2658026581
-3124.2657319789
-3124.2657914650
-3124.2657778282
-3124.2657804902
-3124.2657939994
-3124.2657697585
-3124.2657559859
-3124.2658040412
-3124.2657982114
-3124.2657107966
-3124.2657611287
-3124.2657891732
-3124.2657781194
-3124.2657994453
-3124.2657860767
-3124.2657888969
-3124.2657877299
-3124.2658107200
-3124.2657997767
-3124.2657938151
-3124.2657840826
-3124.2657720180
-3124.2657230217
-3124.2657175814
-3124.2658160202
-3124.2657174524
-3124.2657525725
-3124.2657519646
-3124.2657980219
-3124.2657631866
-3124.2657407274
-3124.2657862488
-3124.2657819306
-3124.2658002999
-3124.2657480277
-3124.2657920527
-3124.2657614517
-3124.2658051765
-3124.2657449606
-3124.2657668531
-3124.2657996439
-3124.2657338900
-3124.2657769964
-3124.2658120177
-3124.2658135000
-3124.2657548648
-3124.2657927396
-3124.2658069977
-3124.2657676348
-3124.2657661280
-3124.2657604562
-3124.2657745200
-3124.2657495755
-3124.2657821788
-3124.2657838164
-3124.2657945960
-3124.2657572742
-3124.2657403194
-3124.2657774870
-3124.2658063063
-3124.2657898062
-3124.2657866218
-3124.2657584685
-3124.2657791047
-3124.2657644448
-3124.2657983368
-3124.2657940032
-3124.2657886907
-3124.2657428860
-3124.2657586866
-3124.2657400552
-3124.2657943912
-3124.2657805161
-3124.2657628539
-3124.2657358171
-3124.2657918805
-3124.2657956671
-3124.2657649874
-3124.2657661197
-3124.2657773407
-3124.2657999208
-3124.2658050278
-3124.2657874953
-3124.2657165484
-3124.2657762223
-3124.2657858369
-3124.2657908723
-3124.2657792376
-3124.2657655181
-3124.2658228824
-3124.2657414630
-3124.2657052380
-3124.2657383983
-3124.2657261295
-3124.2657578669
-3124.2657848893
-3124.2657020985
-3124.2657901685
-3124.2657642604
-3124.2657616170
-3124.2657680512
-3124.2658088825
-3124.2657964949
-3124.2658098196
-3124.2657644547
-3124.2658012824
-3124.2657856417
-3124.2657863167
-3124.2657351041
-3124.2657534367
-3124.2657419761
-3124.2657681856
-3124.2658053549
-3124.2657725611
-3124.2657724114
-3124.2657934534
-3124.2657458550
-3124.2657794338
-3124.2657301781
-3124.2657890302
-3124.2657937670
-3124.2656980835
-3124.2657369908
-3124.2657961362
-3124.2657729555
-3124.2657985658
-3124.2657744994
-3124.2657217167
-3124.2657941769
-3124.2657745396
-3124.2657777327
-3124.2657658415
-3124.2657718534
-3124.2657880584
-3124.2657929454
-3124.2657704703
-3124.2657647330
-3124.2658031019
-3124.2657720125
-3124.2657924442
-3124.2657820645
-3124.2657125650
-3124.2657336152
-3124.2657427220
-3124.2657813044
-3124.2657630849
-3124.2657618630
-3124.2657312792
-3124.2657614173
-3124.2657807584
-3124.2657837884
-3124.2657494693
-3124.2657762831
-3124.2657602774
-3124.2657918954
-3124.2657103244
-3124.2657452464
-3124.2657767496
-3124.2657332090
-3124.2657627317
-3124.2657675787
-3124.2657733173
-3124.2657793995
-3124.2657534902
-3124.2657348543
-3124.2657777077
-3124.2657749429
-3124.2658065263
-3124.2657917075
-3124.2657891073
-3124.2658016321
-3124.2657863973
-3124.2657856379
-3124.2657803077
-3124.2657608929
-3124.2657945420
-3124.2657993661
-3124.2657814701
-3124.2657479160
-3124.2657939193
-3124.2657738133
-3124.2657430374
-3124.2657973057
-3124.2657588513
-3124.2657851144
-3124.2657631526
-3124.2656947591
-3124.2657532696
-3124.2657550630
-3124.2658113045
-3124.2657722763
-3124.2657487470
-3124.2657819706
-3124.2657775357
-3124.2657867007
-3124.2657640543
-3124.2657742993
-3124.2657622695
-3124.2657468533
-3124.2657746366
-3124.2657680866
-3124.2657476555
-3124.2657613742
-3124.2658049845
-3124.2657528575
-3124.2657676995
-3124.2657221564
-3124.2657886664
-3124.2657790023
-3124.2657785909
-3124.2657634333
-3124.2657794368
-3124.2657609257
-3124.2657704836
-3124.2657716138
-3124.2657606646
-3124.2657675326
-3124.2657373177
-3124.2657878691
-3124.2657455125
-3124.2658120603
-3124.2657885175
-3124.2657831362
-3124.2657762715
-3124.2657602517
-3124.2657682914
-3124.2657392238
-3124.2657405813
-3124.2657883714
-3124.2657940295
-3124.2657488838
-3124.2657880525
-3124.2658046215
-3124.2657607194
-3124.2657678055
-3124.2657774240
-3124.2657325653
-3124.2657728642
-3124.2657525432
-3124.2657879142
-3124.2657601740
-3124.2657457109
-3124.2657046443
-3124.2657309614
-3124.2657536086
-3124.2657831996
-3124.2657588982
-3124.2657949176
-3124.2657604971
-3124.2657674270
-3124.2658062328
-3124.2657455807
-3124.2657771139
-3124.2657445022
-3124.2657922719
-3124.2657522697
-3124.2657857671
-3124.2657559841
-3124.2657715875
-3124.2657673180
-3124.2658046683
-3124.2657677049
-3124.2657120100
-3124.2657752964
-3124.2657752652
-3124.2657838305
-3124.2657695392
-3124.2657486171
-3124.2657737238
-3124.2657940530
-3124.2657959177
-3124.2657912423
-3124.2657861961
-3124.2657810124
-3124.2657717862
-3124.2657336491
-3124.2657682633
-3124.2657373030
-3124.2657834451
-3124.2657621080
-3124.2657831893
-3124.2657754089
-3124.2657650349
-3124.2657797337
-3124.2657996474
-3124.2657890942
-3124.2657477592
-3124.2657450604
-3124.2657841445
-3124.2657406725
-3124.2657347395
-3124.2657956724
-3124.2657363563
-3124.2657864143
-3124.2657843713
-3124.2657516213
-3124.2657897558
-3124.2657816572
-3124.2656988230
-3124.2658184046
-3124.2657498153
-3124.2657350789
-3124.2657158635
-3124.2657387829
-3124.2658050178
-3124.2657811203
-3124.2657216297
-3124.2657322889
-3124.2657356325
-3124.2658050314
-3124.2657509623
-3124.2657669945
-3124.2657514463
-3124.2657593660
-3124.2657820886
-3124.2657404853
-3124.2657502165
-3124.2657721390
-3124.2657898681
-3124.2657484236
-3124.2658130473
-3124.2657473946
-3124.2657882423
-3124.2657073496
-3124.2657928844
-3124.2657882449
-3124.2657449643
-3124.2657302525
-3124.2657969236
-3124.2657935608
-3124.2657931164
-3124.2658045860
-3124.2657922186
-3124.2657671385
-3124.2657765382
-3124.2657615871
-3124.2657715374
-3124.2657626118
-3124.2657358331
-3124.2657523222
-3124.2657737969
-3124.2657973622
-3124.2657526324
-3124.2658074641
-3124.2657877090
-3124.2657757165
-3124.2657957586
-3124.2657671047
-3124.2657697867
-3124.2657906684
-3124.2658047566
-3124.2658091435
-3124.2658047279
-3124.2658106004
-3124.2657842941
-3124.2657873496
-3124.2658077395
-3124.2657822600
-3124.2657445211
-3124.2658128575
-3124.2657342369
-3124.2657624121
-3124.2657492404
-3124.2657278711
-3124.2657608627
-3124.2657578374
-3124.2657420743
-3124.2657424628
-3124.2656845965
-3124.2657827922
-3124.2657990601
-3124.2657853558
-3124.2657298004
-3124.2658020949
-3124.2657848218
-3124.2657724242
-3124.2657667710
-3124.2658167776
-3124.2657774984
-3124.2657397945
-3124.2657619002
-3124.2657409875
-3124.2658039927
-3124.2656974008
-3124.2657470706
-3124.2657874898
-3124.2657984410
-3124.2657791291
-3124.2657701689
-3124.2657762461
-3124.2657406512
-3124.2658132144
-3124.2657417264
-3124.2658070053
-3124.2657807553
-3124.2657699052
-3124.2657797201
-3124.2658081064
-3124.2657883605
-3124.2657587641
-3124.2657418978
-3124.2657170845
-3124.2657948767
-3124.2657543517
-3124.2657590874
-3124.2657572265
-3124.2657581004
-3124.2657793015
-3124.2657588108
-3124.2657077260
-3124.2657901000
-3124.2657526529
-3124.2657328544
-3124.2657240992
-3124.2657872452
-3124.2657924522
-3124.2657791423
-3124.2657563278
-3124.2658017003
-3124.2658063451
-3124.2657256281
-3124.2657904434
-3124.2657970477
-3124.2657878653
-3124.2657775046
-3124.2657537257
-3124.2657714081
-3124.2657478198
-3124.2657261668
-3124.2658149818
-3124.2657562484
-3124.2657914935
-3124.2658231110
-3124.2658097680
-3124.2658145648
-3124.2657907139
-3124.2657908003
-3124.2657723381
-3124.2657969770
-3124.2657410479
-3124.2657961788
-3124.2657840969
-3124.2657636807
-3124.2657940367
-3124.2657463326
-3124.2658219932
-3124.2657331154
-3124.2657960476
-3124.2657682462
-3124.2657758722
-3124.2657723483
-3124.2657179901
-3124.2656774996
-3124.2657261820
-3124.2657847280
-3124.2657758901
-3124.2657418043
-3124.2657680548
-3124.2657878967
-3124.2657725166
-3124.2657744531
-3124.2657718041
-3124.2657740009
-3124.2657551364
-3124.2657615103
-3124.2657341453
-3124.2657676275
-3124.2657989853
-3124.2657608564
-3124.2657820451
-3124.2657926885
-3124.2657972896
-3124.2657820434
-3124.2657343333
-3124.2657895080
-3124.2657740361
-3124.2657672676
-3124.2657473720
-3124.2657650599
-3124.2657839505
-3124.2658104484
-3124.2658129558
-3124.2657618742
-3124.2657594238
-3124.2657775781
-3124.2658068849
-3124.2657378408
-3124.2657603450
-3124.2657438893
-3124.2657500080
-3124.2657370053
-3124.2657403530
-3124.2657728781
-3124.2657809666
-3124.2657599675
-3124.2657460562
-3124.2657839991
-3124.2657679513
-3124.2657062433
-3124.2657911417
-3124.2657956859
-3124.2657850879
-3124.2657678898
-3124.2657786351
-3124.2657932266
-3124.2658029567
-3124.2657953393
-3124.2657888411
-3124.2657824678
-3124.2657766486
-3124.2657919363
-3124.2657356706
-3124.2657670249
-3124.2658001969
-3124.2657904308
-3124.2657507797
-3124.2657667002
-3124.2657473381
-3124.2658244612
-3124.2657671028
-3124.2657342582
-3124.2657630304
-3124.2657881641
-3124.2657787383
-3124.2657136332
-3124.2657587157
-3124.2657933565
-3124.2657829170
-3124.2657923935
-3124.2657165189
-3124.2657434095
-3124.2657872872
-3124.2657990552
-3124.2657594737
-3124.2658146723
-3124.2657614311
-3124.2657767269
-3124.2657628610
-3124.2657747286
-3124.2657772328
-3124.2657516381
-3124.2657486770
-3124.2657898244
-3124.2656776801
-3124.2657748279
-3124.2657558627
-3124.2658021063
-3124.2656993671
-3124.2657932308
-3124.2657968932
-3124.2657837168
-3124.2657760891
-3124.2657244186
-3124.2657835743
-3124.2657720280
-3124.2657558095
-3124.2658063143
-3124.2657511041
-3124.2657985344
-3124.2658049991
-3124.2657908070
-3124.2657764486
-3124.2657729300
-3124.2657909239
-3124.2657883444
-3124.2658043276
-3124.2657597839
-3124.2657408585
-3124.2657775810
-3124.2657328132
-3124.2658160905
-3124.2657508011
-3124.2657929537
-3124.2657549247
-3124.2657567699
-3124.2657404402
-3124.2657944088
-3124.2657914159
-3124.2657459231
-3124.2657864519
-3124.2658013224
-3124.2657322703
-3124.2657372877
-3124.2657886821
-3124.2657320201
-3124.2657344234
-3124.2657730995
-3124.2657532905
-3124.2657949946
-3124.2657798215
-3124.2657834654
-3124.2657277735
-3124.2657851031
-3124.2657374369
-3124.2657316765
-3124.2657422548
-3124.2657618251
-3124.2657800292
-3124.2657625174
-3124.2657789722
-3124.2657509043
-3124.2657307780
-3124.2657439208
-3124.2657899449
-3124.2657942549
-3124.2657538472
-3124.2657549196
-3124.2657649251
-3124.2657491372
-3124.2657857107
-3124.2657704132
-3124.2657589079
-3124.2658092023
-3124.2657386193
-3124.2658119420
-3124.2657860396
-3124.2657691019
-3124.2657658024
-3124.2657533637
-3124.2657680279
-3124.2657749791
-3124.2657959700
-3124.2657835309
-3124.2657966178
-3124.2657302543
-3124.2657627630
-3124.2657779382
-3124.2657648566
-3124.2657810943
-3124.2657889575
-3124.2657704242
-3124.2658012592
-3124.2657571396
-3124.2657547493
-3124.2657712329
-3124.2658170770
-3124.2657719592
-3124.2657859701
-3124.2658020769
-3124.2658051309
-3124.2657767558
-3124.2657220592
-3124.2657832701
-3124.2657187661
-3124.2657602879
-3124.2658031516
-3124.2657879220
-3124.2658096428
-3124.2657787765
-3124.2658201621
-3124.2658053016
-3124.2657351381
-3124.2657779418
-3124.2658004438
-3124.2657550679
-3124.2657948872
-3124.2657596647
-3124.2657729166
-3124.2657831911
-3124.2657479714
-3124.2657516841
-3124.2657736675
-3124.2657433343
-3124.2657397431
-3124.2657549558
-3124.2657933040
-3124.2658152982
-3124.2657873883
-3124.2657728431
-3124.2657769266
-3124.2657885203
-3124.2657488015
-3124.2657673711
-3124.2657723166
-3124.2657857684
-3124.2657971347
-3124.2657413468
-3124.2657331012
-3124.2657797481
-3124.2657554765
-3124.2657248779
-3124.2657554445
-3124.2658058269
-3124.2657956849
-3124.2657902216
-3124.2657757028
-3124.2657447907
-3124.2657731486
-3124.2657181554
-3124.2658115713
-3124.2657858735
-3124.2657752580
-3124.2657652346
-3124.2657931464
-3124.2658009588
-3124.2657926250
-3124.2657721505
-3124.2657708661
-3124.2657649178
-3124.2657847701
-3124.2657972374
-3124.2657482732
-3124.2657856952
-3124.2657857336
-3124.2657457868
-3124.2657353104
-3124.2657650315
-3124.2657392657
-3124.2657904239
-3124.2657150980
-3124.2657748451
-3124.2657782922
-3124.2657673730
-3124.2657903785
-3124.2657533031
-3124.2657828463
-3124.2657781673
-3124.2657808617
-3124.2658044858
-3124.2657474645
-3124.2658023023
-3124.2657877191
-3124.2657611575
-3124.2657411678
-3124.2657682937
-3124.2657909236
-3124.2657789701
-3124.2657789744
-3124.2657977862
-3124.2657544418
-3124.2657887288
-3124.2657668124
-3124.2657904980
-3124.2657574657
-3124.2657960981
-3124.2658014457
-3124.2657909930
-3124.2657841315
-3124.2657453945
-3124.2657761512
-3124.2658037968
-3124.2657474725
-3124.2657888240
-3124.2657899654
-3124.2658020899
-3124.2657908831
-3124.2657659322
-3124.2657845945
-3124.2657778220
-3124.2657722377
-3124.2657686633
-3124.2657348159
-3124.2657894574
-3124.2657804418
-3124.2657989413
-3124.2657625870
-3124.2657838515
-3124.2657998222
-3124.2657540967
-3124.2657856088
-3124.2657566065
-3124.2658049108
-3124.2657609610
-3124.2657709738
-3124.2657513883
-3124.2657881409
-3124.2657702352
-3124.2657534620
-3124.2657918226
-3124.2657339180
-3124.2657858603
-3124.2657348504
-3124.2658135907
-3124.2657921029
-3124.2657749475
-3124.2657914716
-3124.2657326027
-3124.2657443899
-3124.2658221715
-3124.2658015624
-3124.2657971492
-3124.2657764209
-3124.2657559964
-3124.2657222368
-3124.2657943262
-3124.2657603855
-3124.2658020922
-3124.2657953589
-3124.2657828516
-3124.2657582623
-3124.2657786332
-3124.2657833458
-3124.2657697162
-3124.2657365745
-3124.2657804688
-3124.2657978278
-3124.2657916831
-3124.2657548848
-3124.2657594222
-3124.2657948446
-3124.2657825734
-3124.2657785143
-3124.2657925612
-3124.2657452351
-3124.2657311371
-3124.2657262306
-3124.2657559677
-3124.2657884188
-3124.2657538980
-3124.2657382539
-3124.2657550124
-3124.2657554421
-3124.2658127280
-3124.2657789030
-3124.2657740062
-3124.2657218106
-3124.2657782749
-3124.2657857593
-3124.2657402209
-3124.2658039659
-3124.2657264656
-3124.2657880166
-3124.2657804415
-3124.2657477248
-3124.2657887256
-3124.2657963470
-3124.2657759306
-3124.2657811812
-3124.2657630099
-3124.2657532783
-3124.2657734456
-3124.2658106363
-3124.2657644400
-3124.2657827895
-3124.2658016436
-3124.2657538743
-3124.2657832992
-3124.2658005788
-3124.2658061240
-3124.2657789173
-3124.2657937067
-3124.2657904141
-3124.2657750248
-3124.2657991534
-3124.2657526045
-3124.2657582222
-3124.2657445869
-3124.2657796442
-3124.2657827122
-3124.2658070184
-3124.2658110099
-3124.2658155771
-3124.2657894408
-3124.2657665679
-3124.2657451981
-3124.2657566861
-3124.2657648251
-3124.2657358191
-3124.2657993774
-3124.2657560213
-3124.2658155748
-3124.2657877397
-3124.2657773313
-3124.2657979495
-3124.2658063686
-3124.2658086708
-3124.2657167297
-3124.2657737986
-3124.2657624456
-3124.2657675387
-3124.2657449765
-3124.2657758381
-3124.2657337707
-3124.2657990066
-3124.2657967795
-3124.2657699827
-3124.2657123387
-3124.2657855520
-3124.2657886295
-3124.2657926951
-3124.2657809057
-3124.2657342888
-3124.2657262789
-3124.2657896135
-3124.2657667242
-3124.2657778353
-3124.2657241948
-3124.2657815658
-3124.2657872391
-3124.2657750458
-3124.2657906312
-3124.2657182457
-3124.2657761856
-3124.2657318202
-3124.2657484430
-3124.2658063304
-3124.2657447206
-3124.2657597099
-3124.2657401663
-3124.2657843706
-3124.2657897095
-3124.2657641677
-3124.2657780397
-3124.2657110264
-3124.2657545755
-3124.2657930022
-3124.2657772249
-3124.2657821514
-3124.2657952502
-3124.2657566044
-3124.2657699782
-3124.2657709394
-3124.2657550361
-3124.2657900143
-3124.2657941061
-3124.2658105189
-3124.2658058064
-3124.2657567028
-3124.2657267712
-3124.2657609437
-3124.2657747971
-3124.2657243976
-3124.2657386499
-3124.2657753831
-3124.2658147683
-3124.2657775549
-3124.2657687922
-3124.2657654020
-3124.2657696103
-3124.2657146025
-3124.2657983973
-3124.2657430930
-3124.2658008476
-3124.2657654382
-3124.2657803056
-3124.2657225815
-3124.2657742876
-3124.2657837738
-3124.2657797188
-3124.2657446116
-3124.2657736622
-3124.2657778473
-3124.2657962213
-3124.2657799078
-3124.2657685940
-3124.2657177023
-3124.2657947412
-3124.2657456989
-3124.2657925651
-3124.2657484200
-3124.2658036689
-3124.2656952181
-3124.2657981514
-3124.2657457930
-3124.2657561305
-3124.2657699353
-3124.2657925815
-3124.2657846957
-3124.2658022486
-3124.2657893837
-3124.2657540516
-3124.2658059113
-3124.2657373779
-3124.2657809530
-3124.2657681330
-3124.2657790447
-3124.2657530691
-3124.2657447063
-3124.2657746010
-3124.2657774294
-3124.2657897993
-3124.2657409432
-3124.2657455064
-3124.2657669405
-3124.2657533040
-3124.2657283469
-3124.2657963642
-3124.2657952645
-3124.2657661980
-3124.2657837917
-3124.2657388611
-3124.2657425398
-3124.2657660681
-3124.2657303447
-3124.2657386490
-3124.2657342368
-3124.2657574864
-3124.2658221582
-3124.2657823924
-3124.2657839695
-3124.2657945742
-3124.2657809756
-3124.2657451278
-3124.2657454587
-3124.2657430330
-3124.2658092229
-3124.2657721908
-3124.2657655442
-3124.2657903382
-3124.2657492987
-3124.2658072049
-3124.2657824659
-3124.2657305955
-3124.2657707909
-3124.2657487629
-3124.2657282360
-3124.2657840985
-3124.2657732023
-3124.2657583654
-3124.2657854594
-3124.2658099220
-3124.2657766646
-3124.2657620812
-3124.2657796885
-3124.2657625282
-3124.2657125452
-3124.2657774670
-3124.2657371078
-3124.2657742472
-3124.2657876230
-3124.2657683696
-3124.2657916087
-3124.2657570552
-3124.2657688098
-3124.2657674642
-3124.2657776711
-3124.2658061832
-3124.2657865547
-3124.2657694400
-3124.2658001298
-3124.2657514745
-3124.2657985399
-3124.2657416914
-3124.2657458714
-3124.2657577890
-3124.2657070904
-3124.2657912408
-3124.2657650541
-3124.2657766239
-3124.2657564618
-3124.2657871916
-3124.2657876078
-3124.2657467274
-3124.2657640672
-3124.2657708927
-3124.2657824835
-3124.2657813792
-3124.2657603419
-3124.2657725077
-3124.2657707586
-3124.2657583933
-3124.2658046712
-3124.2657488846
-3124.2657299736
-3124.2657526723
-3124.2657433186
-3124.2657864539
-3124.2657739996
-3124.2657967265
-3124.2657991450
-3124.2657933465
-3124.2658157935
-3124.2657932861
-3124.2657767593
-3124.2657527276
-3124.2657702271
-3124.2657896485
-3124.2657405519
-3124.2658004226
-3124.2658087442
-3124.2657397861
-3124.2657688721
-3124.2657654731
-3124.2657615747
-3124.2657311343
-3124.2657851112
-3124.2657508317
-3124.2657359127
-3124.2657828262
-3124.2657969057
-3124.2657359543
-3124.2657917596
-3124.2657995268
-3124.2657718751
-3124.2657625100
-3124.2657594710
-3124.2658025904
-3124.2657859867
-3124.2657961546
-3124.2657836907
-3124.2657469310
-3124.2657792601
-3124.2657449256
-3124.2657733602
-3124.2657374919
-3124.2657963847
-3124.2657718647
-3124.2657810957
-3124.2657535550
-3124.2657683147
-3124.2657685174
-3124.2658053417
-3124.2657876539
-3124.2657802965
-3124.2657687792
-3124.2657534973
-3124.2657544839
-3124.2657797018
-3124.2657637130
-3124.2657901987
-3124.2657226428
-3124.2657441830
-3124.2657578122
-3124.2657718789
-3124.2657985841
-3124.2658040253
-3124.2657958082
-3124.2657485065
-3124.2657170563
-3124.2657393866
-3124.2657583380
-3124.2657652009
-3124.2657626908
-3124.2658062308
-3124.2658031508
-3124.2657906516
-3124.2657638048
-3124.2657762295
-3124.2656838062
-3124.2657261842
-3124.2657288111
-3124.2657626368
-3124.2657763288
-3124.2657783473
-3124.2657563863
-3124.2657865520
-3124.2657774170
-3124.2657510057
-3124.2657464850
-3124.2657665855
-3124.2657592913
-3124.2657899539
-3124.2657785651
-3124.2658039054
-3124.2657630768
-3124.2657874717
-3124.2657545387
-3124.2657841437
-3124.2657404909
-3124.2657933524
-3124.2657779533
-3124.2657816364
-3124.2657829711
-3124.2657677743
-3124.2657998731
-3124.2657659042
-3124.2657363911
-3124.2657788413
-3124.2657053166
-3124.2657738928
-3124.2657763452
-3124.2658047329
-3124.2658044503
-3124.2657820759
-3124.2657919785
-3124.2657909387
-3124.2657804725
-3124.2657378225
-3124.2657550725
-3124.2657935684
-3124.2657658981
-3124.2657283253
-3124.2657993665
-3124.2658114562
-3124.2657874470
-3124.2657707254
-3124.2657864932
-3124.2657464579
-3124.2658014040
-3124.2657720935
-3124.2657835686
-3124.2657688397
-3124.2657939368
-3124.2657743018
-3124.2657993983
-3124.2657879157
-3124.2657450140
-3124.2657669886
-3124.2657731406
-3124.2657840852
-3124.2658054895
-3124.2658085197
-3124.2658113391
-3124.2657352363
-3124.2657495669
-3124.2657852111
-3124.2658021176
-3124.2657571717
-3124.2657704509
-3124.2658173000
-3124.2657019220
-3124.2657743720
-3124.2657613158
-3124.2657844956
-3124.2657082002
-3124.2657710236
-3124.2657653182
-3124.2657790414
-3124.2657515058
-3124.2657870668
-3124.2658083883
-3124.2657596483
-3124.2657742573
-3124.2657617585
-3124.2657362081
-3124.2657873902
-3124.2658062406
-3124.2657746461
-3124.2657683180
-3124.2657468172
-3124.2657835842
-3124.2657625886
-3124.2657896893
-3124.2657396319
-3124.2657810961
-3124.2657319891
-3124.2657893519
-3124.2657686159
-3124.2657948217
-3124.2657842245
-3124.2657758699
-3124.2657924449
-3124.2656543047
-3124.2657429407
-3124.2657760117
-3124.2657771558
-3124.2657853923
-3124.2658026022
-3124.2657754949
-3124.2657432163
