-3124.2658055826
-3124.2658033268
-3124.2647172528
-3124.2641724620
-3124.2617269354
-3124.2644483195
-3124.2631287918
-3124.2632570876
-3124.2637408098
-3124.2630706751
-3124.2627329424
-3124.2634845967
-3124.2632871101
-3124.2647451772
-3124.2634414148
-3124.2644284095
-3124.2640843726
-3124.2634528128
-3124.2630700418
-3124.2637287924
-3124.2647130827
-3124.2641751198
-3124.2632357351
-3124.2658528550
-3124.2658162096
-3124.2658118712
-3124.2658617301
-3124.2658621300
-3124.2658453390
-3124.2658651477
-3124.2658686887
-3124.2658213633
-3124.2584255614
-3124.2605812677
-3124.2605143016
-3124.2621707564
-3124.2599352652
-3124.2658360537
-3124.2657418592
-3124.2658212633
-3124.2657154121
-3124.2657085377
-3124.2658403051
-3124.2658622925
-3124.2657885770
-3124.2658030643
-3124.2658296061
-3124.2658567529
-3124.2658443062
-3124.2658450943
-3124.2658402265
-3124.2658260717
-3124.2658542895
-3124.2658596609
-3124.2658049308
-3124.2658308098
-3124.2658254876
-3124.2658523173
-3124.2657897665
-3124.2658231275
-3124.2658051766
-3124.2658391132
-3124.2658069848
-3124.2658055464
-3124.2658408890
-3124.2658479303
-3124.2658223527
-3124.2658783303
-3124.2657889169
-3124.2658340879
-3124.2658456514
-3124.2658254101
-3124.2657921215
-3124.2657993091
-3124.2658006843
-3124.2658032485
-3124.2658010872
-3124.2658045523
-3124.2657901951
-3124.2658036845
-3124.2658018686
-3124.2657955237
-3124.2658006079
-3124.2657959901
-3124.2657981834
-3124.2657899843
-3124.2658072080
-3124.2657939686
-3124.2658042295
-3124.2657890508
-3124.2657984141
-3124.2658032210
-3124.2658589875
-3124.2658394227
-3124.2658100152
-3124.2658194881
-3124.2658099446
-3124.2658564969
-3124.2657876862
-3124.2658352337
-3124.2658585278
-3124.2658436281
-3124.2658401503
-3124.2658367431
-3124.2658260764
-3124.2658000949
-3124.2658239717
-3124.2657782031
-3124.2658025530
-3124.2657994114
-3124.2658110763
-3124.2658154211
-3124.2658064871
-3124.2657955730
-3124.2658503624
-3124.2657810278
-3124.2658225837
-3124.2658631447
-3124.2658225637
-3124.2658278342
-3124.2658121258
-3124.2658283322
-3124.2658364261
-3124.2658306435
-3124.2658046649
-3124.2658696478
-3124.2658483237
-3124.2657951638
-3124.2658547720
-3124.2658793591
-3124.2658495414
-3124.2658005628
-3124.2658399679
-3124.2658453931
-3124.2658293009
-3124.2658519444
-3124.2658761516
-3124.2658353544
-3124.2658009925
-3124.2658467747
-3124.2658540937
-3124.2658144218
-3124.2658640884
-3124.2658305390
-3124.2658440405
-3124.2658340477
-3124.2658553462
-3124.2658494544
-3124.2658342310
-3124.2657800262
-3124.2658297087
-3124.2658232464
-3124.2658471914
-3124.2658274155
-3124.2658578006
-3124.2658500660
-3124.2657999019
-3124.2658379904
-3124.2658436896
-3124.2658304855
-3124.2658404696
-3124.2658651771
-3124.2658302523
-3124.2658517918
-3124.2658508321
-3124.2657683994
-3124.2657965087
-3124.2658582536
-3124.2658253185
-3124.2658393361
-3124.2658633198
-3124.2658420810
-3124.2658414901
-3124.2657951665
-3124.2658603406
-3124.2658557676
-3124.2658455451
-3124.2658467695
-3124.2658384022
-3124.2658440444
-3124.2658175078
-3124.2658645387
-3124.2658516226
-3124.2658338294
-3124.2658511279
-3124.2658513720
-3124.2658549932
-3124.2658394245
-3124.2658154654
-3124.2658212909
-3124.2658060978
-3124.2658281370
-3124.2658471682
-3124.2658478037
-3124.2658270006
-3124.2658342288
-3124.2658118887
-3124.2658674288
-3124.2658490405
-3124.2658471188
-3124.2658388114
-3124.2658271861
-3124.2658256455
-3124.2658614434
-3124.2658340096
-3124.2658535785
-3124.2658592203
-3124.2658324072
-3124.2658293354
-3124.2658270294
-3124.2658075758
-3124.2658335233
-3124.2658628930
-3124.2658438067
-3124.2658641502
-3124.2658353804
-3124.2658619993
-3124.2658017905
-3124.2658721689
-3124.2658332058
-3124.2658224728
-3124.2658674744
-3124.2658454341
-3124.2658529539
-3124.2658141812
-3124.2658496710
-3124.2658096305
-3124.2658217442
-3124.2657935988
-3124.2658506198
-3124.2658173012
-3124.2658468525
-3124.2658251223
-3124.2658756411
-3124.2658000136
-3124.2658062073
-3124.2658122616
-3124.2658259164
-3124.2657956761
-3124.2658224860
-3124.2658428034
-3124.2658557953
-3124.2658381722
-3124.2658482947
-3124.2657888617
-3124.2658201814
-3124.2658763519
-3124.2658329354
-3124.2658413533
-3124.2658051247
-3124.2658218310
-3124.2658175319
-3124.2658369360
-3124.2657929235
-3124.2658498816
-3124.2658578038
-3124.2657905722
-3124.2658347735
-3124.2657903053
-3124.2658456549
-3124.2658122349
-3124.2658478026
-3124.2658390817
-3124.2658150228
-3124.2658599135
-3124.2658522090
-3124.2658039250
-3124.2658450082
-3124.2658164490
-3124.2658095172
-3124.2658428944
-3124.2658607355
-3124.2658693896
-3124.2658677889
-3124.2658297838
-3124.2658559474
-3124.2658463246
-3124.2657947403
-3124.2658656522
-3124.2658777062
-3124.2658766601
-3124.2658667620
-3124.2658124861
-3124.2658439252
-3124.2658563033
-3124.2658126491
-3124.2658460105
-3124.2658469967
-3124.2657892205
-3124.2658321342
-3124.2658239492
-3124.2658252630
-3124.2658652817
-3124.2658523725
-3124.2658015705
-3124.2658205040
-3124.2658633846
-3124.2658547954
-3124.2658082450
-3124.2658395467
-3124.2658508538
-3124.2658527749
-3124.2658239270
-3124.2658484439
-3124.2658349633
-3124.2658693874
-3124.2658451157
-3124.2658594572
-3124.2658446209
-3124.2658455416
-3124.2658180966
-3124.2658634602
-3124.2657828015
-3124.2658481052
-3124.2658240338
-3124.2657736882
-3124.2658349856
-3124.2658350197
-3124.2658397512
-3124.2658364971
-3124.2658554280
-3124.2658322478
-3124.2658608224
-3124.2658651175
-3124.2658709483
-3124.2658412432
-3124.2658616505
-3124.2658013983
-3124.2658058098
-3124.2658406961
-3124.2658134795
-3124.2658440056
-3124.2658616544
-3124.2658537137
-3124.2658281841
-3124.2658488523
-3124.2658045171
-3124.2658504526
-3124.2658559982
-3124.2658476116
-3124.2658365145
-3124.2658043050
-3124.2658072317
-3124.2658439585
-3124.2657758981
-3124.2657966988
-3124.2658122433
-3124.2658486742
-3124.2658438332
-3124.2658309840
-3124.2658664240
-3124.2658560278
-3124.2658766228
-3124.2658205404
-3124.2658339523
-3124.2658599126
-3124.2658378069
-3124.2658196093
-3124.2658256910
-3124.2658679522
-3124.2658376620
-3124.2658480592
-3124.2657527253
-3124.2658525508
-3124.2657990195
-3124.2658317611
-3124.2658324298
-3124.2657888682
-3124.2658527201
-3124.2658642404
-3124.2657798106
-3124.2658137406
-3124.2658367425
-3124.2658342700
-3124.2658112190
-3124.2658242840
-3124.2658238494
-3124.2658396790
-3124.2657985757
-3124.2658673734
-3124.2658442128
-3124.2658185871
-3124.2658588229
-3124.2658640668
-3124.2658655536
-3124.2658584458
-3124.2658278093
-3124.2658621614
-3124.2658386332
-3124.2658276509
-3124.2658499340
-3124.2658320286
-3124.2658022948
-3124.2658577243
-3124.2658493033
-3124.2658354168
-3124.2658487549
-3124.2658476106
-3124.2658332370
-3124.2658256514
-3124.2658322373
-3124.2658514125
-3124.2658005709
-3124.2657948157
-3124.2658247728
-3124.2658294133
-3124.2657950923
-3124.2658119631
-3124.2658155682
-3124.2658597964
-3124.2658579403
-3124.2658482219
-3124.2658560178
-3124.2658442487
-3124.2658414216
-3124.2658346015
-3124.2658542093
-3124.2658477787
-3124.2658354976
-3124.2658225955
-3124.2658474117
-3124.2658385676
-3124.2658438787
-3124.2658504365
-3124.2658125848
-3124.2658425062
-3124.2658430385
-3124.2658077588
-3124.2658252898
-3124.2658453781
-3124.2658183617
-3124.2658525039
-3124.2658485617
-3124.2658766646
-3124.2658285823
-3124.2658457656
-3124.2658453725
-3124.2658269431
-3124.2658358222
-3124.2658476621
-3124.2658388064
-3124.2658417442
-3124.2657729279
-3124.2658310744
-3124.2658361715
-3124.2658542006
-3124.2658171181
-3124.2658310738
-3124.2658357896
-3124.2658538689
-3124.2658421981
-3124.2658120877
-3124.2657809808
-3124.2658240638
-3124.2658410620
-3124.2658266690
-3124.2658136583
-3124.2658242557
-3124.2658552435
-3124.2658450524
-3124.2658545395
-3124.2658454415
-3124.2658521822
-3124.2658025685
-3124.2658271334
-3124.2658257412
-3124.2658046881
-3124.2658401384
-3124.2657010423
-3124.2658273625
-3124.2658516433
-3124.2658572318
-3124.2658448997
-3124.2658185964
-3124.2658288411
-3124.2658427821
-3124.2657660106
-3124.2658209162
-3124.2658474389
-3124.2658376869
-3124.2658386598
-3124.2658166286
-3124.2658489862
-3124.2658201207
-3124.2657962984
-3124.2658367402
-3124.2658276992
-3124.2658066222
-3124.2657289826
-3124.2658508991
-3124.2658323875
-3124.2658470257
-3124.2657963149
-3124.2657965734
-3124.2658664630
-3124.2657986181
-3124.2658490277
-3124.2658249675
-3124.2657857750
-3124.2657882300
-3124.2658382740
-3124.2658583674
-3124.2658233400
-3124.2658455617
-3124.2658341593
-3124.2658124608
-3124.2658140850
-3124.2658491935
-3124.2658348556
-3124.2658463442
-3124.2658445318
-3124.2658467787
-3124.2658374484
-3124.2658263842
-3124.2658311889
-3124.2658342965
-3124.2658192666
-3124.2657925629
-3124.2658256466
-3124.2658477864
-3124.2658477697
-3124.2657743170
-3124.2658704863
-3124.2658038123
-3124.2658549196
-3124.2658538444
-3124.2658329974
-3124.2657614969
-3124.2658153451
-3124.2658052150
-3124.2657820221
-3124.2658216180
-3124.2658144134
-3124.2658157452
-3124.2658288930
-3124.2657975581
-3124.2658367738
-3124.2658309774
-3124.2658207328
-3124.2658557881
-3124.2658447626
-3124.2657892103
-3124.2658427902
-3124.2658542876
-3124.2658012483
-3124.2658384041
-3124.2657944876
-3124.2658472065
-3124.2657613026
-3124.2658071821
-3124.2658681030
-3124.2658371652
-3124.2658358881
-3124.2658477688
-3124.2658306867
-3124.2658144255
-3124.2658268135
-3124.2658486304
-3124.2657959823
-3124.2658192037
-3124.2658300803
-3124.2658341496
-3124.2658250837
-3124.2658420347
-3124.2658449014
-3124.2658439605
-3124.2658307189
-3124.2658111630
-3124.2657904365
-3124.2658068223
-3124.2658396402
-3124.2658348924
-3124.2658767908
-3124.2658572678
-3124.2658531526
-3124.2658320985
-3124.2658336834
-3124.2658364265
-3124.2658327184
-3124.2658179956
-3124.2658529082
-3124.2658305832
-3124.2658311384
-3124.2658467479
-3124.2658469104
-3124.2658581249
-3124.2658522793
-3124.2658176598
-3124.2658434810
-3124.2657857664
-3124.2658774913
-3124.2658529631
-3124.2658028911
-3124.2658360743
-3124.2658528667
-3124.2657873750
-3124.2658512493
-3124.2658435718
-3124.2657444330
-3124.2658385557
-3124.2658227743
-3124.2658355376
-3124.2658259710
-3124.2658479466
-3124.2658238180
-3124.2658471524
-3124.2658206750
-3124.2657253350
-3124.2658615218
-3124.2658128854
-3124.2657999798
-3124.2658420736
-3124.2658575692
-3124.2657883079
-3124.2658655447
-3124.2658531100
-3124.2658668705
-3124.2658473206
-3124.2658219377
-3124.2658227262
-3124.2658471830
-3124.2658122121
-3124.2658544732
-3124.2658413656
-3124.2658639483
-3124.2658486012
-3124.2658403660
-3124.2658348451
-3124.2657863235
-3124.2657922488
-3124.2658476042
-3124.2658133244
-3124.2658294284
-3124.2658332754
-3124.2658501835
-3124.2657981444
-3124.2658125223
-3124.2658077364
-3124.2658286701
-3124.2658747939
-3124.2658497815
-3124.2658226675
-3124.2657748901
-3124.2658454094
-3124.2658421079
-3124.2658466378
-3124.2658350359
-3124.2658491505
-3124.2658569204
-3124.2658151442
-3124.2658326323
-3124.2658188634
-3124.2658625948
-3124.2658318101
-3124.2658261553
-3124.2658382352
-3124.2658663230
-3124.2658380578
-3124.2658159044
-3124.2658607550
-3124.2658413622
-3124.2658570144
-3124.2658427222
-3124.2658233943
-3124.2658380667
-3124.2658377487
-3124.2658212607
-3124.2658429103
-3124.2658179391
-3124.2658466144
-3124.2658278430
-3124.2657658893
-3124.2658375607
-3124.2658549729
-3124.2658431301
-3124.2658420272
-3124.2658165058
-3124.2657987112
-3124.2658093625
-3124.2657802816
-3124.2657914379
-3124.2657978436
-3124.2658001731
-3124.2658329565
-3124.2658538745
-3124.2658289670
-3124.2657892745
-3124.2658645621
-3124.2658495929
-3124.2658452654
-3124.2658238289
-3124.2658491649
-3124.2658426117
-3124.2658437329
-3124.2658063272
-3124.2658495318
-3124.2658615941
-3124.2658011417
-3124.2658126917
-3124.2658402550
-3124.2658284625
-3124.2657985765
-3124.2658475890
-3124.2658676335
-3124.2658394262
-3124.2658037263
-3124.2658324332
-3124.2658437073
-3124.2658148676
-3124.2657873333
-3124.2658234452
-3124.2658651894
-3124.2658308238
-3124.2658368307
-3124.2657864437
-3124.2657450369
-3124.2658396301
-3124.2658442566
-3124.2658489344
-3124.2658305401
-3124.2658546312
-3124.2658662193
-3124.2657971437
-3124.2658044146
-3124.2658488065
-3124.2657826871
-3124.2658501419
-3124.2658558805
-3124.2658568885
-3124.2658233133
-3124.2658285861
-3124.2658704104
-3124.2658269928
-3124.2658368981
-3124.2658283467
-3124.2658273114
-3124.2658271678
-3124.2658581191
-3124.2658001443
-3124.2658521265
-3124.2658611566
-3124.2658434163
-3124.2658363375
-3124.2657970732
-3124.2658323862
-3124.2658435973
-3124.2658035901
-3124.2658174882
-3124.2658666370
-3124.2658173909
-3124.2657978738
-3124.2658423189
-3124.2658309805
-3124.2658317467
-3124.2658262407
-3124.2658257342
-3124.2658676652
-3124.2657895129
-3124.2658562154
-3124.2658369849
-3124.2658408382
-3124.2657703325
-3124.2658567298
-3124.2658070136
-3124.2658544094
-3124.2658756337
-3124.2658364445
-3124.2658569757
-3124.2657998932
-3124.2658527490
-3124.2657998093
-3124.2658531208
-3124.2658655367
-3124.2658490365
-3124.2658014445
-3124.2658338304
-3124.2658399767
-3124.2658423066
-3124.2658038567
-3124.2658269661
-3124.2657976469
-3124.2658676487
-3124.2658385746
-3124.2658295597
-3124.2657995292
-3124.2658432340
-3124.2657951181
-3124.2658375633
-3124.2658005094
-3124.2658372405
-3124.2658166171
-3124.2658242883
-3124.2658607738
-3124.2658226046
-3124.2658432443
-3124.2658522398
-3124.2658603462
-3124.2658620765
-3124.2657938884
-3124.2658365214
-3124.2658175437
-3124.2658501145
-3124.2658200909
-3124.2657974876
-3124.2658478952
-3124.2658555174
-3124.2658242350
-3124.2658322245
-3124.2658035960
-3124.2657731379
-3124.2658549179
-3124.2658414309
-3124.2657950490
-3124.2657878856
-3124.2658276135
-3124.2658063751
-3124.2658172897
-3124.2658096084
-3124.2658223381
-3124.2658516310
-3124.2658207616
-3124.2657719755
-3124.2658413501
-3124.2658356402
-3124.2658463243
-3124.2658381505
-3124.2658265323
-3124.2658093779
-3124.2658126768
-3124.2658550583
-3124.2658014240
-3124.2658028636
-3124.2658293272
-3124.2658462219
-3124.2658670969
-3124.2658372606
-3124.2658319707
-3124.2658253793
-3124.2658530591
-3124.2658547998
-3124.2658520052
-3124.2658308408
-3124.2658122085
-3124.2658320721
-3124.2658309886
-3124.2658593210
-3124.2658026204
-3124.2658007272
-3124.2658278423
-3124.2657954562
-3124.2658156783
-3124.2658443090
-3124.2658443718
-3124.2658017984
-3124.2658550081
-3124.2658612467
-3124.2658295814
-3124.2658249510
-3124.2658334438
-3124.2658461760
-3124.2658660072
-3124.2658509878
-3124.2658392910
-3124.2658165513
-3124.2658526965
-3124.2658310437
-3124.2658554450
-3124.2657949781
-3124.2658349052
-3124.2658419770
-3124.2658374819
-3124.2658346533
-3124.2658400589
-3124.2658297937
-3124.2658701389
-3124.2658065340
-3124.2657889816
-3124.2658394199
-3124.2658436698
-3124.2658233236
-3124.2658253576
-3124.2658504334
-3124.2658482162
-3124.2658272630
-3124.2658015599
-3124.2658367825
-3124.2658556850
-3124.2658393590
-3124.2658547493
-3124.2658397881
-3124.2658223844
-3124.2658130849
-3124.2658657584
-3124.2658312778
-3124.2657905492
-3124.2658157718
-3124.2658567781
-3124.2658530731
-3124.2658577618
-3124.2658515811
-3124.2658193207
-3124.2657947033
-3124.2658242579
-3124.2657905067
-3124.2657723231
-3124.2657945753
-3124.2658550118
-3124.2658713571
-3124.2658051673
-3124.2658471842
-3124.2658454239
-3124.2658604071
-3124.2658511752
-3124.2657993518
-3124.2658431330
-3124.2657982396
-3124.2657966142
-3124.2658249273
-3124.2658319862
-3124.2658203272
-3124.2658671615
-3124.2658406554
-3124.2658020309
-3124.2658730342
-3124.2658165414
-3124.2658593510
-3124.2658191238
-3124.2658706041
-3124.2658515173
-3124.2658349629
-3124.2658366080
-3124.2658339996
-3124.2658119641
-3124.2658701285
-3124.2658359351
-3124.2658338968
-3124.2658088533
-3124.2658408305
-3124.2657804597
-3124.2658413809
-3124.2658144382
-3124.2657965944
-3124.2658203050
-3124.2658481392
-3124.2658595119
-3124.2658531784
-3124.2658509741
-3124.2658459048
-3124.2658337509
-3124.2658471594
-3124.2658410699
-3124.2658574113
-3124.2658520017
-3124.2658127581
-3124.2658595376
-3124.2658558836
-3124.2658126211
-3124.2658432339
-3124.2658134164
-3124.2658665113
-3124.2658100227
-3124.2658369842
-3124.2658542203
-3124.2658191153
-3124.2658545057
-3124.2658150813
-3124.2658265094
-3124.2658591543
-3124.2657949297
-3124.2658582772
-3124.2657997878
-3124.2658686392
-3124.2658606757
-3124.2658309335
-3124.2658492267
-3124.2658758940
-3124.2658453657
-3124.2657918021
-3124.2658582045
-3124.2658215992
-3124.2658290794
-3124.2657924846
-3124.2657986936
-3124.2657920140
-3124.2658452326
-3124.2657842304
-3124.2658407724
-3124.2658275721
-3124.2658557721
-3124.2658719179
-3124.2658401071
-3124.2658585426
-3124.2658380605
-3124.2658303025
-3124.2658213564
-3124.2658336633
-3124.2658335647
-3124.2658405074
-3124.2658233099
-3124.2658510421
-3124.2658334346
-3124.2658402661
-3124.2658627433
-3124.2658460123
-3124.2658651909
-3124.2658645161
-3124.2658555856
-3124.2658136146
-3124.2658390745
-3124.2658372925
-3124.2658437266
-3124.2658364849
-3124.2658493374
-3124.2657807815
-3124.2658345355
-3124.2658005381
-3124.2658191225
-3124.2658149751
-3124.2657992108
-3124.2658345573
-3124.2657385810
-3124.2658655423
-3124.2657595506
-3124.2658187568
-3124.2658666849
-3124.2657947919
-3124.2658051306
-3124.2658465305
-3124.2657734082
-3124.2658275340
-3124.2658524355
-3124.2658335459
-3124.2658488750
-3124.2658673720
-3124.2657911983
-3124.2658626086
-3124.2657944306
-3124.2658679829
-3124.2657899449
-3124.2658449626
-3124.2658026193
-3124.2658531874
-3124.2658424667
-3124.2658548002
-3124.2658113471
-3124.2658701267
-3124.2658173975
-3124.2658640579
-3124.2658568602
-3124.2658729043
-3124.2658165911
-3124.2658076857
-3124.2657931515
-3124.2658607925
-3124.2658683038
-3124.2658482905
-3124.2658225640
-3124.2658541167
-3124.2658292104
-3124.2658612537
-3124.2658738693
-3124.2657810730
-3124.2658691479
-3124.2658584520
-3124.2658563898
-3124.2658382318
-3124.2658151626
-3124.2658157293
-3124.2658321485
-3124.2658359476
-3124.2658386654
-3124.2658237133
-3124.2658288048
-3124.2658334139
-3124.2658471558
-3124.2658534089
-3124.2658509988
-3124.2658499616
-3124.2658305061
-3124.2658448675
-3124.2657986370
-3124.2658155511
-3124.2658400358
-3124.2658411341
-3124.2658443451
-3124.2658485852
-3124.2658438149
-3124.2658608644
-3124.2658205686
-3124.2658363477
-3124.2658189281
-3124.2658299590
-3124.2658274259
-3124.2658239435
-3124.2658580139
-3124.2657921463
-3124.2658584189
-3124.2658168831
-3124.2658531958
-3124.2658582555
-3124.2658589161
-3124.2658335353
-3124.2658338949
-3124.2658596767
-3124.2658397899
-3124.2658157086
-3124.2658254340
-3124.2658409345
-3124.2658303298
-3124.2658582596
-3124.2658295778
-3124.2658266176
-3124.2658605717
-3124.2658367851
-3124.2658459415
-3124.2658247925
-3124.2658237155
-3124.2658299039
-3124.2658778402
-3124.2658334227
-3124.2658361964
-3124.2658438213
-3124.2658415248
-3124.2658468829
-3124.2658279003
-3124.2658388787
-3124.2657825297
-3124.2658311458
-3124.2658269268
-3124.2658129389
-3124.2658521623
-3124.2658280615
-3124.2658261994
-3124.2658809876
-3124.2658639194
-3124.2658467784
-3124.2658614586
-3124.2658500083
-3124.2658573626
-3124.2658314307
-3124.2658004632
-3124.2658548699
-3124.2658361090
-3124.2657942714
-3124.2658546938
-3124.2658102000
-3124.2658367069
-3124.2658067514
-3124.2657554294
-3124.2658600888
-3124.2658367226
-3124.2658477007
-3124.2658681696
-3124.2658207211
-3124.2657927965
-3124.2658431101
-3124.2658137481
-3124.2657821669
-3124.2658346955
-3124.2658562502
-3124.2658022363
-3124.2658065993
-3124.2658212917
-3124.2658338884
-3124.2658295835
-3124.2658384165
-3124.2657957235
-3124.2658386609
-3124.2658553613
-3124.2658305067
-3124.2658573193
-3124.2658610509
-3124.2658322415
-3124.2658271388
-3124.2657932882
-3124.2658408161
-3124.2658487837
-3124.2658115582
-3124.2658673480
-3124.2658024725
-3124.2658595110
-3124.2658265660
-3124.2658538340
-3124.2658384546
-3124.2658293413
-3124.2658046590
-3124.2658430113
-3124.2658359730
-3124.2658201684
-3124.2658132505
-3124.2658171733
-3124.2658315238
-3124.2658452707
-3124.2658196255
-3124.2658424966
-3124.2658336253
-3124.2658650416
-3124.2658642079
-3124.2658699244
-3124.2658094875
-3124.2658447818
-3124.2658428565
-3124.2658624885
-3124.2658271303
-3124.2658208655
-3124.2658078268
-3124.2658469707
-3124.2657805436
-3124.2658341157
-3124.2658131317
-3124.2658518679
-3124.2657631029
-3124.2658463892
-3124.2658205718
-3124.2658517919
-3124.2658315343
-3124.2658512283
-3124.2658502617
-3124.2658409734
-3124.2658109103
-3124.2658378080
-3124.2658299211
-3124.2658248817
-3124.2658276916
-3124.2658122704
-3124.2658548169
-3124.2658182812
-3124.2658485828
-3124.2657872232
-3124.2658584746
-3124.2658450350
-3124.2658757884
-3124.2658614583
-3124.2658754878
-3124.2658033685
-3124.2658607653
-3124.2658109988
-3124.2658392671
-3124.2658458063
-3124.2658109069
-3124.2658579678
-3124.2658580221
-3124.2658368159
-3124.2658633876
-3124.2658375020
-3124.2658108167
-3124.2658110463
-3124.2658329380
-3124.2658403693
-3124.2658315392
-3124.2658543394
-3124.2658412487
-3124.2658169679
-3124.2658161602
-3124.2658226751
-3124.2657833559
-3124.2658368973
-3124.2658378267
-3124.2658480310
-3124.2658345512
-3124.2658474190
-3124.2658216167
-3124.2658581187
-3124.2658297339
-3124.2658468868
-3124.2658685452
-3124.2658355253
-3124.2658686507
-3124.2658579923
-3124.2658365541
-3124.2658266856
-3124.2657752278
-3124.2657828133
-3124.2658096058
-3124.2658242751
-3124.2658284415
-3124.2658476258
-3124.2658403725
-3124.2658498877
-3124.2658051257
-3124.2658273422
-3124.2658467218
-3124.2658317853
-3124.2658151881
-3124.2658370354
-3124.2658532526
-3124.2658361622
-3124.2657975499
-3124.2658122633
-3124.2658220353
-3124.2658234237
-3124.2658435279
-3124.2658549965
-3124.2658288737
-3124.2658033359
-3124.2658194506
-3124.2658267953
-3124.2658564354
-3124.2658426982
-3124.2658297379
-3124.2658511563
-3124.2658174220
-3124.2658297835
-3124.2658560948
-3124.2658716765
-3124.2658524980
-3124.2658135593
-3124.2658377012
-3124.2657777477
-3124.2658541533
-3124.2658466865
-3124.2658298118
-3124.2658283808
-3124.2658544159
-3124.2658535242
-3124.2658588665
-3124.2658411426
-3124.2658497051
-3124.2658681511
-3124.2658077339
-3124.2658315188
-3124.2658626863
-3124.2658380305
-3124.2658625218
-3124.2658114565
-3124.2658271652
-3124.2658197114
-3124.2657945184
-3124.2658443811
-3124.2658508193
-3124.2658696210
-3124.2658394287
-3124.2658584141
-3124.2658287566
-3124.2658057512
-3124.2658204481
-3124.2658045985
-3124.2658250044
-3124.2658105857
-3124.2658376227
-3124.2658374878
-3124.2658421342
-3124.2658347787
-3124.2658575789
-3124.2658347183
-3124.2658133386
-3124.2658469788
-3124.2657999030
-3124.2658285346
-3124.2658276543
-3124.2658057659
-3124.2658039346
-3124.2658076653
-3124.2658099678
-3124.2658326794
-3124.2658589831
-3124.2658316701
-3124.2658344741
-3124.2658455794
-3124.2658056108
-3124.2657828161
-3124.2658208154
-3124.2658541834
-3124.2657767285
-3124.2658478726
-3124.2658278153
-3124.2658539148
-3124.2657979691
-3124.2658414037
-3124.2658029866
-3124.2658377540
-3124.2658298975
-3124.2658136159
-3124.2658184557
-3124.2658292522
-3124.2657970782
-3124.2658293793
-3124.2658515212
-3124.2658512289
-3124.2658374600
-3124.2658366777
-3124.2658213191
-3124.2658589343
-3124.2658280566
-3124.2658143358
-3124.2658141498
-3124.2657902040
-3124.2658336148
-3124.2658625034
-3124.2658294064
-3124.2658344982
-3124.2658638109
-3124.2658099578
-3124.2658404036
-3124.2658327443
-3124.2658224033
-3124.2658254873
-3124.2657734705
-3124.2658333288
-3124.2657985295
-3124.2657933208
-3124.2658192237
-3124.2658641989
-3124.2657640791
-3124.2658275634
-3124.2658395582
-3124.2658477187
-3124.2658311743
-3124.2658376515
-3124.2658503558
-3124.2658293983
-3124.2658422119
-3124.2658619590
-3124.2658233132
-3124.2658497044
-3124.2658616263
-3124.2658278194
-3124.2658034536
-3124.2658111389
-3124.2658310238
-3124.2658056479
-3124.2657963105
-3124.2657904455
-3124.2658345585
-3124.2657667833
-3124.2658288166
-3124.2658245714
-3124.2658433965
-3124.2658512778
-3124.2658476186
-3124.2658117717
-3124.2658075227
-3124.2658258376
-3124.2658414423
-3124.2658232234
-3124.2658385284
-3124.2658085631
-3124.2658317610
-3124.2658435358
-3124.2658288680
-3124.2658493701
-3124.2658465530
-3124.2658657162
-3124.2658046147
-3124.2657268420
-3124.2658574336
-3124.2658202804
-3124.2658221469
-3124.2658155845
-3124.2657931072
-3124.2658133617
-3124.2658110015
-3124.2658077977
-3124.2658212994
-3124.2657954961
-3124.2658628706
-3124.2658516383
-3124.2658635739
-3124.2658474163
-3124.2658723638
-3124.2658126247
-3124.2657867791
-3124.2658675120
-3124.2658763175
-3124.2658689422
-3124.2658093545
-3124.2658277422
-3124.2658381381
-3124.2658110044
-3124.2658660479
-3124.2658643657
-3124.2658385696
-3124.2658093863
-3124.2658371613
-3124.2658624096
-3124.2658626266
-3124.2658422995
-3124.2657772327
-3124.2658119347
-3124.2657931181
-3124.2658655156
-3124.2658153524
-3124.2658365974
-3124.2658410714
-3124.2658346713
-3124.2658125575
-3124.2658277948
-3124.2658315713
-3124.2658545879
-3124.2658381521
-3124.2658002388
-3124.2658661476
-3124.2658411124
-3124.2657921733
-3124.2657977341
-3124.2658229220
-3124.2658783321
-3124.2658435930
-3124.2658151551
-3124.2658114884
-3124.2658450572
-3124.2658264602
-3124.2658276006
-3124.2657399664
-3124.2658443867
-3124.2658436033
-3124.2658142908
-3124.2658749242
-3124.2658105452
-3124.2658508185
-3124.2658433655
-3124.2658354005
-3124.2658293779
-3124.2658795112
-3124.2658426299
-3124.2658292492
-3124.2658231814
-3124.2658447371
-3124.2658228843
-3124.2658208021
-3124.2658253764
-3124.2658301903
-3124.2658561496
-3124.2658233167
-3124.2658352857
-3124.2658299325
-3124.2657937154
-3124.2658131726
-3124.2658248011
-3124.2657874261
-3124.2658377544
-3124.2658348426
-3124.2658466591
-3124.2658489005
-3124.2658300087
-3124.2658580708
-3124.2658194896
-3124.2657845940
-3124.2658579788
-3124.2658313491
-3124.2658410823
-3124.2657756221
-3124.2658454547
-3124.2658627493
-3124.2658565290
-3124.2658435653
-3124.2658415776
-3124.2658006469
-3124.2658371950
-3124.2658407000
-3124.2658033360
-3124.2658368608
-3124.2658093680
-3124.2658140730
-3124.2658750249
-3124.2658341958
-3124.2657902675
-3124.2658157744
-3124.2658627270
-3124.2658522084
-3124.2658485782
-3124.2658405978
-3124.2657600463
-3124.2658375492
-3124.2657790632
-3124.2658644981
-3124.2658408344
-3124.2658507993
-3124.2658479916
-3124.2658337001
-3124.2658328226
-3124.2658560418
-3124.2658238064
-3124.2658311338
-3124.2658787200
-3124.2658503160
-3124.2658013183
-3124.2658120037
-3124.2658361463
-3124.2658182241
-3124.2658381270
-3124.2658422344
-3124.2658380008
-3124.2658741527
-3124.2658567887
-3124.2658141190
-3124.2658057389
-3124.2658404094
-3124.2658570953
-3124.2658594625
-3124.2658388007
-3124.2658528098
-3124.2657932419
-3124.2658371009
-3124.2658023456
-3124.2658480620
-3124.2658526962
-3124.2658323124
-3124.2658658991
-3124.2658036280
-3124.2658570266
-3124.2658223226
-3124.2658566217
-3124.2658469085
-3124.2658225857
-3124.2658529750
-3124.2658119726
-3124.2658594437
-3124.2658543983
-3124.2657977694
-3124.2658188361
-3124.2658201432
-3124.2658072761
-3124.2658166774
-3124.2657793183
-3124.2658379016
-3124.2658154008
-3124.2658110241
-3124.2657858791
-3124.2658347423
-3124.2657898377
-3124.2658514044
-3124.2658389535
-3124.2658343282
-3124.2658242827
-3124.2658674376
-3124.2658437106
-3124.2658288992
-3124.2658544471
-3124.2658460971
-3124.2658410789
-3124.2658432502
-3124.2658268430
-3124.2658159818
-3124.2657475913
-3124.2658391578
-3124.2658008893
-3124.2658844837
-3124.2658233670
-3124.2658409969
-3124.2658302574
-3124.2658502998
-3124.2658431436
-3124.2658079178
-3124.2658272296
-3124.2658199573
-3124.2658479989
-3124.2657980105
-3124.2658398102
-3124.2658533463
-3124.2658559757
-3124.2658258032
-3124.2658264583
-3124.2658099958
-3124.2658269872
-3124.2658560103
-3124.2658364526
-3124.2658314040
-3124.2658540931
-3124.2657897515
-3124.2658509765
-3124.2658266550
-3124.2658375681
-3124.2658630804
-3124.2658385770
-3124.2658062874
-3124.2658271167
-3124.2658554946
-3124.2657980775
-3124.2658069379
-3124.2658249554
-3124.2658591050
-3124.2658244711
-3124.2657951274
-3124.2658528415
-3124.2658401632
-3124.2658447713
-3124.2658215495
-3124.2658104016
-3124.2658016626
-3124.2658111981
-3124.2658090214
-3124.2658347088
-3124.2657922753
-3124.2658379123
-3124.2657564666
-3124.2658515363
-3124.2658366997
-3124.2658361263
-3124.2658487400
-3124.2658622117
-3124.2658593465
-3124.2658643849
-3124.2658439513
-3124.2657952566
-3124.2658215251
-3124.2658172623
-3124.2658439790
-3124.2658391975
-3124.2658633170
-3124.2657801675
-3124.2658355663
-3124.2658211516
-3124.2658215977
-3124.2658228145
-3124.2657866232
-3124.2658549878
-3124.2657845445
-3124.2658320420
-3124.2657771691
-3124.2658222191
-3124.2658287202
-3124.2658126052
-3124.2658162427
-3124.2658610787
-3124.2658696229
-3124.2658110855
-3124.2657834142
-3124.2658217908
-3124.2658303083
-3124.2658047593
-3124.2657888445
-3124.2657777210
-3124.2658486541
-3124.2658360066
-3124.2657532271
-3124.2658150521
-3124.2658690741
-3124.2658580834
-3124.2658742374
-3124.2658402530
-3124.2657984667
-3124.2658504545
-3124.2658143821
-3124.2658107463
-3124.2658086391
-3124.2658037253
-3124.2658461222
-3124.2658655244
-3124.2658654881
-3124.2658169642
-3124.2658628949
-3124.2658471131
-3124.2658634219
-3124.2658736569
-3124.2658160587
-3124.2658254063
-3124.2658610832
-3124.2658137158
-3124.2658305837
-3124.2657930959
-3124.2658085140
-3124.2658373829
-3124.2658110895
-3124.2658565371
-3124.2658369647
-3124.2658004571
-3124.2658114648
-3124.2658414384
-3124.2658417172
-3124.2658515185
-3124.2658256011
-3124.2658045036
-3124.2658558286
-3124.2658102043
-3124.2658638743
-3124.2658567132
-3124.2658212565
-3124.2658531486
-3124.2658623691
-3124.2658534474
-3124.2657721187
-3124.2657569521
-3124.2658329281
-3124.2657813089
-3124.2658253993
-3124.2658132687
-3124.2658065895
-3124.2658559710
-3124.2658167770
-3124.2658315684
-3124.2657985918
-3124.2658217958
-3124.2658253426
-3124.2658415277
-3124.2658521649
-3124.2658307651
-3124.2658530373
-3124.2658660539
-3124.2658564180
-3124.2658084972
-3124.2658529536
-3124.2658103155
-3124.2658432156
-3124.2657896008
-3124.2658532537
-3124.2658479243
-3124.2658779688
-3124.2658518421
-3124.2658377422
-3124.2658264159
-3124.2658224106
-3124.2658008040
-3124.2658364802
-3124.2658270512
-3124.2658372595
-3124.2658518458
-3124.2657722011
-3124.2658362941
-3124.2658401995
-3124.2658775647
-3124.2658459364
-3124.2658583833
-3124.2658242614
-3124.2658037943
-3124.2658621820
-3124.2658317494
-3124.2658400626
-3124.2658570533
-3124.2657884251
-3124.2658049325
-3124.2658247899
-3124.2658107678
-3124.2658646701
-3124.2658472532
-3124.2658182058
-3124.2658412985
-3124.2658355029
-3124.2658628454
-3124.2658325220
-3124.2658644974
-3124.2658019251
-3124.2658316156
-3124.2658388260
-3124.2658431616
-3124.2658394553
-3124.2657826604
-3124.2658325297
-3124.2658374313
-3124.2657896249
-3124.2658439836
-3124.2658683001
-3124.2658310765
-3124.2657980725
-3124.2658649002
-3124.2658340194
-3124.2658579635
-3124.2658554701
-3124.2658649804
-3124.2658016979
-3124.2658599107
-3124.2658693066
-3124.2658323107
-3124.2657919753
-3124.2658232251
-3124.2658184034
-3124.2658419573
-3124.2658623077
-3124.2658491550
-3124.2658396924
-3124.2657918541
-3124.2658406486
-3124.2658560974
-3124.2657995820
-3124.2658628161
-3124.2658058121
-3124.2658558441
-3124.2657915410
-3124.2658351301
-3124.2658522207
-3124.2658115138
-3124.2658432031
-3124.2658289009
-3124.2658116847
-3124.2658173552
-3124.2658350928
-3124.2658317229
-3124.2658517855
-3124.2658209695
-3124.2658569801
-3124.2658226949
-3124.2658117128
-3124.2658202663
-3124.2658312737
-3124.2658019535
-3124.2658213809
-3124.2657892248
-3124.2658094666
-3124.2657928230
-3124.2657697897
-3124.2658319656
-3124.2658206854
-3124.2658701334
-3124.2657963566
-3124.2658542797
-3124.2658452163
-3124.2658464003
-3124.2658234290
-3124.2658650147
-3124.2658258421
-3124.2658469332
-3124.2658738337
-3124.2658534043
-3124.2658263941
-3124.2657968034
-3124.2657988147
-3124.2657887005
-3124.2658372683
-3124.2658444571
-3124.2658166852
-3124.2658525007
-3124.2658319381
-3124.2658030224
-3124.2658095030
-3124.2658692283
-3124.2658050914
-3124.2658304707
-3124.2658367707
-3124.2658530825
-3124.2658425961
-3124.2658691927
-3124.2658416374
-3124.2658549772
-3124.2658665552
-3124.2657681818
-3124.2658270918
-3124.2658264134
-3124.2658256683
-3124.2658065211
-3124.2658319776
-3124.2657918398
-3124.2657878930
-3124.2658072937
-3124.2658023290
-3124.2658171179
-3124.2658340241
-3124.2658423323
-3124.2658703104
-3124.2658324307
-3124.2658453215
-3124.2658641675
-3124.2658184188
-3124.2658278856
-3124.2658106101
-3124.2658413264
-3124.2658137732
-3124.2658476624
-3124.2658351146
-3124.2658373277
-3124.2658250381
-3124.2658506560
-3124.2658692673
-3124.2658040664
-3124.2658383659
-3124.2658287979
-3124.2658498495
-3124.2658543886
-3124.2658180686
-3124.2658385456
-3124.2658782854
-3124.2658228753
-3124.2658301576
-3124.2658295578
-3124.2658524245
-3124.2658266527
-3124.2658027333
-3124.2658194563
-3124.2658657868
-3124.2658180579
-3124.2658162202
-3124.2657981491
-3124.2658641078
-3124.2658274135
-3124.2658589159
-3124.2658678788
-3124.2658493616
-3124.2658022093
-3124.2658081736
-3124.2658274236
-3124.2658165445
-3124.2658266577
-3124.2658680050
-3124.2658393129
-3124.2658415524
-3124.2658154715
-3124.2658313747
-3124.2658449497
-3124.2658157855
-3124.2658083624
-3124.2658306682
-3124.2658406815
-3124.2658602890
-3124.2658404508
-3124.2658363293
-3124.2658538686
-3124.2658714709
-3124.2658333548
-3124.2658482327
-3124.2657983450
-3124.2658610492
-3124.2658323890
-3124.2658400983
-3124.2658529744
-3124.2658595574
-3124.2658073804
-3124.2658631931
-3124.2658617846
-3124.2658331860
-3124.2658355438
-3124.2658348524
-3124.2658250204
-3124.2658215697
-3124.2658363806
-3124.2658625572
-3124.2658275332
-3124.2658383841
-3124.2658767251
-3124.2658445033
-3124.2658295052
-3124.2658099283
-3124.2658674397
-3124.2658450902
-3124.2658060536
-3124.2657949944
-3124.2658677962
-3124.2658170245
-3124.2658482577
-3124.2658474458
-3124.2658170508
-3124.2658411155
-3124.2658053452
-3124.2658383607
-3124.2658316088
-3124.2658379255
-3124.2658338111
-3124.2658552980
-3124.2658501720
-3124.2658244344
-3124.2658325151
-3124.2658526534
-3124.2658306094
-3124.2658395880
-3124.2658348689
-3124.2658325445
-3124.2658327341
-3124.2658606390
-3124.2658650158
-3124.2658651382
-3124.2658623605
-3124.2658527526
-3124.2658488971
-3124.2658042629
-3124.2658355919
-3124.2658627844
-3124.2658181933
-3124.2658268076
-3124.2658058406
-3124.2658462374
-3124.2658697961
-3124.2658042687
-3124.2658386864
-3124.2658273835
-3124.2658214267
-3124.2658685039
-3124.2658361314
-3124.2658198401
-3124.2657971484
-3124.2658330004
-3124.2658432751
-3124.2658467305
-3124.2657960992
-3124.2658494699
-3124.2657419697
-3124.2658418603
-3124.2658209633
-3124.2657952028
-3124.2658601465
-3124.2658817134
-3124.2658359310
-3124.2658583231
-3124.2657809621
-3124.2657984562
-3124.2658218930
-3124.2658675285
-3124.2658248234
-3124.2658605571
-3124.2658516972
-3124.2657650848
-3124.2657956942
-3124.2658201309
-3124.2658568094
-3124.2658278076
-3124.2658181377
-3124.2658243711
-3124.2658207110
-3124.2658294644
-3124.2658231035
-3124.2658525664
-3124.2658268253
-3124.2657932173
-3124.2657981384
-3124.2658233392
-3124.2658156647
-3124.2658213021
-3124.2658578812
-3124.2658501951
-3124.2658330106
-3124.2658054801
-3124.2658165924
-3124.2658457148
-3124.2658419811
-3124.2658022539
-3124.2658611190
-3124.2657922998
-3124.2658407128
-3124.2658522306
-3124.2658093350
-3124.2658427685
-3124.2658553734
-3124.2658451725
-3124.2658459407
-3124.2658533798
-3124.2658266376
-3124.2658318627
-3124.2658446400
-3124.2658640695
-3124.2658377569
-3124.2657680860
-3124.2658612065
-3124.2658403160
-3124.2658111117
-3124.2658446622
-3124.2658122450
-3124.2658170430
-3124.2658119929
-3124.2658411900
-3124.2658079074
-3124.2658739275
-3124.2658473139
-3124.2658229210
-3124.2658336494
-3124.2658026155
-3124.2658279087
-3124.2658589276
-3124.2658556148
-3124.2658125952
-3124.2658254850
-3124.2658264562
-3124.2658344367
-3124.2658321148
-3124.2658379580
-3124.2657959474
-3124.2657975407
-3124.2658013080
-3124.2658563383
-3124.2658405878
-3124.2658602923
-3124.2658390793
-3124.2658069280
-3124.2658613686
-3124.2657938285
-3124.2658568279
-3124.2658249381
-3124.2657862793
-3124.2658528753
-3124.2658496292
-3124.2658677886
-3124.2658393154
-3124.2657913437
-3124.2658127724
-3124.2658152818
-3124.2658057586
-3124.2658719736
-3124.2658797007
-3124.2657893676
-3124.2658371668
-3124.2658600847
-3124.2658367365
-3124.2658179761
-3124.2657968770
-3124.2658538849
-3124.2658261641
-3124.2658379272
-3124.2658465964
-3124.2658308652
-3124.2658442750
-3124.2658112956
-3124.2657581978
-3124.2658465565
-3124.2658342864
-3124.2658715608
-3124.2658225754
-3124.2657852538
-3124.2658602043
-3124.2657790421
-3124.2658277171
-3124.2657812733
-3124.2658562131
-3124.2658171982
-3124.2658248007
-3124.2658487690
-3124.2658420048
-3124.2658441872
-3124.2658145678
-3124.2658587398
-3124.2658365686
-3124.2658237882
-3124.2658330429
-3124.2657815411
-3124.2658030325
-3124.2658607384
-3124.2658506766
-3124.2658279477
-3124.2658190163
-3124.2658451753
-3124.2658441128
-3124.2657959294
-3124.2658608216
-3124.2657973311
-3124.2658311910
-3124.2658258935
-3124.2658501254
-3124.2658310817
-3124.2658582812
-3124.2657849886
-3124.2658192307
-3124.2658183525
-3124.2658719028
-3124.2658164763
-3124.2658442264
-3124.2658699773
-3124.2658694756
-3124.2658628760
-3124.2658283074
-3124.2658335870
-3124.2658356111
-3124.2658345304
-3124.2658622939
-3124.2658464071
-3124.2658456877
-3124.2658650852
-3124.2658483902
-3124.2658625462
-3124.2658145574
-3124.2658411477
-3124.2658303676
-3124.2658609180
-3124.2658461573
-3124.2658612939
-3124.2658346844
-3124.2658644749
-3124.2658308434
-3124.2658448325
-3124.2658055252
-3124.2658243175
-3124.2658324108
-3124.2657952015
-3124.2658367719
-3124.2658529868
-3124.2658037777
-3124.2658387331
-3124.2658488911
-3124.2658424944
-3124.2657684154
-3124.2658730825
-3124.2658480195
-3124.2658701691
-3124.2658478906
-3124.2658773402
-3124.2658508537
-3124.2658202012
-3124.2657987808
-3124.2658437898
-3124.2657846753
-3124.2657966419
-3124.2658074105
-3124.2658344845
-3124.2658692363
-3124.2658159645
-3124.2658649847
-3124.2658254266
-3124.2658443339
-3124.2657844531
-3124.2658066285
-3124.2658476588
-3124.2658374255
-3124.2658147687
-3124.2658284905
-3124.2658010864
-3124.2658443371
-3124.2658515133
-3124.2658391512
-3124.2658385235
-3124.2657815876
-3124.2658477305
-3124.2658046373
-3124.2658447132
-3124.2658322810
-3124.2658130614
-3124.2658633470
-3124.2658111078
-3124.2658079194
-3124.2658442587
-3124.2657773413
-3124.2658326511
-3124.2658220170
-3124.2658237964
-3124.2658271034
-3124.2658106820
-3124.2658065176
-3124.2658566933
-3124.2657963924
-3124.2658355744
-3124.2658463334
-3124.2658624696
-3124.2658698390
-3124.2658535060
-3124.2657714208
-3124.2658380567
-3124.2658472774
-3124.2658042799
-3124.2658493193
-3124.2658195085
-3124.2658417410
-3124.2658102047
-3124.2658500793
-3124.2658508097
-3124.2658025739
-3124.2658186207
-3124.2658236090
-3124.2658332784
-3124.2658397736
-3124.2658609581
-3124.2658295642
-3124.2657607603
-3124.2658502564
-3124.2658555089
-3124.2658113319
-3124.2658374355
-3124.2658617082
-3124.2658074951
-3124.2658232378
-3124.2658453299
-3124.2658433956
-3124.2658621410
-3124.2658421580
-3124.2658656437
-3124.2658669458
-3124.2658370879
-3124.2658274705
-3124.2658496606
-3124.2657901298
-3124.2657973359
-3124.2658416112
-3124.2658239513
-3124.2658530857
-3124.2657918269
-3124.2658512789
-3124.2658245459
-3124.2658213354
-3124.2658425595
-3124.2658232429
-3124.2658295868
-3124.2658377026
-3124.2658277186
-3124.2658525686
-3124.2658518276
-3124.2657799521
-3124.2658130980
-3124.2658300006
-3124.2658549538
-3124.2658449688
-3124.2658186616
-3124.2657734138
-3124.2658185807
-3124.2658504415
-3124.2658578010
-3124.2658230277
-3124.2658134679
-3124.2658481534
-3124.2658443069
-3124.2657967916
-3124.2658647908
-3124.2658682086
-3124.2657955492
-3124.2658027911
-3124.2658161446
-3124.2658621013
-3124.2658574985
-3124.2658517671
-3124.2658650479
-3124.2658328799
-3124.2658232466
-3124.2658108916
-3124.2658167368
-3124.2658318223
-3124.2658430162
-3124.2658457013
-3124.2658574395
-3124.2658517898
-3124.2658185485
-3124.2658419088
-3124.2658628776
-3124.2658308949
-3124.2658300137
-3124.2658069402
-3124.2657971185
-3124.2658389696
-3124.2657851651
-3124.2658071593
-3124.2657408871
-3124.2658598339
-3124.2658415183
-3124.2658369991
-3124.2658462148
-3124.2658458350
-3124.2658409114
-3124.2657930750
-3124.2658555912
-3124.2658615314
-3124.2658200155
-3124.2658058851
-3124.2658234942
-3124.2658205533
-3124.2658498549
-3124.2658020140
-3124.2658016786
-3124.2658523670
-3124.2657795291
-3124.2658378332
-3124.2658428763
-3124.2658304661
-3124.2658157972
-3124.2658093979
-3124.2658401928
-3124.2657662167
-3124.2658361718
-3124.2658494682
-3124.2658233920
-3124.2658174937
-3124.2658357657
-3124.2658451820
-3124.2658475598
-3124.2658501017
-3124.2658488057
-3124.2658198157
-3124.2658388701
-3124.2658420081
-3124.2658479835
-3124.2658021504
-3124.2658187307
-3124.2658157378
-3124.2658471581
-3124.2658572526
-3124.2658247873
-3124.2658422989
-3124.2658274358
-3124.2658520752
-3124.2658535025
-3124.2658107741
-3124.2658485560
-3124.2657963973
-3124.2658605059
-3124.2658157563
-3124.2658168124
-3124.2658353774
-3124.2658084616
-3124.2658044662
-3124.2658494417
-3124.2658602111
-3124.2658396047
-3124.2658303203
-3124.2658261572
-3124.2658553349
-3124.2658342500
-3124.2658217268
-3124.2657948499
-3124.2658296158
-3124.2658025050
-3124.2658039690
-3124.2658570364
-3124.2658486046
-3124.2658161453
-3124.2658336890
-3124.2657697557
-3124.2658224638
-3124.2658444722
-3124.2658484908
-3124.2658269671
-3124.2658434538
-3124.2658079787
-3124.2658046397
-3124.2658620540
-3124.2658028639
-3124.2658635366
-3124.2658158202
-3124.2658156418
-3124.2658198939
-3124.2658563165
-3124.2658441410
-3124.2658414707
-3124.2658464425
-3124.2658336038
-3124.2658211062
-3124.2658319961
-3124.2658009030
-3124.2658426616
-3124.2658407681
-3124.2658612430
-3124.2658480737
-3124.2658157644
-3124.2658641976
-3124.2657912460
-3124.2658222697
-3124.2658440109
-3124.2658375790
-3124.2658247387
-3124.2658156656
-3124.2658815305
-3124.2658312584
-3124.2658633317
-3124.2658376044
-3124.2657994933
-3124.2658313702
-3124.2658449741
-3124.2657962649
-3124.2658397471
-3124.2658185524
-3124.2658347688
-3124.2658640224
-3124.2658174238
-3124.2658181130
-3124.2658472885
-3124.2658566257
-3124.2657801875
-3124.2657931681
-3124.2658464664
-3124.2658029513
-3124.2658707434
-3124.2658650114
-3124.2657850272
-3124.2658757917
-3124.2657161810
-3124.2658365041
-3124.2658446113
-3124.2658750397
-3124.2658332303
-3124.2658687321
-3124.2658341449
-3124.2658589888
-3124.2658526782
-3124.2658051618
-3124.2658281222
-3124.2658491749
-3124.2658027461
-3124.2658180824
-3124.2658390700
-3124.2658493992
-3124.2658191997
-3124.2658816517
-3124.2657951968
-3124.2658503718
-3124.2658469500
-3124.2658319335
-3124.2657950484
-3124.2658466014
-3124.2658100970
-3124.2658536784
-3124.2658499899
-3124.2658245107
-3124.2658133242
-3124.2658201568
-3124.2657897917
-3124.2658415189
-3124.2658194276
-3124.2658470672
-3124.2658489575
-3124.2658594366
-3124.2658371940
-3124.2658136690
-3124.2658289815
-3124.2657914784
-3124.2658557263
-3124.2658616058
-3124.2658654988
-3124.2658607650
-3124.2658398215
-3124.2658225628
-3124.2658379335
-3124.2658298533
-3124.2658388018
-3124.2657797535
-3124.2658576881
-3124.2658373112
-3124.2658509063
-3124.2658244906
-3124.2658300858
-3124.2657968877
-3124.2658657158
-3124.2658441989
-3124.2658384055
-3124.2658273097
-3124.2658590137
-3124.2658294183
-3124.2658636012
-3124.2657924930
-3124.2658198080
-3124.2658308901
-3124.2658075888
-3124.2658497100
-3124.2658035274
-3124.2658007277
-3124.2658764833
-3124.2658693879
-3124.2658398697
-3124.2658275778
-3124.2658385990
-3124.2658350869
-3124.2658353772
-3124.2658417363
-3124.2657806186
-3124.2658126838
-3124.2657785303
-3124.2658445938
-3124.2658203534
-3124.2657814728
-3124.2658225090
-3124.2657989795
-3124.2658340793
-3124.2658295105
-3124.2658607965
-3124.2658465815
-3124.2658668570
-3124.2658052049
-3124.2658078481
-3124.2658296237
-3124.2658730481
-3124.2657995481
-3124.2658387332
-3124.2658640671
-3124.2658510063
-3124.2658610150
-3124.2658260735
-3124.2658115085
-3124.2658589259
-3124.2658306827
-3124.2658472278
-3124.2658161564
-3124.2658338836
-3124.2658533306
-3124.2658630753
-3124.2658191569
-3124.2658502467
-3124.2658153491
-3124.2658633702
-3124.2658464452
-3124.2658552395
-3124.2658261103
-3124.2658485367
-3124.2658364440
-3124.2658633241
-3124.2658618959
-3124.2657942230
-3124.2658245861
-3124.2658041997
-3124.2658533189
-3124.2658073542
-3124.2658386368
-3124.2658201572
-3124.2658624401
-3124.2658697786
-3124.2658051440
-3124.2658338746
-3124.2658198345
-3124.2658224778
-3124.2658371599
-3124.2658414358
-3124.2658137697
-3124.2658017067
-3124.2658336557
-3124.2658537480
-3124.2658409001
-3124.2658218187
-3124.2658431327
-3124.2658545889
-3124.2658207779
-3124.2658256508
-3124.2657808932
-3124.2658179890
-3124.2658337734
-3124.2658349254
-3124.2658438546
-3124.2657853874
-3124.2658315720
-3124.2658073980
-3124.2657976637
-3124.2658503698
-3124.2658550729
-3124.2658632333
-3124.2658559858
-3124.2658222793
-3124.2657942848
-3124.2657797520
-3124.2657863713
-3124.2658417122
-3124.2658515550
-3124.2658269919
-3124.2657900024
-3124.2658525585
-3124.2658324344
-3124.2658271724
-3124.2658728419
-3124.2658489768
-3124.2658312753
-3124.2658427551
-3124.2658132062
-3124.2658469545
-3124.2658714944
-3124.2658154517
-3124.2658344326
-3124.2657829481
-3124.2658340521
-3124.2658264622
-3124.2658250416
-3124.2657939778
-3124.2658419338
-3124.2658222532
-3124.2658657848
-3124.2658241707
-3124.2658639885
-3124.2658400573
-3124.2657963617
-3124.2658250650
-3124.2658465738
-3124.2658559170
-3124.2657965590
-3124.2658313831
-3124.2658213558
-3124.2658722605
-3124.2658248087
-3124.2658610894
-3124.2658164685
-3124.2658600176
-3124.2658092728
-3124.2658113581
-3124.2658245119
-3124.2658053726
-3124.2657803182
-3124.2658534354
-3124.2658471746
-3124.2658535795
-3124.2658064777
-3124.2658426505
-3124.2658147127
-3124.2658298506
-3124.2657974605
-3124.2658398365
-3124.2657734993
-3124.2658609066
-3124.2657823460
-3124.2658262054
-3124.2658119037
-3124.2658784968
-3124.2658279668
-3124.2658439913
-3124.2658540062
-3124.2658432820
-3124.2658218296
-3124.2658171765
-3124.2658316458
-3124.2658424498
-3124.2658418561
-3124.2658187969
-3124.2657886629
-3124.2658148680
-3124.2658582437
-3124.2658548761
-3124.2658204113
-3124.2658424443
-3124.2658021051
-3124.2658541970
-3124.2658486727
-3124.2658092455
-3124.2658735865
-3124.2658202173
-3124.2658450124
-3124.2658182120
-3124.2658271971
-3124.2658412723
-3124.2658504878
-3124.2658547794
-3124.2658639533
-3124.2658628470
-3124.2658109067
-3124.2658394533
-3124.2657876679
-3124.2658247248
-3124.2658135017
-3124.2658130135
-3124.2658496012
-3124.2658363617
-3124.2658493463
-3124.2658267613
-3124.2658304923
-3124.2658412410
-3124.2658290852
-3124.2657861393
-3124.2658590815
-3124.2658744995
-3124.2658549577
-3124.2658464996
-3124.2658134084
-3124.2658517705
-3124.2658752011
-3124.2658196461
-3124.2658315651
-3124.2658326468
-3124.2658385155
-3124.2657966769
-3124.2658218656
-3124.2657998584
-3124.2658276987
-3124.2658296268
-3124.2658326840
-3124.2658562268
-3124.2658408586
-3124.2658350719
-3124.2658481315
-3124.2658434580
-3124.2658406804
-3124.2658488450
-3124.2658398733
-3124.2658501539
-3124.2658196439
-3124.2658289977
-3124.2658633434
-3124.2658722349
-3124.2658312250
-3124.2658480532
-3124.2658585157
-3124.2658474206
-3124.2658491293
-3124.2658574419
-3124.2657827547
-3124.2658261237
-3124.2658006278
-3124.2658326654
-3124.2658038613
-3124.2658432369
-3124.2658257492
-3124.2658326955
-3124.2658273629
-3124.2658273841
-3124.2657936987
-3124.2658455532
-3124.2658398128
-3124.2658559265
-3124.2658598385
-3124.2658100045
-3124.2658074098
-3124.2658183581
-3124.2657734850
-3124.2658093238
-3124.2658004418
-3124.2658451996
-3124.2658589400
-3124.2658566452
-3124.2657899463
-3124.2658015664
-3124.2658134823
-3124.2658568581
-3124.2658468572
-3124.2658371323
-3124.2658341503
-3124.2658594454
-3124.2657928973
-3124.2658384367
-3124.2658176398
-3124.2658359423
-3124.2658400318
-3124.2657933112
-3124.2658529988
-3124.2658310985
-3124.2657954691
-3124.2658694248
-3124.2658355323
-3124.2658535753
-3124.2658369106
-3124.2658442751
-3124.2658610961
-3124.2658231615
-3124.2658328622
-3124.2658446838
-3124.2657981458
-3124.2658127685
-3124.2658481981
-3124.2657975190
-3124.2657692158
-3124.2658345563
-3124.2658318499
-3124.2658438150
-3124.2658084211
-3124.2658748998
-3124.2658029947
-3124.2658319824
-3124.2658278384
-3124.2658405110
-3124.2658354548
-3124.2658053116
-3124.2658334564
-3124.2658748796
-3124.2658518965
-3124.2658475636
-3124.2658615905
-3124.2658445794
-3124.2658302505
-3124.2658451859
-3124.2658318131
-3124.2658561889
-3124.2658100795
-3124.2658719134
-3124.2657960837
-3124.2658563758
-3124.2658320264
-3124.2658383824
-3124.2658487085
-3124.2658463726
-3124.2658334385
-3124.2658509392
-3124.2657943831
-3124.2658264510
-3124.2658642831
-3124.2658187142
-3124.2658333989
-3124.2658147971
-3124.2658282572
-3124.2658620262
-3124.2658659820
-3124.2658443639
-3124.2657948352
-3124.2658552233
-3124.2658413271
-3124.2658441342
-3124.2658095041
-3124.2658119971
-3124.2658507592
-3124.2658278506
-3124.2658206788
-3124.2658224345
-3124.2658426767
-3124.2658528486
-3124.2658338819
-3124.2658754616
-3124.2657992006
-3124.2658093729
-3124.2657920272
-3124.2658594888
-3124.2657721337
-3124.2658583717
-3124.2658624210
-3124.2658142641
-3124.2658749335
-3124.2658094925
-3124.2658160017
-3124.2657849899
-3124.2658274352
-3124.2658314387
-3124.2658307472
-3124.2658587711
-3124.2657920549
-3124.2658457899
-3124.2658622885
-3124.2658439203
-3124.2658348318
-3124.2658429566
-3124.2658151223
-3124.2658225400
-3124.2658269941
-3124.2657942921
-3124.2658418496
-3124.2658286542
-3124.2658537967
-3124.2658134956
-3124.2658447832
-3124.2657992051
-3124.2658363295
-3124.2658513282
-3124.2658485268
-3124.2658628032
-3124.2658364475
-3124.2658446466
-3124.2658246602
-3124.2658591258
-3124.2658544583
-3124.2658073071
-3124.2658085932
-3124.2658668968
-3124.2658559406
-3124.2657985139
-3124.2658359393
-3124.2658310456
-3124.2658609072
-3124.2658589397
-3124.2658405265
-3124.2658422062
-3124.2658569839
-3124.2658359543
-3124.2658512779
-3124.2658497352
-3124.2658691921
-3124.2658324036
-3124.2658125420
-3124.2658610954
-3124.2658380363
-3124.2657968186
-3124.2658280397
-3124.2657908933
-3124.2658410829
-3124.2658162643
-3124.2658594127
-3124.2658030941
-3124.2658007613
-3124.2658423604
-3124.2658347816
-3124.2658495247
-3124.2658064772
-3124.2658428279
-3124.2658181601
-3124.2657941309
-3124.2658316318
-3124.2658447333
-3124.2658027938
-3124.2657982976
-3124.2658207849
-3124.2658485802
-3124.2658635359
-3124.2658435284
-3124.2657991548
-3124.2658322981
-3124.2658274607
-3124.2658292866
-3124.2658636123
-3124.2658427034
-3124.2658223824
-3124.2658096448
-3124.2658467019
-3124.2658656463
-3124.2658092530
-3124.2658598917
-3124.2658500866
-3124.2658047918
-3124.2658398612
-3124.2657922558
-3124.2658516769
-3124.2658329224
-3124.2658732152
-3124.2658580032
-3124.2658498391
-3124.2658533121
-3124.2658494161
-3124.2658466400
-3124.2658570897
-3124.2658412595
-3124.2658814308
-3124.2657974052
-3124.2658327154
-3124.2658129994
-3124.2658263752
-3124.2657622523
-3124.2658488859
-3124.2658672500
-3124.2658289784
-3124.2658307166
-3124.2658547755
-3124.2658570377
-3124.2658551946
-3124.2658504705
-3124.2658568576
-3124.2657933735
-3124.2657884572
-3124.2658064979
-3124.2658124302
-3124.2658303401
-3124.2658607951
-3124.2658065692
-3124.2658410037
-3124.2658519070
-3124.2658687515
-3124.2658100187
-3124.2658044743
-3124.2658275680
-3124.2658321714
-3124.2657724536
-3124.2658026123
-3124.2658325177
-3124.2657981042
-3124.2658365423
-3124.2658329459
-3124.2658689928
-3124.2657882307
-3124.2657915395
-3124.2658345765
-3124.2658451705
-3124.2658050454
-3124.2658462563
-3124.2658669604
-3124.2657992606
-3124.2658478637
-3124.2657957231
-3124.2658361292
-3124.2658376504
-3124.2657997752
-3124.2658375777
-3124.2658553492
-3124.2657564468
-3124.2658184918
-3124.2658251444
-3124.2657818346
-3124.2658183105
-3124.2658486969
-3124.2658216883
-3124.2658068755
-3124.2658273407
-3124.2657937755
-3124.2658546260
-3124.2658349992
-3124.2658365511
-3124.2658432132
-3124.2658469134
-3124.2658281506
-3124.2658542989
-3124.2658359778
-3124.2658131642
-3124.2658488992
-3124.2657450095
-3124.2658436382
-3124.2657820209
-3124.2658370445
-3124.2658288006
-3124.2658377000
-3124.2658030864
-3124.2658652845
-3124.2658214441
-3124.2657912053
-3124.2658306228
-3124.2658565462
-3124.2658343835
-3124.2657895645
-3124.2658162510
-3124.2658269854
-3124.2657777443
-3124.2658672128
-3124.2658403010
-3124.2658704555
-3124.2658280540
-3124.2658240453
-3124.2658407953
-3124.2658511316
-3124.2658595385
-3124.2658203585
-3124.2658091606
-3124.2657880131
-3124.2658223895
-3124.2658294624
-3124.2658561675
-3124.2658343050
-3124.2658085548
-3124.2658384793
-3124.2658407832
-3124.2658409954
-3124.2658447131
-3124.2658168231
-3124.2658505016
-3124.2658507811
-3124.2658671208
-3124.2658343963
-3124.2658171909
-3124.2658363894
-3124.2658260933
-3124.2658398241
-3124.2658520558
-3124.2658437364
-3124.2658390891
-3124.2658356469
-3124.2658504434
-3124.2658643824
-3124.2658559402
-3124.2657854233
-3124.2658388060
-3124.2658348611
-3124.2658679730
-3124.2657858200
-3124.2658042645
-3124.2658590389
-3124.2658385275
-3124.2658421916
-3124.2658640663
-3124.2658264448
-3124.2658524209
-3124.2658547392
-3124.2658356837
-3124.2658646818
-3124.2657841790
-3124.2658720942
-3124.2658497286
-3124.2658600358
-3124.2658718078
-3124.2658426715
-3124.2658615155
-3124.2658018016
-3124.2658333119
-3124.2658585022
-3124.2658201294
-3124.2658354099
-3124.2658064244
-3124.2658259915
-3124.2657613996
-3124.2658309733
-3124.2658512364
-3124.2657967451
-3124.2658276727
-3124.2657523782
-3124.2658426718
-3124.2658491286
-3124.2658136817
-3124.2657879726
-3124.2658698851
-3124.2658089849
-3124.2658405990
-3124.2658207853
-3124.2658628647
-3124.2658479850
-3124.2657671984
-3124.2658446471
-3124.2658523570
-3124.2658658900
-3124.2657883825
-3124.2658195416
-3124.2658121083
-3124.2658337124
-3124.2658139915
-3124.2658463513
-3124.2658168237
-3124.2658372664
-3124.2658128951
-3124.2658513007
-3124.2658436970
-3124.2658728275
-3124.2658136076
-3124.2658400752
-3124.2658537203
-3124.2658645228
-3124.2658281502
-3124.2658043525
-3124.2658290457
-3124.2658216772
-3124.2658514383
-3124.2658115225
-3124.2658123434
-3124.2658582631
-3124.2658129083
-3124.2658507558
-3124.2658234726
-3124.2658406635
-3124.2658182087
-3124.2658148643
-3124.2658320856
-3124.2657157245
-3124.2658120996
-3124.2658487913
-3124.2658453811
-3124.2658627322
-3124.2658436933
-3124.2658729587
-3124.2658644468
-3124.2658000870
-3124.2657853999
-3124.2658069574
-3124.2658497125
-3124.2658433393
-3124.2657915484
-3124.2658197177
-3124.2658303264
-3124.2658195958
-3124.2658357854
-3124.2658588696
-3124.2658280565
-3124.2657712395
-3124.2658352642
-3124.2658073541
-3124.2658605786
-3124.2658492281
-3124.2658375216
-3124.2658417058
-3124.2658165551
-3124.2658569059
-3124.2658241783
-3124.2657677081
-3124.2657820740
-3124.2658506551
-3124.2658197656
-3124.2658476379
-3124.2657947249
-3124.2658625425
-3124.2658112083
-3124.2658030228
-3124.2658530219
-3124.2658154291
-3124.2658643342
-3124.2658530975
-3124.2658569437
-3124.2658557575
-3124.2658429697
-3124.2658533293
-3124.2658363647
-3124.2658152138
-3124.2657928283
-3124.2658352526
-3124.2657736406
-3124.2658533724
-3124.2658190589
-3124.2658252032
-3124.2658087501
-3124.2658561473
-3124.2658494187
-3124.2658227680
-3124.2658737928
-3124.2658366447
-3124.2658355947
-3124.2658568340
-3124.2658213326
-3124.2658562226
-3124.2658337341
-3124.2658593529
-3124.2658678881
-3124.2658031990
-3124.2658514322
-3124.2658448191
-3124.2658584348
-3124.2658453618
-3124.2658223433
-3124.2657951975
-3124.2658172057
-3124.2658404339
-3124.2658490452
-3124.2658147530
-3124.2658275043
-3124.2658558787
-3124.2658523318
-3124.2658385278
-3124.2658473621
-3124.2658492399
-3124.2658504459
-3124.2658619616
-3124.2658012649
-3124.2657923433
-3124.2658509980
-3124.2658338403
-3124.2658185170
-3124.2658157785
-3124.2658082067
-3124.2658285310
-3124.2658204412
-3124.2657890220
-3124.2658316858
-3124.2658558609
-3124.2658068462
-3124.2658339480
-3124.2658466130
-3124.2658258977
-3124.2658515054
-3124.2658381235
-3124.2658217167
-3124.2657948642
-3124.2658054438
-3124.2658261876
-3124.2658191276
-3124.2658563008
-3124.2658644811
-3124.2658338276
-3124.2658683753
-3124.2657995036
-3124.2658148279
-3124.2658606301
-3124.2658374213
-3124.2658532994
-3124.2658414303
-3124.2657639707
-3124.2658637182
-3124.2657724890
-3124.2658354720
-3124.2658437151
-3124.2658239510
-3124.2658488042
-3124.2658500174
-3124.2658634838
-3124.2658093662
-3124.2658209241
-3124.2658305132
-3124.2658354086
-3124.2658567847
-3124.2658200970
-3124.2658582281
-3124.2658397761
-3124.2658113831
-3124.2658686381
-3124.2658616867
-3124.2658233644
-3124.2658634362
-3124.2658547354
-3124.2657971976
-3124.2658646850
-3124.2658593239
-3124.2658367501
-3124.2658339181
-3124.2658326062
-3124.2658671179
-3124.2658242927
-3124.2658502468
-3124.2658543335
-3124.2658579535
-3124.2658233718
-3124.2658420266
-3124.2658597271
-3124.2658359331
-3124.2658436311
-3124.2658673240
-3124.2658427698
-3124.2657968557
-3124.2658564106
-3124.2658085732
-3124.2658116863
-3124.2658233353
-3124.2658081109
-3124.2658532763
-3124.2658000093
-3124.2658156714
-3124.2658362300
-3124.2658445850
-3124.2658512743
-3124.2657491596
-3124.2658310418
-3124.2658329257
-3124.2658443242
-3124.2658199082
-3124.2658423264
-3124.2658631469
-3124.2657894392
-3124.2658508030
-3124.2658379983
-3124.2658401843
-3124.2658558473
-3124.2658296328
-3124.2658131172
-3124.2658644358
-3124.2658586465
-3124.2657736274
-3124.2658213479
-3124.2658493190
-3124.2658370580
-3124.2658590233
-3124.2658459981
-3124.2658492918
-3124.2658466010
-3124.2658716333
-3124.2658595240
-3124.2658542794
-3124.2658437326
-3124.2658328276
-3124.2657844047
-3124.2657744485
-3124.2658746927
-3124.2657771040
-3124.2658140944
-3124.2658121158
-3124.2658580774
-3124.2658247528
-3124.2657963511
-3124.2658461604
-3124.2658423343
-3124.2658593669
-3124.2658057798
-3124.2658532958
-3124.2658196689
-3124.2658647795
-3124.2658049951
-3124.2658273954
-3124.2658593858
-3124.2657928328
-3124.2658371281
-3124.2658711316
-3124.2658740671
-3124.2658155442
-3124.2658526503
-3124.2658670984
-3124.2658279425
-3124.2658246230
-3124.2658186722
-3124.2658353695
-3124.2658105369
-3124.2658411245
-3124.2658452564
-3124.2658547544
-3124.2658161623
-3124.2657984239
-3124.2658364049
-3124.2658654849
-3124.2658484534
-3124.2658451668
-3124.2658169741
-3124.2658406224
-3124.2658255525
-3124.2658580696
-3124.2658533720
-3124.2658486937
-3124.2658040124
-3124.2658189461
-3124.2657991185
-3124.2658554952
-3124.2658408634
-3124.2658216544
-3124.2657954022
-3124.2658519899
-3124.2658548415
-3124.2658250846
-3124.2658249642
-3124.2658371684
-3124.2658589468
-3124.2658638434
-3124.2658471433
-3124.2657769642
-3124.2658362978
-3124.2658462859
-3124.2658516445
-3124.2658386257
-3124.2658253609
-3124.2658831539
-3124.2657996479
-3124.2657674026
-3124.2657939547
-3124.2657864140
-3124.2658184471
-3124.2658445624
-3124.2657633059
-3124.2658502145
-3124.2658241820
-3124.2658209423
-3124.2658278215
-3124.2658673543
-3124.2658573228
-3124.2658693818
-3124.2658241915
-3124.2658607113
-3124.2658452073
-3124.2658456599
-3124.2657948636
-3124.2658139250
-3124.2658009113
-3124.2658262912
-3124.2658644111
-3124.2658313099
-3124.2658308325
-3124.2658525049
-3124.2658043780
-3124.2658369936
-3124.2657893759
-3124.2658475722
-3124.2658530873
-3124.2657577343
-3124.2657966208
-3124.2658559465
-3124.2658332917
-3124.2658591953
-3124.2658351980
-3124.2657829637
-3124.2658535318
-3124.2658333688
-3124.2658353043
-3124.2658264549
-3124.2658315620
-3124.2658472654
-3124.2658534679
-3124.2658301274
-3124.2658244455
-3124.2658613411
-3124.2658330526
-3124.2658522645
-3124.2658418952
-3124.2657723860
-3124.2657909070
-3124.2658010879
-3124.2658410302
-3124.2658238332
-3124.2658234507
-3124.2657894519
-3124.2658198124
-3124.2658415333
-3124.2658421511
-3124.2658069231
-3124.2658362371
-3124.2658195299
-3124.2658512552
-3124.2657681553
-3124.2658028787
-3124.2658354830
-3124.2657934415
-3124.2658227911
-3124.2658279809
-3124.2658348739
-3124.2658385586
-3124.2658155914
-3124.2657935546
-3124.2658369186
-3124.2658352882
-3124.2658662495
-3124.2658503922
-3124.2658493554
-3124.2658623080
-3124.2658455570
-3124.2658448101
-3124.2658417591
-3124.2658211252
-3124.2658528566
-3124.2658588686
-3124.2658426251
-3124.2658087470
-3124.2658539590
-3124.2658347105
-3124.2658031724
-3124.2658559427
-3124.2658202642
-3124.2658439288
-3124.2658227219
-3124.2657520490
-3124.2658125177
-3124.2658145651
-3124.2658718385
-3124.2658334286
-3124.2658081969
-3124.2658427688
-3124.2658357419
-3124.2658473147
-3124.2658218872
-3124.2658351922
-3124.2658211760
-3124.2658074143
-3124.2658348841
-3124.2658265456
-3124.2658070123
-3124.2658200681
-3124.2658648001
-3124.2658140997
-3124.2658294402
-3124.2657842321
-3124.2658481046
-3124.2658396099
-3124.2658382537
-3124.2658233533
-3124.2658397676
-3124.2658204896
-3124.2658299492
-3124.2658313037
-3124.2658215727
-3124.2658276115
-3124.2657963671
-3124.2658475814
-3124.2658052811
-3124.2658721167
-3124.2658477046
-3124.2658418544
-3124.2658351190
-3124.2658184700
-3124.2658286306
-3124.2657987523
-3124.2658006669
-3124.2658476179
-3124.2658536128
-3124.2658074795
-3124.2658477927
-3124.2658636158
-3124.2658187085
-3124.2658276337
-3124.2658378930
-3124.2657943215
-3124.2658322108
-3124.2658122071
-3124.2658482118
-3124.2658186127
-3124.2658014508
-3124.2657668937
-3124.2657911775
-3124.2658149247
-3124.2658422722
-3124.2658169855
-3124.2658561301
-3124.2658206613
-3124.2658292580
-3124.2658650663
-3124.2658037365
-3124.2658363535
-3124.2658056552
-3124.2658525432
-3124.2658143399
-3124.2658463234
-3124.2658153316
-3124.2658321372
-3124.2658265495
-3124.2658655896
-3124.2658278667
-3124.2657731300
-3124.2658370705
-3124.2658341010
-3124.2658443894
-3124.2658305452
-3124.2658091832
-3124.2658338900
-3124.2658524446
-3124.2658556092
-3124.2658513070
-3124.2658465459
-3124.2658397420
-3124.2658294984
-3124.2657891100
-3124.2658288254
-3124.2657972679
-3124.2658433080
-3124.2658221752
-3124.2658446677
-3124.2658356690
-3124.2658234421
-3124.2658373436
-3124.2658590547
-3124.2658490506
-3124.2658051601
-3124.2658046520
-3124.2658437290
-3124.2658015226
-3124.2657964558
-3124.2658556138
-3124.2657952359
-3124.2658478448
-3124.2658437219
-3124.2658123990
-3124.2658496010
-3124.2658432891
-3124.2657570212
-3124.2658781892
-3124.2658107630
-3124.2657947647
-3124.2657778439
-3124.2657965954
-3124.2658653683
-3124.2658417246
-3124.2657786863
-3124.2657943247
-3124.2657933786
-3124.2658639476
-3124.2658130181
-3124.2658282275
-3124.2658134881
-3124.2658195049
-3124.2658407604
-3124.2657960682
-3124.2658098950
-3124.2658312701
-3124.2658504560
-3124.2658083178
-3124.2658728929
-3124.2658081546
-3124.2658485581
-3124.2657646385
-3124.2658519083
-3124.2658490542
-3124.2658056454
-3124.2657907171
-3124.2658565214
-3124.2658535124
-3124.2658535034
-3124.2658646687
-3124.2658523186
-3124.2658251179
-3124.2658348087
-3124.2658219863
-3124.2658314195
-3124.2658228365
-3124.2657941171
-3124.2658114206
-3124.2658333909
-3124.2658562029
-3124.2658116265
-3124.2658669104
-3124.2658470304
-3124.2658359558
-3124.2658562120
-3124.2658261412
-3124.2658284972
-3124.2658495984
-3124.2658650736
-3124.2658693374
-3124.2658649263
-3124.2658700849
-3124.2658451680
-3124.2658483313
-3124.2658686619
-3124.2658413520
-3124.2658047374
-3124.2658733209
-3124.2657959234
-3124.2658216303
-3124.2658104972
-3124.2657870604
-3124.2658198509
-3124.2658176917
-3124.2658024385
-3124.2658015061
-3124.2657464578
-3124.2658430475
-3124.2658588610
-3124.2658443875
-3124.2657899442
-3124.2658612161
-3124.2658447444
-3124.2658310867
-3124.2658256255
-3124.2658768201
-3124.2658357755
-3124.2657981291
-3124.2658204651
-3124.2657993415
-3124.2658636624
-3124.2657555320
-3124.2658055741
-3124.2658487955
-3124.2658584973
-3124.2658390878
-3124.2658292634
-3124.2658369644
-3124.2657962241
-3124.2658729205
-3124.2658005490
-3124.2658673347
-3124.2658406784
-3124.2658296704
-3124.2658400262
-3124.2658678352
-3124.2658480320
-3124.2658199017
-3124.2657996916
-3124.2657766725
-3124.2658540759
-3124.2658135700
-3124.2658169273
-3124.2658186948
-3124.2658164016
-3124.2658385525
-3124.2658189776
-3124.2657689198
-3124.2658500153
-3124.2658134674
-3124.2657931061
-3124.2657841538
-3124.2658460345
-3124.2658510857
-3124.2658373292
-3124.2658173418
-3124.2658611887
-3124.2658654931
-3124.2657850165
-3124.2658494458
-3124.2658569337
-3124.2658476447
-3124.2658363290
-3124.2658126069
-3124.2658318509
-3124.2658072665
-3124.2657842487
-3124.2658751468
-3124.2658169058
-3124.2658503107
-3124.2658830159
-3124.2658704618
-3124.2658744240
-3124.2658493359
-3124.2658512944
-3124.2658325351
-3124.2658575820
-3124.2657984996
-3124.2658555540
-3124.2658442990
-3124.2658232171
-3124.2658530395
-3124.2658084711
-3124.2658818342
-3124.2657942261
-3124.2658557928
-3124.2658260889
-3124.2658362454
-3124.2658337267
-3124.2657775296
-3124.2657381382
-3124.2657882349
-3124.2658443842
-3124.2658356773
-3124.2657990180
-3124.2658289865
-3124.2658474915
-3124.2658331570
-3124.2658332675
-3124.2658297403
-3124.2658320756
-3124.2658153108
-3124.2658202653
-3124.2657950757
-3124.2658251395
-3124.2658581684
-3124.2658204020
-3124.2658415705
-3124.2658516735
-3124.2658575242
-3124.2658422835
-3124.2657970171
-3124.2658477557
-3124.2658349685
-3124.2658276472
-3124.2658089214
-3124.2658228048
-3124.2658449349
-3124.2658695609
-3124.2658739008
-3124.2658203560
-3124.2658211885
-3124.2658380702
-3124.2658655661
-3124.2658003187
-3124.2658196261
-3124.2658026226
-3124.2658111555
-3124.2657975151
-3124.2657982688
-3124.2658339314
-3124.2658400877
-3124.2658178446
-3124.2658067120
-3124.2658446101
-3124.2658265328
-3124.2657637036
-3124.2658518391
-3124.2658549845
-3124.2658443751
-3124.2658277041
-3124.2658382991
-3124.2658531150
-3124.2658631200
-3124.2658557783
-3124.2658476034
-3124.2658425798
-3124.2658378456
-3124.2658510820
-3124.2657944499
-3124.2658276888
-3124.2658603018
-3124.2658494297
-3124.2658112547
-3124.2658277962
-3124.2658058154
-3124.2658839962
-3124.2658255194
-3124.2657951159
-3124.2658232906
-3124.2658491922
-3124.2658390992
-3124.2657716017
-3124.2658161941
-3124.2658529043
-3124.2658412981
-3124.2658512530
-3124.2657771949
-3124.2658046480
-3124.2658486724
-3124.2658585012
-3124.2658201735
-3124.2658736386
-3124.2658232561
-3124.2658378056
-3124.2658223150
-3124.2658339575
-3124.2658371887
-3124.2658137047
-3124.2658092337
-3124.2658504762
-3124.2657378506
-3124.2658334319
-3124.2658156806
-3124.2658624552
-3124.2657566742
-3124.2658529731
-3124.2658572463
-3124.2658432590
-3124.2658360377
-3124.2657838093
-3124.2658441041
-3124.2658309495
-3124.2658148765
-3124.2658669829
-3124.2658127185
-3124.2658583988
-3124.2658649763
-3124.2658487725
-3124.2658364177
-3124.2658324380
-3124.2658515137
-3124.2658484334
-3124.2658643695
-3124.2658188919
-3124.2657989565
-3124.2658375509
-3124.2657883275
-3124.2658759063
-3124.2658101606
-3124.2658525003
-3124.2658143750
-3124.2658166864
-3124.2657960390
-3124.2658545102
-3124.2658521686
-3124.2658069907
-3124.2658448154
-3124.2658597110
-3124.2657908821
-3124.2657963481
-3124.2658494082
-3124.2657935073
-3124.2657939654
-3124.2658323069
-3124.2658131332
-3124.2658549119
-3124.2658383989
-3124.2658432344
-3124.2657858105
-3124.2658441536
-3124.2657973853
-3124.2657929321
-3124.2658000310
-3124.2658235803
-3124.2658396582
-3124.2658210293
-3124.2658388643
-3124.2658096595
-3124.2657915659
-3124.2658020027
-3124.2658490675
-3124.2658541518
-3124.2658134149
-3124.2658145900
-3124.2658259770
-3124.2658049748
-3124.2658455375
-3124.2658309257
-3124.2658187130
-3124.2658699062
-3124.2657942193
-3124.2658720080
-3124.2658444320
-3124.2658272449
-3124.2658262704
-3124.2658137493
-3124.2658279160
-3124.2658338066
-3124.2658567849
-3124.2658435797
-3124.2658554787
-3124.2657902787
-3124.2658216701
-3124.2658358073
-3124.2658252627
-3124.2658416247
-3124.2658477853
-3124.2658320431
-3124.2658606128
-3124.2658140587
-3124.2658144306
-3124.2658317843
-3124.2658773508
-3124.2658326065
-3124.2658442996
-3124.2658629653
-3124.2658655940
-3124.2658366884
-3124.2657800287
-3124.2658434132
-3124.2657777456
-3124.2658190085
-3124.2658635390
-3124.2658479886
-3124.2658686687
-3124.2658364381
-3124.2658792389
-3124.2658636818
-3124.2657906851
-3124.2658376989
-3124.2658602089
-3124.2658142309
-3124.2658557250
-3124.2658202535
-3124.2658322531
-3124.2658421705
-3124.2658037942
-3124.2658117758
-3124.2658317100
-3124.2658049636
-3124.2657984198
-3124.2658156032
-3124.2658541412
-3124.2658755169
-3124.2658471837
-3124.2658337498
-3124.2658374053
-3124.2658477591
-3124.2658098542
-3124.2658269262
-3124.2658332976
-3124.2658455711
-3124.2658562497
-3124.2658031215
-3124.2657925512
-3124.2658399873
-3124.2658167822
-3124.2657821795
-3124.2658140023
-3124.2658661025
-3124.2658558526
-3124.2658497594
-3124.2658359845
-3124.2658053715
-3124.2658321999
-3124.2657787057
-3124.2658721242
-3124.2658447544
-3124.2658337639
-3124.2658265282
-3124.2658529736
-3124.2658604528
-3124.2658525899
-3124.2658307628
-3124.2658320819
-3124.2658247829
-3124.2658449334
-3124.2658564136
-3124.2658093214
-3124.2658451557
-3124.2658447078
-3124.2658047512
-3124.2657942601
-3124.2658258114
-3124.2658000799
-3124.2658526397
-3124.2657750178
-3124.2658360366
-3124.2658380249
-3124.2658264084
-3124.2658510551
-3124.2658112076
-3124.2658413073
-3124.2658401678
-3124.2658413740
-3124.2658642892
-3124.2658077433
-3124.2658625345
-3124.2658458080
-3124.2658209444
-3124.2658014087
-3124.2658276053
-3124.2658516258
-3124.2658398524
-3124.2658399821
-3124.2658576762
-3124.2658137339
-3124.2658472880
-3124.2658265356
-3124.2658499946
-3124.2658183363
-3124.2658556873
-3124.2658605875
-3124.2658502180
-3124.2658446960
-3124.2658062000
-3124.2658352663
-3124.2658629596
-3124.2658032603
-3124.2658475020
-3124.2658488183
-3124.2658618565
-3124.2658506116
-3124.2658247504
-3124.2658434223
-3124.2658379623
-3124.2658308909
-3124.2658289783
-3124.2657903184
-3124.2658487386
-3124.2658397605
-3124.2658577627
-3124.2658234330
-3124.2658447227
-3124.2658584977
-3124.2658120442
-3124.2658447919
-3124.2658145453
-3124.2658648008
-3124.2658199956
-3124.2658288642
-3124.2658099417
-3124.2658486626
-3124.2658293873
-3124.2658124202
-3124.2658502499
-3124.2657947045
-3124.2658446851
-3124.2657903348
-3124.2658728600
-3124.2658518695
-3124.2658339041
-3124.2658516991
-3124.2657909902
-3124.2658049887
-3124.2658815106
-3124.2658616825
-3124.2658566240
-3124.2658365558
-3124.2658168260
-3124.2657816939
-3124.2658541157
-3124.2658199207
-3124.2658618376
-3124.2658561217
-3124.2658417752
-3124.2658181876
-3124.2658382009
-3124.2658421773
-3124.2658310197
-3124.2657953864
-3124.2658397878
-3124.2658574938
-3124.2658525104
-3124.2658152857
-3124.2658209701
-3124.2658540352
-3124.2658428805
-3124.2658391998
-3124.2658528457
-3124.2658063054
-3124.2657908104
-3124.2657855360
-3124.2658159806
-3124.2658483726
-3124.2658151568
-3124.2658001279
-3124.2658151268
-3124.2658148289
-3124.2658729124
-3124.2658379853
-3124.2658347422
-3124.2657815676
-3124.2658371800
-3124.2658464738
-3124.2657990590
-3124.2658635773
-3124.2657864168
-3124.2658472276
-3124.2658418566
-3124.2658088204
-3124.2658488933
-3124.2658556920
-3124.2658361604
-3124.2658422666
-3124.2658239229
-3124.2658142223
-3124.2658325262
-3124.2658708234
-3124.2658234378
-3124.2658424675
-3124.2658601253
-3124.2658125429
-3124.2658449270
-3124.2658609894
-3124.2658659979
-3124.2658390753
-3124.2658529318
-3124.2658500036
-3124.2658349409
-3124.2658586990
-3124.2658133748
-3124.2658174385
-3124.2658002833
-3124.2658401832
-3124.2658427991
-3124.2658668710
-3124.2658706431
-3124.2658746688
-3124.2658476789
-3124.2658276626
-3124.2658039098
-3124.2658164591
-3124.2658262616
-3124.2657962632
-3124.2658584960
-3124.2658163108
-3124.2658751900
-3124.2658462952
-3124.2658388806
-3124.2658588906
-3124.2658665279
-3124.2658692400
-3124.2657760020
-3124.2658346293
-3124.2658238952
-3124.2658271809
-3124.2658046891
-3124.2658364270
-3124.2657940767
-3124.2658599253
-3124.2658564016
-3124.2658313061
-3124.2657729168
-3124.2658464257
-3124.2658466031
-3124.2658525002
-3124.2658425621
-3124.2657897848
-3124.2657841047
-3124.2658506373
-3124.2658258086
-3124.2658361836
-3124.2657859821
-3124.2658415358
-3124.2658465800
-3124.2658344404
-3124.2658503525
-3124.2657770099
-3124.2658362236
-3124.2657918341
-3124.2658078542
-3124.2658649828
-3124.2658036472
-3124.2658193099
-3124.2657990480
-3124.2658442472
-3124.2658475729
-3124.2658242330
-3124.2658381215
-3124.2657716675
-3124.2658126064
-3124.2658533948
-3124.2658370790
-3124.2658416001
-3124.2658547092
-3124.2658150952
-3124.2658288042
-3124.2658309204
-3124.2658144314
-3124.2658500147
-3124.2658548992
-3124.2658700457
-3124.2658646210
-3124.2658141245
-3124.2657876689
-3124.2658214974
-3124.2658333058
-3124.2657824573
-3124.2657972290
-3124.2658353057
-3124.2658749708
-3124.2658354348
-3124.2658295872
-3124.2658267872
-3124.2658282656
-3124.2657728537
-3124.2658598240
-3124.2657987669
-3124.2658609451
-3124.2658254210
-3124.2658394707
-3124.2657802119
-3124.2658356740
-3124.2658441860
-3124.2658399363
-3124.2658002879
-3124.2658323307
-3124.2658385697
-3124.2658569635
-3124.2658416241
-3124.2658287220
-3124.2657788703
-3124.2658543208
-3124.2658014711
-3124.2658508186
-3124.2658083419
-3124.2658628732
-3124.2657553562
-3124.2658586498
-3124.2658036616
-3124.2658166368
-3124.2658281873
-3124.2658532747
-3124.2658450091
-3124.2658621194
-3124.2658488197
-3124.2658117689
-3124.2658650352
-3124.2657983181
-3124.2658405925
-3124.2658291891
-3124.2658384763
-3124.2658134126
-3124.2658028628
-3124.2658350306
-3124.2658373276
-3124.2658494188
-3124.2658007379
-3124.2658046176
-3124.2658272435
-3124.2658143431
-3124.2657872685
-3124.2658558906
-3124.2658544563
-3124.2658253156
-3124.2658437167
-3124.2657980710
-3124.2658013970
-3124.2658280876
-3124.2657926567
-3124.2657980755
-3124.2657951283
-3124.2658168755
-3124.2658817216
-3124.2658437177
-3124.2658423135
-3124.2658550087
-3124.2658406030
-3124.2658057222
-3124.2658037127
-3124.2657986846
-3124.2658683961
-3124.2658316806
-3124.2658242207
-3124.2658499641
-3124.2658096091
-3124.2658672963
-3124.2658428480
-3124.2657902017
-3124.2658318593
-3124.2658108164
-3124.2657855744
-3124.2658440044
-3124.2658320272
-3124.2658155575
-3124.2658448402
-3124.2658689961
-3124.2658343792
-3124.2658233915
-3124.2658389269
-3124.2658220731
-3124.2657727619
-3124.2658360630
-3124.2657970342
-3124.2658330213
-3124.2658468952
-3124.2658286596
-3124.2658519771
-3124.2658155636
-3124.2658262218
-3124.2658282363
-3124.2658381325
-3124.2658653376
-3124.2658480421
-3124.2658279756
-3124.2658594810
-3124.2658085609
-3124.2658582709
-3124.2658027304
-3124.2658063786
-3124.2658175351
-3124.2657668704
-3124.2658505352
-3124.2658245818
-3124.2658363531
-3124.2658163223
-3124.2658471305
-3124.2658479645
-3124.2658086231
-3124.2658237421
-3124.2658291501
-3124.2658408204
-3124.2658413181
-3124.2658202528
-3124.2658329556
-3124.2658307882
-3124.2658166269
-3124.2658646164
-3124.2658046046
-3124.2657885809
-3124.2658146676
-3124.2658054449
-3124.2658452270
-3124.2658340667
-3124.2658572367
-3124.2658582586
-3124.2658538035
-3124.2658755934
-3124.2658542571
-3124.2658353817
-3124.2658125079
-3124.2658297683
-3124.2658488601
-3124.2657982980
-3124.2658599186
-3124.2658692723
-3124.2657953838
-3124.2658290031
-3124.2658246182
-3124.2658203946
-3124.2657886467
-3124.2658449263
-3124.2658108761
-3124.2657942566
-3124.2658413279
-3124.2658564123
-3124.2657915029
-3124.2658498890
-3124.2658601464
-3124.2658319453
-3124.2658202516
-3124.2658187186
-3124.2658612646
-3124.2658457927
-3124.2658574925
-3124.2658427026
-3124.2658081285
-3124.2658403081
-3124.2658031290
-3124.2658325304
-3124.2657963881
-3124.2658574179
-3124.2658317776
-3124.2658397753
-3124.2658128852
-3124.2658285777
-3124.2658295255
-3124.2658654571
-3124.2658461652
-3124.2658411698
-3124.2658275893
-3124.2658129915
-3124.2658143930
-3124.2658394075
-3124.2658244833
-3124.2658510164
-3124.2657807050
-3124.2657999153
-3124.2658189018
-3124.2658318942
-3124.2658577887
-3124.2658633373
-3124.2658564723
-3124.2658095189
-3124.2657746994
-3124.2657978317
-3124.2658181663
-3124.2658270876
-3124.2658211794
-3124.2658651388
-3124.2658625448
-3124.2658523493
-3124.2658227549
-3124.2658344890
-3124.2657428287
-3124.2657864755
-3124.2657881875
-3124.2658225676
-3124.2658356278
-3124.2658383771
-3124.2658182846
-3124.2658464554
-3124.2658384766
-3124.2658086890
-3124.2658021930
-3124.2658275925
-3124.2658176460
-3124.2658493579
-3124.2658371808
-3124.2658637064
-3124.2658235676
-3124.2658466886
-3124.2658122801
-3124.2658441295
-3124.2657994218
-3124.2658531892
-3124.2658379121
-3124.2658425604
-3124.2658438164
-3124.2658270716
-3124.2658603500
-3124.2658250098
-3124.2657967972
-3124.2658374542
-3124.2657650513
-3124.2658336424
-3124.2658353467
-3124.2658652932
-3124.2658649616
-3124.2658433345
-3124.2658526060
-3124.2658500513
-3124.2658397757
-3124.2657957455
-3124.2658145490
-3124.2658539522
-3124.2658250784
-3124.2657887520
-3124.2658603967
-3124.2658718932
-3124.2658462205
-3124.2658296317
-3124.2658456114
-3124.2658079892
-3124.2658607122
-3124.2658337390
-3124.2658414769
-3124.2658269916
-3124.2658546389
-3124.2658329071
-3124.2658581329
-3124.2658467184
-3124.2658007408
-3124.2658271925
-3124.2658326430
-3124.2658446152
-3124.2658647840
-3124.2658686311
-3124.2658701045
-3124.2657949723
-3124.2658105264
-3124.2658448944
-3124.2658611754
-3124.2658181887
-3124.2658298193
-3124.2658771421
-3124.2657635837
-3124.2658346288
-3124.2658215948
-3124.2658419816
-3124.2657712265
-3124.2658286929
-3124.2658255679
-3124.2658395231
-3124.2658116346
-3124.2658468146
-3124.2658672239
-3124.2658175709
-3124.2658331780
-3124.2658220921
-3124.2657935062
-3124.2658468389
-3124.2658641398
-3124.2658345150
-3124.2658265484
-3124.2658089269
-3124.2658425002
-3124.2658209588
-3124.2658487156
-3124.2657981409
-3124.2658394146
-3124.2657908737
-3124.2658494733
-3124.2658283014
-3124.2658549594
-3124.2658431401
-3124.2658366184
-3124.2658513605
-3124.2657150536
-3124.2658010512
-3124.2658356166
-3124.2658370091
-3124.2658434291
-3124.2658621899
-3124.2658364277
-3124.2657989673
