-3124.2658326316
-3124.2658286512
-3124.2645688620
-3124.2638051681
-3124.2621414238
-3124.2644973258
-3124.2629324881
-3124.2632022933
-3124.2640614967
-3124.2623516559
-3124.2628877020
-3124.2630401614
-3124.2625637637
-3124.2645649779
-3124.2635349237
-3124.2642701197
-3124.2640486121
-3124.2636052055
-3124.2628282561
-3124.2630615668
-3124.2644099360
-3124.2637171002
-3124.2631884164
-3124.2656554059
-3124.2657150951
-3124.2655953081
-3124.2657260140
-3124.2657152210
-3124.2657088868
-3124.2657613229
-3124.2657079397
-3124.2656936951
-3124.2587505933
-3124.2604799828
-3124.2598432536
-3124.2620013548
-3124.2598851346
-3124.2657379727
-3124.2656781387
-3124.2657787075
-3124.2657580927
-3124.2657780039
-3124.2657519757
-3124.2657474854
-3124.2656217012
-3124.2656166362
-3124.2656970734
-3124.2656290763
-3124.2656866713
-3124.2657628223
-3124.2656932738
-3124.2657070257
-3124.2657481509
-3124.2656335496
-3124.2656657007
-3124.2656792157
-3124.2656202973
-3124.2657141363
-3124.2655628581
-3124.2656795654
-3124.2656216574
-3124.2657891227
-3124.2657522047
-3124.2656074174
-3124.2657532557
-3124.2657453813
-3124.2657210698
-3124.2657693027
-3124.2656357185
-3124.2656218728
-3124.2656398442
-3124.2657132277
-3124.2658219761
-3124.2658256105
-3124.2658382704
-3124.2658283057
-3124.2658283748
-3124.2658314859
-3124.2658311531
-3124.2658317553
-3124.2658315425
-3124.2658334283
-3124.2658264517
-3124.2658281213
-3124.2658272219
-3124.2658176159
-3124.2658324941
-3124.2658254677
-3124.2658279979
-3124.2658255539
-3124.2658309828
-3124.2658287046
-3124.2656792178
-3124.2656666499
-3124.2656379375
-3124.2657173902
-3124.2655646886
-3124.2657651292
-3124.2655394656
-3124.2657591464
-3124.2657615902
-3124.2657344601
-3124.2657500486
-3124.2656429532
-3124.2656834111
-3124.2657191545
-3124.2657083138
-3124.2655444538
-3124.2658279997
-3124.2658334591
-3124.2657240150
-3124.2657576624
-3124.2656583725
-3124.2656338415
-3124.2657535162
-3124.2655031902
-3124.2657554744
-3124.2657359567
-3124.2656270160
-3124.2656691816
-3124.2656917937
-3124.2656464426
-3124.2657664199
-3124.2657068510
-3124.2655678148
-3124.2657120726
-3124.2656985605
-3124.2656974098
-3124.2657153756
-3124.2657077456
-3124.2657481876
-3124.2656748672
-3124.2656347273
-3124.2657241135
-3124.2656326237
-3124.2657563764
-3124.2657311378
-3124.2657453678
-3124.2656696654
-3124.2656751189
-3124.2657230276
-3124.2656586388
-3124.2657220457
-3124.2656241778
-3124.2656884526
-3124.2657058699
-3124.2656480471
-3124.2656485720
-3124.2656609562
-3124.2657300455
-3124.2657827684
-3124.2657372602
-3124.2656879081
-3124.2656089295
-3124.2657678128
-3124.2657407138
-3124.2656477287
-3124.2656465245
-3124.2656426524
-3124.2656634706
-3124.2657073874
-3124.2656306523
-3124.2656232188
-3124.2656831309
-3124.2656738465
-3124.2654499875
-3124.2656240138
-3124.2657039636
-3124.2656589564
-3124.2656357940
-3124.2657359429
-3124.2657222984
-3124.2656206172
-3124.2657871934
-3124.2657576772
-3124.2657515549
-3124.2656797449
-3124.2656457258
-3124.2657638219
-3124.2656943193
-3124.2656768855
-3124.2656858831
-3124.2656949355
-3124.2657398652
-3124.2656702414
-3124.2656304765
-3124.2657424020
-3124.2656983677
-3124.2656397560
-3124.2656068502
-3124.2657228450
-3124.2657160644
-3124.2656778670
-3124.2656942880
-3124.2656324602
-3124.2656369168
-3124.2655923377
-3124.2657307491
-3124.2656507467
-3124.2657530161
-3124.2656397177
-3124.2656600567
-3124.2657284778
-3124.2657327243
-3124.2656736462
-3124.2656892770
-3124.2657058806
-3124.2656628864
-3124.2657737407
-3124.2657761209
-3124.2657477030
-3124.2657162844
-3124.2657251786
-3124.2656996587
-3124.2657272125
-3124.2657477215
-3124.2657089200
-3124.2656839500
-3124.2656662393
-3124.2656236476
-3124.2657338225
-3124.2657443280
-3124.2657731111
-3124.2656851409
-3124.2656335071
-3124.2656504900
-3124.2657063210
-3124.2656379212
-3124.2657351191
-3124.2657317745
-3124.2656625564
-3124.2657151631
-3124.2656791037
-3124.2657242512
-3124.2656634929
-3124.2656780578
-3124.2657523411
-3124.2656641304
-3124.2657405607
-3124.2657572939
-3124.2657576464
-3124.2656946535
-3124.2656385712
-3124.2657285742
-3124.2657040894
-3124.2657322591
-3124.2657146735
-3124.2657021490
-3124.2657113393
-3124.2656759278
-3124.2657443701
-3124.2657349197
-3124.2656842659
-3124.2656084578
-3124.2656461928
-3124.2656927001
-3124.2656209100
-3124.2656560278
-3124.2658230331
-3124.2656789443
-3124.2657414133
-3124.2656976559
-3124.2657413678
-3124.2656892589
-3124.2657142970
-3124.2657059843
-3124.2655307813
-3124.2657233149
-3124.2657520026
-3124.2656994169
-3124.2656173653
-3124.2657116683
-3124.2657088088
-3124.2657436684
-3124.2656155654
-3124.2657040777
-3124.2657379753
-3124.2656921013
-3124.2657286518
-3124.2657355327
-3124.2657071285
-3124.2657478643
-3124.2657633553
-3124.2657235490
-3124.2657127353
-3124.2656451370
-3124.2656955958
-3124.2657116365
-3124.2655735480
-3124.2656255446
-3124.2656807350
-3124.2656308114
-3124.2657392514
-3124.2656561823
-3124.2656750339
-3124.2656331388
-3124.2657320930
-3124.2657362863
-3124.2656720069
-3124.2657091974
-3124.2656879160
-3124.2656552160
-3124.2657124369
-3124.2657012061
-3124.2656728978
-3124.2656678808
-3124.2656679735
-3124.2656551538
-3124.2657022377
-3124.2656680551
-3124.2656867419
-3124.2657664395
-3124.2657019284
-3124.2657298014
-3124.2656096457
-3124.2656919013
-3124.2657512784
-3124.2656580491
-3124.2656401247
-3124.2656908516
-3124.2657744328
-3124.2657579153
-3124.2656961430
-3124.2656945713
-3124.2657408027
-3124.2656995883
-3124.2657391835
-3124.2656654040
-3124.2655535230
-3124.2657055383
-3124.2656678994
-3124.2656780570
-3124.2657291243
-3124.2657081734
-3124.2656564429
-3124.2656859073
-3124.2658304362
-3124.2655963591
-3124.2656945566
-3124.2656869237
-3124.2656175763
-3124.2655691057
-3124.2657682419
-3124.2656210959
-3124.2655748944
-3124.2658280651
-3124.2656938066
-3124.2656607094
-3124.2657131774
-3124.2656998052
-3124.2656989271
-3124.2657208411
-3124.2656908257
-3124.2655834021
-3124.2656338122
-3124.2656624462
-3124.2656708953
-3124.2656544271
-3124.2656535549
-3124.2657147464
-3124.2656811820
-3124.2655896704
-3124.2656519654
-3124.2657304386
-3124.2655728402
-3124.2656759473
-3124.2656730167
-3124.2658275545
-3124.2656098280
-3124.2656951415
-3124.2656302230
-3124.2655605237
-3124.2656658430
-3124.2656110049
-3124.2656284672
-3124.2655866390
-3124.2656926170
-3124.2656906349
-3124.2658245760
-3124.2657171861
-3124.2657035774
-3124.2656886279
-3124.2657576810
-3124.2656764533
-3124.2657751934
-3124.2656771499
-3124.2657158730
-3124.2656680133
-3124.2656318749
-3124.2657286859
-3124.2657471316
-3124.2656948084
-3124.2656761244
-3124.2657278304
-3124.2656524747
-3124.2655573487
-3124.2657362582
-3124.2657206659
-3124.2656546883
-3124.2656786979
-3124.2656171150
-3124.2656615834
-3124.2658360980
-3124.2657676986
-3124.2656794810
-3124.2656904789
-3124.2656495965
-3124.2656084235
-3124.2655861914
-3124.2656933719
-3124.2657499277
-3124.2657821431
-3124.2657223108
-3124.2656671703
-3124.2657048254
-3124.2656407199
-3124.2656871238
-3124.2657332541
-3124.2657554154
-3124.2657603537
-3124.2657635592
-3124.2657019850
-3124.2657258484
-3124.2657690829
-3124.2657269378
-3124.2656714434
-3124.2656221696
-3124.2657413264
-3124.2656713653
-3124.2656680152
-3124.2656692590
-3124.2657051098
-3124.2656798962
-3124.2657574663
-3124.2657009504
-3124.2656994229
-3124.2656691379
-3124.2657479948
-3124.2656399604
-3124.2656223722
-3124.2656770617
-3124.2656579652
-3124.2656365380
-3124.2657573291
-3124.2657064878
-3124.2657342641
-3124.2655726526
-3124.2656815016
-3124.2657185571
-3124.2657222115
-3124.2657446016
-3124.2656090042
-3124.2656530125
-3124.2656785260
-3124.2657379169
-3124.2656531629
-3124.2656102937
-3124.2657159323
-3124.2656945402
-3124.2657487612
-3124.2656917862
-3124.2657610672
-3124.2657254721
-3124.2657703702
-3124.2656251739
-3124.2656954286
-3124.2658290551
-3124.2656972932
-3124.2655331734
-3124.2655738833
-3124.2657141017
-3124.2656617371
-3124.2657547292
-3124.2657012491
-3124.2656896031
-3124.2656208358
-3124.2657011877
-3124.2657642367
-3124.2656986256
-3124.2656980414
-3124.2656073343
-3124.2656440484
-3124.2656210124
-3124.2656240441
-3124.2656231937
-3124.2657116277
-3124.2656385867
-3124.2656535265
-3124.2655719759
-3124.2657196510
-3124.2656784578
-3124.2657129053
-3124.2657504170
-3124.2658292978
-3124.2657311159
-3124.2655725666
-3124.2657040144
-3124.2656850572
-3124.2656697720
-3124.2655625381
-3124.2657747257
-3124.2657317973
-3124.2655689814
-3124.2656938660
-3124.2656969189
-3124.2656883167
-3124.2656822779
-3124.2657442489
-3124.2656635386
-3124.2656798659
-3124.2657932811
-3124.2656805664
-3124.2657359343
-3124.2657370684
-3124.2656124332
-3124.2656354559
-3124.2656818376
-3124.2658244541
-3124.2655975236
-3124.2657072802
-3124.2656522103
-3124.2655365241
-3124.2656874113
-3124.2656501552
-3124.2657394118
-3124.2657034372
-3124.2657131994
-3124.2656680629
-3124.2657116156
-3124.2656145640
-3124.2656196107
-3124.2656368632
-3124.2657044948
-3124.2657950184
-3124.2657389586
-3124.2657182047
-3124.2656883787
-3124.2658009208
-3124.2657149307
-3124.2656780468
-3124.2657348735
-3124.2658301571
-3124.2657369442
-3124.2656637157
-3124.2658266668
-3124.2657306596
-3124.2656731243
-3124.2656908364
-3124.2655210651
-3124.2657200892
-3124.2656940257
-3124.2656997312
-3124.2657342838
-3124.2657462672
-3124.2656480448
-3124.2656296111
-3124.2656634255
-3124.2656912584
-3124.2656088654
-3124.2657315488
-3124.2656553576
-3124.2656411304
-3124.2657589791
-3124.2656364212
-3124.2657396258
-3124.2657168448
-3124.2657502802
-3124.2656506407
-3124.2658249949
-3124.2655686034
-3124.2656948206
-3124.2657345897
-3124.2657141674
-3124.2656718183
-3124.2656891752
-3124.2657214478
-3124.2656580080
-3124.2656595653
-3124.2656910659
-3124.2657338240
-3124.2657353206
-3124.2657495442
-3124.2657061984
-3124.2656614288
-3124.2657105616
-3124.2657369030
-3124.2657436277
-3124.2656448134
-3124.2657378950
-3124.2656345294
-3124.2657348043
-3124.2657247627
-3124.2656137060
-3124.2657277772
-3124.2656519969
-3124.2655273635
-3124.2656420901
-3124.2657480645
-3124.2655610358
-3124.2657473227
-3124.2656888327
-3124.2656592796
-3124.2656315141
-3124.2656991670
-3124.2655669445
-3124.2657565664
-3124.2656523936
-3124.2656287975
-3124.2656691320
-3124.2657075890
-3124.2657683773
-3124.2655809302
-3124.2657311124
-3124.2657662457
-3124.2657094728
-3124.2656650535
-3124.2656809344
-3124.2657410357
-3124.2656521841
-3124.2657145021
-3124.2656467654
-3124.2656806347
-3124.2656381608
-3124.2657217716
-3124.2656620988
-3124.2656777470
-3124.2657543924
-3124.2657467607
-3124.2656299529
-3124.2656607727
-3124.2657402568
-3124.2656685451
-3124.2657250258
-3124.2657274312
-3124.2657370656
-3124.2656835804
-3124.2655903150
-3124.2656014699
-3124.2657603061
-3124.2656941460
-3124.2656530686
-3124.2657087907
-3124.2657369836
-3124.2656812364
-3124.2657042782
-3124.2657274678
-3124.2656833790
-3124.2656714775
-3124.2657229571
-3124.2656690113
-3124.2656285115
-3124.2656414749
-3124.2657014803
-3124.2657165424
-3124.2656069391
-3124.2656397401
-3124.2656894429
-3124.2657094151
-3124.2656917265
-3124.2657116241
-3124.2656386138
-3124.2656927138
-3124.2657283995
-3124.2656741257
-3124.2657345807
-3124.2657401834
-3124.2656615502
-3124.2656942835
-3124.2657432588
-3124.2656750493
-3124.2656243252
-3124.2655249481
-3124.2657547437
-3124.2656955073
-3124.2656457108
-3124.2657197066
-3124.2656350056
-3124.2655575840
-3124.2656412691
-3124.2656549312
-3124.2656904436
-3124.2655818725
-3124.2657548090
-3124.2657035406
-3124.2657114070
-3124.2656618557
-3124.2656922938
-3124.2656683408
-3124.2656916486
-3124.2656445318
-3124.2656313085
-3124.2656656950
-3124.2656991684
-3124.2656507085
-3124.2656676423
-3124.2657348134
-3124.2656719503
-3124.2658326635
-3124.2656787835
-3124.2657396970
-3124.2656757847
-3124.2658322684
-3124.2657224004
-3124.2657116911
-3124.2656610622
-3124.2656921114
-3124.2656686859
-3124.2656526037
-3124.2657271367
-3124.2656670188
-3124.2657106313
-3124.2656676093
-3124.2656452701
-3124.2656969628
-3124.2656679111
-3124.2655136306
-3124.2656640317
-3124.2656900357
-3124.2656961685
-3124.2656138274
-3124.2657585378
-3124.2657827141
-3124.2656568941
-3124.2655375293
-3124.2657226994
-3124.2657324220
-3124.2656962163
-3124.2657428149
-3124.2657067321
-3124.2656215383
-3124.2657187124
-3124.2656691403
-3124.2657348910
-3124.2657605115
-3124.2657226165
-3124.2657584470
-3124.2656328950
-3124.2657367565
-3124.2656488972
-3124.2657534958
-3124.2656721887
-3124.2656959944
-3124.2656958400
-3124.2656828942
-3124.2657146011
-3124.2656702315
-3124.2655774170
-3124.2656904356
-3124.2656781791
-3124.2656534016
-3124.2655556066
-3124.2656642853
-3124.2656180067
-3124.2657511588
-3124.2656330325
-3124.2656580587
-3124.2656494181
-3124.2657032218
-3124.2657581012
-3124.2657311941
-3124.2658044618
-3124.2655940494
-3124.2657995257
-3124.2657082787
-3124.2657299157
-3124.2657502617
-3124.2656287070
-3124.2657018131
-3124.2657895947
-3124.2657384446
-3124.2657734722
-3124.2657153314
-3124.2656774392
-3124.2656509644
-3124.2656863560
-3124.2656689803
-3124.2656967573
-3124.2657697802
-3124.2656228519
-3124.2656526853
-3124.2656439143
-3124.2657683851
-3124.2655972890
-3124.2656078911
-3124.2656599030
-3124.2656556080
-3124.2657148787
-3124.2656674645
-3124.2656510257
-3124.2657518892
-3124.2657018907
-3124.2656654964
-3124.2657016435
-3124.2657105630
-3124.2657239913
-3124.2657177756
-3124.2657372516
-3124.2657329381
-3124.2657314532
-3124.2656851957
-3124.2656581422
-3124.2657446435
-3124.2656982798
-3124.2657404914
-3124.2657098022
-3124.2656739479
-3124.2656959461
-3124.2655844145
-3124.2658275089
-3124.2655524330
-3124.2656761367
-3124.2656825356
-3124.2655348692
-3124.2657075301
-3124.2656260562
-3124.2657391523
-3124.2657383598
-3124.2655955774
-3124.2656969766
-3124.2657817503
-3124.2656966720
-3124.2655991176
-3124.2657633007
-3124.2656319143
-3124.2656732998
-3124.2656232116
-3124.2655920796
-3124.2657253906
-3124.2657488941
-3124.2656663007
-3124.2656466984
-3124.2656727554
-3124.2656643805
-3124.2656736504
-3124.2657181460
-3124.2657284619
-3124.2656939750
-3124.2657512539
-3124.2656662605
-3124.2656844561
-3124.2656700378
-3124.2656063111
-3124.2656466873
-3124.2656814425
-3124.2656683352
-3124.2657493261
-3124.2658221432
-3124.2657168100
-3124.2655563734
-3124.2656336711
-3124.2656368242
-3124.2656873110
-3124.2656916091
-3124.2656633589
-3124.2656974032
-3124.2657060689
-3124.2657640315
-3124.2656660000
-3124.2657038680
-3124.2657115682
-3124.2657372709
-3124.2656652233
-3124.2656967538
-3124.2656348356
-3124.2656675472
-3124.2657198736
-3124.2658085503
-3124.2656997933
-3124.2657704423
-3124.2656055413
-3124.2656981358
-3124.2656692336
-3124.2657038309
-3124.2656372002
-3124.2656939038
-3124.2655698669
-3124.2656076997
-3124.2656323317
-3124.2656756431
-3124.2657017120
-3124.2657697307
-3124.2657794866
-3124.2656365927
-3124.2656763048
-3124.2658279473
-3124.2656108524
-3124.2657542628
-3124.2656756300
-3124.2656988503
-3124.2656433560
-3124.2656791629
-3124.2655529900
-3124.2657143418
-3124.2657370113
-3124.2655662858
-3124.2657176476
-3124.2657352971
-3124.2656933579
-3124.2656710870
-3124.2657323895
-3124.2657828560
-3124.2655393140
-3124.2656280625
-3124.2658258930
-3124.2656865552
-3124.2658232145
-3124.2656572130
-3124.2657089808
-3124.2657045904
-3124.2657126789
-3124.2657274935
-3124.2656481629
-3124.2657626323
-3124.2656269352
-3124.2657865479
-3124.2655671186
-3124.2656392807
-3124.2656105941
-3124.2657067776
-3124.2655948574
-3124.2657331115
-3124.2656605149
-3124.2656193450
-3124.2657273992
-3124.2656287415
-3124.2657205516
-3124.2657443592
-3124.2657266610
-3124.2657319154
-3124.2656350738
-3124.2656272479
-3124.2657756871
-3124.2656847619
-3124.2657529186
-3124.2656893558
-3124.2657139609
-3124.2657606591
-3124.2657247922
-3124.2657089769
-3124.2657446370
-3124.2656815493
-3124.2655837914
-3124.2656647997
-3124.2656941968
-3124.2656793040
-3124.2657303839
-3124.2657047388
-3124.2657554682
-3124.2656993212
-3124.2656897424
-3124.2656762109
-3124.2657059539
-3124.2656541208
-3124.2657699421
-3124.2657037747
-3124.2657213809
-3124.2657244957
-3124.2657489048
-3124.2656450785
-3124.2656344321
-3124.2655417202
-3124.2657506594
-3124.2657236607
-3124.2657048221
-3124.2657122359
-3124.2656750948
-3124.2657220798
-3124.2657090190
-3124.2657314363
-3124.2657060924
-3124.2656175573
-3124.2657184168
-3124.2657205630
-3124.2656236076
-3124.2656704383
-3124.2657853465
-3124.2656508950
-3124.2657391881
-3124.2657292964
-3124.2657548259
-3124.2656157133
-3124.2656407490
-3124.2656346940
-3124.2657245274
-3124.2657441645
-3124.2655299331
-3124.2656903772
-3124.2657027466
-3124.2656773648
-3124.2656917846
-3124.2657830042
-3124.2656540242
-3124.2657019627
-3124.2656039745
-3124.2657371297
-3124.2657232259
-3124.2656215580
-3124.2657048513
-3124.2656379287
-3124.2656895676
-3124.2656330914
-3124.2657556926
-3124.2657347989
-3124.2657192910
-3124.2657289694
-3124.2657444753
-3124.2656685667
-3124.2656294517
-3124.2657352171
-3124.2657171998
-3124.2656207034
-3124.2656407487
-3124.2657729105
-3124.2655715256
-3124.2656530315
-3124.2657383424
-3124.2656465350
-3124.2656834569
-3124.2656146111
-3124.2656679883
-3124.2655452280
-3124.2657542295
-3124.2657162581
-3124.2656774969
-3124.2656914913
-3124.2657489774
-3124.2657520194
-3124.2656513151
-3124.2656645885
-3124.2656736171
-3124.2657651254
-3124.2656681130
-3124.2657180496
-3124.2657537528
-3124.2656512773
-3124.2657297140
-3124.2656026565
-3124.2656729619
-3124.2656797761
-3124.2656466786
-3124.2655995339
-3124.2656900258
-3124.2656955395
-3124.2657347019
-3124.2656894984
-3124.2657084693
-3124.2657182208
-3124.2657375415
-3124.2657544036
-3124.2657612028
-3124.2656617452
-3124.2656564062
-3124.2656114671
-3124.2657787977
-3124.2657215874
-3124.2656542506
-3124.2657013207
-3124.2656623836
-3124.2657110541
-3124.2657060595
-3124.2656477602
-3124.2656007517
-3124.2656948974
-3124.2657956919
-3124.2657162235
-3124.2657575156
-3124.2655891161
-3124.2656766563
-3124.2657322806
-3124.2656261996
-3124.2656194776
-3124.2657042567
-3124.2656071610
-3124.2656576967
-3124.2657197458
-3124.2657284203
-3124.2656625719
-3124.2656918171
-3124.2657432283
-3124.2656074504
-3124.2655825827
-3124.2656531121
-3124.2657633643
-3124.2657255853
-3124.2657090303
-3124.2656619205
-3124.2656996236
-3124.2657166456
-3124.2657136361
-3124.2656242622
-3124.2655685102
-3124.2657639324
-3124.2655853906
-3124.2655768848
-3124.2656903506
-3124.2656191701
-3124.2657245378
-3124.2657584318
-3124.2656974715
-3124.2657474208
-3124.2656781930
-3124.2657242532
-3124.2657376096
-3124.2656812731
-3124.2656755232
-3124.2656500785
-3124.2657572092
-3124.2656623024
-3124.2656842048
-3124.2657227925
-3124.2656952956
-3124.2656497275
-3124.2657034942
-3124.2657387783
-3124.2657774006
-3124.2657519505
-3124.2656230099
-3124.2657330888
-3124.2657064888
-3124.2657016767
-3124.2656441276
-3124.2658000921
-3124.2655967729
-3124.2656874379
-3124.2656928580
-3124.2656230783
-3124.2656422085
-3124.2657168298
-3124.2657582830
-3124.2656662289
-3124.2657116797
-3124.2656755700
-3124.2656616475
-3124.2657045162
-3124.2656887844
-3124.2657004474
-3124.2657146787
-3124.2657447318
-3124.2657303007
-3124.2655861083
-3124.2656296292
-3124.2656583438
-3124.2656418890
-3124.2655682235
-3124.2656629661
-3124.2656898808
-3124.2657853152
-3124.2656198252
-3124.2655904469
-3124.2657265987
-3124.2656539098
-3124.2656987286
-3124.2657867962
-3124.2655762164
-3124.2658263336
-3124.2656624498
-3124.2656962955
-3124.2657227073
-3124.2656655339
-3124.2657591928
-3124.2658344018
-3124.2657209087
-3124.2656149771
-3124.2656811665
-3124.2657891915
-3124.2656788359
-3124.2658269522
-3124.2657013373
-3124.2657534852
-3124.2656877162
-3124.2657291389
-3124.2656937794
-3124.2657449568
-3124.2656454060
-3124.2655425390
-3124.2656764662
-3124.2656873124
-3124.2656095475
-3124.2657366398
-3124.2656291620
-3124.2657140675
-3124.2657347761
-3124.2657504798
-3124.2657297725
-3124.2656993153
-3124.2656413423
-3124.2656885430
-3124.2656894463
-3124.2657519039
-3124.2656749468
-3124.2656065615
-3124.2655976363
-3124.2657122746
-3124.2656830377
-3124.2657173681
-3124.2657079490
-3124.2656514302
-3124.2656772592
-3124.2656956291
-3124.2656514132
-3124.2656819926
-3124.2657568195
-3124.2657435640
-3124.2656631073
-3124.2656479533
-3124.2657069827
-3124.2657458591
-3124.2655078773
-3124.2657018075
-3124.2656215668
-3124.2656529199
-3124.2656153003
-3124.2657578018
-3124.2655735814
-3124.2657301790
-3124.2656971429
-3124.2656746568
-3124.2657393545
-3124.2656782027
-3124.2657100839
-3124.2656597118
-3124.2657487749
-3124.2656272461
-3124.2657078024
-3124.2657312060
-3124.2657551797
-3124.2656898217
-3124.2657796000
-3124.2656349249
-3124.2657797419
-3124.2656916263
-3124.2657403170
-3124.2656794180
-3124.2657669982
-3124.2656800378
-3124.2657045283
-3124.2656343413
-3124.2657709567
-3124.2656868300
-3124.2657824996
-3124.2657254014
-3124.2657157466
-3124.2657444569
-3124.2657097191
-3124.2656371336
-3124.2657057744
-3124.2657282762
-3124.2656390746
-3124.2656984003
-3124.2657080396
-3124.2656596726
-3124.2657493676
-3124.2657277313
-3124.2655568647
-3124.2656192726
-3124.2656218368
-3124.2657423455
-3124.2657472694
-3124.2656773422
-3124.2657035640
-3124.2656806855
-3124.2656858523
-3124.2656989628
-3124.2656595834
-3124.2656798968
-3124.2657339408
-3124.2656398387
-3124.2657019449
-3124.2657426318
-3124.2657261939
-3124.2656886882
-3124.2655495262
-3124.2657000883
-3124.2656573634
-3124.2656739110
-3124.2656393820
-3124.2657002045
-3124.2657189761
-3124.2656460797
-3124.2656494378
-3124.2656623155
-3124.2657383458
-3124.2657167850
-3124.2656500197
-3124.2657594710
-3124.2656126906
-3124.2657020200
-3124.2656971656
-3124.2656511359
-3124.2656021332
-3124.2656591548
-3124.2657034518
-3124.2656825374
-3124.2657533002
-3124.2657479329
-3124.2656828195
-3124.2656449804
-3124.2657144873
-3124.2657236899
-3124.2656099292
-3124.2657097224
-3124.2656268093
-3124.2656415530
-3124.2657436596
-3124.2656862085
-3124.2656971230
-3124.2656538905
-3124.2657366134
-3124.2655672052
-3124.2657069169
-3124.2656499386
-3124.2657590529
-3124.2656994312
-3124.2656299833
-3124.2657418600
-3124.2657410784
-3124.2656880863
-3124.2657267019
-3124.2656823927
-3124.2655736007
-3124.2657912031
-3124.2657044004
-3124.2656934519
-3124.2656553548
-3124.2657463230
-3124.2656950704
-3124.2656088962
-3124.2656963713
-3124.2657085485
-3124.2657113747
-3124.2657270437
-3124.2656893636
-3124.2657049084
-3124.2657434538
-3124.2656992572
-3124.2657125189
-3124.2655553764
-3124.2656397348
-3124.2656742356
-3124.2656570286
-3124.2657120588
-3124.2656173867
-3124.2656804403
-3124.2656455000
-3124.2656394923
-3124.2657318253
-3124.2656979265
-3124.2658292107
-3124.2657755345
-3124.2656243951
-3124.2657393069
-3124.2656037323
-3124.2656377302
-3124.2656429727
-3124.2657295206
-3124.2656977644
-3124.2657168798
-3124.2657001458
-3124.2657441439
-3124.2656933345
-3124.2656298524
-3124.2656867963
-3124.2656901303
-3124.2656045762
-3124.2656868416
-3124.2657043830
-3124.2656547394
-3124.2656409812
-3124.2657401532
-3124.2656824345
-3124.2656808615
-3124.2656794485
-3124.2657657724
-3124.2656849148
-3124.2657192979
-3124.2655756393
-3124.2656101109
-3124.2657522953
-3124.2656791514
-3124.2657382835
-3124.2657015605
-3124.2657180452
-3124.2657234293
-3124.2656935384
-3124.2657835178
-3124.2657442193
-3124.2656406275
-3124.2656392249
-3124.2656748921
-3124.2656878785
-3124.2656479733
-3124.2657272152
-3124.2656887738
-3124.2656962170
-3124.2656664077
-3124.2657351337
-3124.2655871144
-3124.2656557772
-3124.2656828044
-3124.2655481677
-3124.2657236061
-3124.2656837481
-3124.2657223378
-3124.2656046733
-3124.2656071189
-3124.2657190961
-3124.2657581508
-3124.2656544865
-3124.2657580008
-3124.2656738412
-3124.2657451430
-3124.2656977505
-3124.2657425004
-3124.2656538189
-3124.2657551009
-3124.2657238913
-3124.2656684545
-3124.2655386325
-3124.2656812613
-3124.2657198020
-3124.2657166464
-3124.2656002915
-3124.2656383118
-3124.2656515360
-3124.2655608046
-3124.2656783769
-3124.2657182975
-3124.2657683310
-3124.2657812102
-3124.2657279469
-3124.2656287504
-3124.2656071706
-3124.2656997530
-3124.2656534439
-3124.2656958854
-3124.2656837940
-3124.2657532859
-3124.2656717472
-3124.2657154636
-3124.2656578926
-3124.2657715340
-3124.2656765027
-3124.2656956528
-3124.2658259533
-3124.2655874088
-3124.2656889461
-3124.2657403940
-3124.2656850888
-3124.2657340006
-3124.2657677260
-3124.2657004234
-3124.2656275165
-3124.2657593690
-3124.2657988287
-3124.2656607096
-3124.2656970263
-3124.2656655076
-3124.2657808276
-3124.2656852001
-3124.2656836608
-3124.2655534205
-3124.2656375475
-3124.2657179789
-3124.2657027606
-3124.2657739086
-3124.2655719921
-3124.2656545362
-3124.2657000478
-3124.2656727976
-3124.2657511268
-3124.2656951603
-3124.2656655161
-3124.2656446571
-3124.2655962453
-3124.2657321847
-3124.2656589656
-3124.2656296881
-3124.2657118207
-3124.2656083763
-3124.2656675395
-3124.2657518671
-3124.2655998605
-3124.2656755688
-3124.2657037969
-3124.2657502489
-3124.2657418740
-3124.2657302168
-3124.2656462522
-3124.2656611656
-3124.2656455683
-3124.2656945053
-3124.2656762413
-3124.2655452712
-3124.2656429689
-3124.2656603020
-3124.2656508461
-3124.2657220806
-3124.2656787943
-3124.2657227628
-3124.2657748742
-3124.2657608615
-3124.2656875558
-3124.2656445061
-3124.2655116368
-3124.2657583580
-3124.2657097164
-3124.2656931582
-3124.2657054015
-3124.2656395010
-3124.2657986805
-3124.2656504309
-3124.2656617858
-3124.2657503373
-3124.2657362983
-3124.2655857214
-3124.2657230778
-3124.2657139945
-3124.2657050849
-3124.2657154122
-3124.2656190172
-3124.2656930451
-3124.2656472080
-3124.2656714479
-3124.2657112278
-3124.2657274707
-3124.2656774795
-3124.2655491039
-3124.2657187183
-3124.2657503424
-3124.2656158520
-3124.2656446891
-3124.2656980389
-3124.2656799270
-3124.2658020369
-3124.2656042849
-3124.2656887751
-3124.2656458497
-3124.2656837904
-3124.2657203320
-3124.2656956909
-3124.2657396421
-3124.2655772957
-3124.2656771155
-3124.2656944503
-3124.2657138079
-3124.2657459724
-3124.2656953042
-3124.2656603139
-3124.2657898602
-3124.2656974330
-3124.2656579768
-3124.2657042728
-3124.2656141525
-3124.2657028001
-3124.2657712581
-3124.2656253126
-3124.2657791316
-3124.2656833412
-3124.2658058240
-3124.2656813808
-3124.2657043559
-3124.2657752120
-3124.2656433419
-3124.2656985083
-3124.2657640986
-3124.2656781602
-3124.2656986203
-3124.2656842725
-3124.2656870723
-3124.2656708604
-3124.2656314297
-3124.2656772052
-3124.2657455767
-3124.2656589563
-3124.2656798195
-3124.2656935774
-3124.2655953704
-3124.2655911576
-3124.2656603960
-3124.2657893308
-3124.2657253838
-3124.2656298497
-3124.2657745915
-3124.2657240645
-3124.2656695561
-3124.2657549375
-3124.2656167071
-3124.2656582060
-3124.2657711027
-3124.2657275586
-3124.2656793845
-3124.2657305674
-3124.2657715594
-3124.2656671947
-3124.2658322587
-3124.2657060287
-3124.2657096612
-3124.2656933599
-3124.2657706011
-3124.2657272462
-3124.2656716963
-3124.2657352196
-3124.2657762992
-3124.2657034387
-3124.2655999042
-3124.2656628066
-3124.2656525142
-3124.2657377263
-3124.2657046116
-3124.2657493682
-3124.2657069818
-3124.2656517490
-3124.2656450080
-3124.2656705000
-3124.2656998152
-3124.2656933715
-3124.2657010159
-3124.2657139899
-3124.2656028795
-3124.2656344415
-3124.2655909770
-3124.2657347664
-3124.2655554510
-3124.2656744045
-3124.2656458669
-3124.2656974147
-3124.2656394285
-3124.2655825161
-3124.2657568348
-3124.2657522450
-3124.2656643087
-3124.2656823224
-3124.2656290259
-3124.2656928685
-3124.2656017949
-3124.2657659250
-3124.2657034746
-3124.2656945657
-3124.2657305847
-3124.2657232446
-3124.2656285145
-3124.2656988506
-3124.2656936895
-3124.2656781290
-3124.2657065576
-3124.2656868711
-3124.2656698725
-3124.2656767265
-3124.2656778604
-3124.2657537956
-3124.2656468622
-3124.2655880009
-3124.2657749479
-3124.2657217060
-3124.2656548709
-3124.2656640959
-3124.2656704056
-3124.2656641510
-3124.2656777336
-3124.2655984104
-3124.2656754554
-3124.2656408386
-3124.2655972077
-3124.2658070924
-3124.2657021911
-3124.2657156006
-3124.2655987605
-3124.2657334842
-3124.2656740461
-3124.2657376129
-3124.2656640609
-3124.2657487843
-3124.2656125861
-3124.2655276803
-3124.2657661209
-3124.2657256388
-3124.2656944426
-3124.2656323382
-3124.2656702596
-3124.2655540745
-3124.2657292885
-3124.2656197475
-3124.2656597480
-3124.2655484206
-3124.2655993521
-3124.2656322408
-3124.2657838544
-3124.2656633376
-3124.2657890492
-3124.2657201612
-3124.2656296480
-3124.2657414578
-3124.2656972951
-3124.2656427092
-3124.2658253696
-3124.2656870267
-3124.2657329679
-3124.2657062612
-3124.2657118099
-3124.2656793272
-3124.2657310927
-3124.2656269741
-3124.2657645446
-3124.2656582848
-3124.2657413379
-3124.2656625412
-3124.2657234094
-3124.2654997984
-3124.2656475432
-3124.2656982407
-3124.2655915815
-3124.2656942099
-3124.2656955941
-3124.2656972283
-3124.2657102088
-3124.2657031798
-3124.2657183947
-3124.2655434230
-3124.2655842290
-3124.2656608605
-3124.2656350226
-3124.2657189879
-3124.2656505439
-3124.2657086384
-3124.2656627158
-3124.2656300308
-3124.2656481597
-3124.2656331894
-3124.2656842369
-3124.2657460419
-3124.2656910065
-3124.2656738000
-3124.2657398661
-3124.2656146137
-3124.2656719909
-3124.2657341581
-3124.2658283391
-3124.2657013797
-3124.2656412505
-3124.2656955562
-3124.2656189299
-3124.2656812345
-3124.2657095192
-3124.2657406781
-3124.2657342171
-3124.2657054498
-3124.2657421356
-3124.2656864412
-3124.2657631171
-3124.2657322239
-3124.2658263574
-3124.2656676720
-3124.2656653529
-3124.2656434111
-3124.2657849030
-3124.2656450521
-3124.2657505082
-3124.2656169733
-3124.2656853421
-3124.2656440743
-3124.2656793434
-3124.2657145917
-3124.2656348336
-3124.2657054603
-3124.2657584253
-3124.2657710709
-3124.2656874529
-3124.2656282008
-3124.2657386614
-3124.2657405667
-3124.2657343595
-3124.2657591854
-3124.2654673628
-3124.2657490856
-3124.2656400114
-3124.2657587068
-3124.2656074166
-3124.2656407788
-3124.2656475410
-3124.2656771590
-3124.2656715306
-3124.2656901287
-3124.2656755183
-3124.2656398062
-3124.2656038335
-3124.2656781552
-3124.2656217707
-3124.2656797812
-3124.2656930211
-3124.2657115762
-3124.2656840844
-3124.2656990930
-3124.2657360585
-3124.2657467451
-3124.2658245598
-3124.2657032794
-3124.2656568828
-3124.2657273782
-3124.2658179701
-3124.2657687300
-3124.2656236746
-3124.2657493365
-3124.2657768732
-3124.2657899574
-3124.2657002794
-3124.2657315429
-3124.2656868129
-3124.2656722660
-3124.2656401259
-3124.2655734604
-3124.2657385277
-3124.2657187698
-3124.2656650254
-3124.2657587758
-3124.2655751296
-3124.2656586677
-3124.2656863154
-3124.2657598538
-3124.2656882592
-3124.2656385346
-3124.2656292132
-3124.2656880266
-3124.2656772528
-3124.2657385519
-3124.2657359365
-3124.2657681632
-3124.2656704867
-3124.2657284965
-3124.2657513509
-3124.2656780332
-3124.2657669934
-3124.2658303354
-3124.2656324846
-3124.2656764649
-3124.2657089241
-3124.2656682699
-3124.2656730523
-3124.2657489805
-3124.2657405229
-3124.2655925106
-3124.2656795560
-3124.2657271668
-3124.2657431468
-3124.2655704763
-3124.2657252077
-3124.2657064063
-3124.2656954298
-3124.2657313179
-3124.2657231060
-3124.2658333645
-3124.2656957620
-3124.2656618502
-3124.2656823551
-3124.2656379086
-3124.2657259434
-3124.2656454561
-3124.2657588271
-3124.2657474476
-3124.2656917633
-3124.2657706979
-3124.2656489929
-3124.2656241747
-3124.2658176277
-3124.2656999129
-3124.2657208298
-3124.2658301808
-3124.2656861660
-3124.2656655382
-3124.2656944197
-3124.2657262042
-3124.2656669470
-3124.2656614772
-3124.2656989703
-3124.2656651779
-3124.2657116575
-3124.2656705495
-3124.2656032247
-3124.2656728936
-3124.2656893217
-3124.2657717084
-3124.2656289939
-3124.2655646634
-3124.2655796636
-3124.2656298850
-3124.2656478980
-3124.2656244874
-3124.2656452782
-3124.2656089510
-3124.2657343266
-3124.2656151362
-3124.2656077871
-3124.2657048352
-3124.2656584374
-3124.2656614279
-3124.2657039687
-3124.2657390139
-3124.2657265375
-3124.2656915835
-3124.2657330055
-3124.2657129541
-3124.2656599540
-3124.2657302971
-3124.2656997303
-3124.2657109269
-3124.2656579969
-3124.2657061071
-3124.2657468185
-3124.2657112721
-3124.2656116163
-3124.2656368909
-3124.2657531975
-3124.2657053660
-3124.2656669857
-3124.2657550263
-3124.2656854305
-3124.2656618391
-3124.2655927996
-3124.2656486714
-3124.2657149730
-3124.2656473996
-3124.2657191846
-3124.2657332667
-3124.2656720368
-3124.2656845605
-3124.2656149966
-3124.2656248857
-3124.2656536701
-3124.2656559029
-3124.2658372872
-3124.2656508898
-3124.2656513817
-3124.2656498002
-3124.2655513879
-3124.2658282226
-3124.2657007181
-3124.2657205177
-3124.2656433261
-3124.2657102311
-3124.2657156368
-3124.2656972268
-3124.2656989142
-3124.2656151481
-3124.2657123796
-3124.2657130461
-3124.2656422078
-3124.2655616630
-3124.2657758289
-3124.2657107655
-3124.2657575821
-3124.2656670893
-3124.2656497463
-3124.2656623029
-3124.2655591768
-3124.2657086996
-3124.2657456715
-3124.2656936045
-3124.2657258621
-3124.2656062509
-3124.2655714494
-3124.2657498050
-3124.2656496498
-3124.2657113557
-3124.2656571535
-3124.2657358981
-3124.2655683095
-3124.2655626815
-3124.2656352387
-3124.2657115734
-3124.2656690450
-3124.2656490154
-3124.2657180611
-3124.2657193698
-3124.2656649478
-3124.2656849282
-3124.2657080095
-3124.2657162895
-3124.2655669716
-3124.2656413661
-3124.2657232612
-3124.2656621615
-3124.2657483632
-3124.2656946754
-3124.2656787709
-3124.2656493700
-3124.2656120717
-3124.2655720191
-3124.2657535703
-3124.2656659922
-3124.2656295974
-3124.2656380635
-3124.2658067409
-3124.2657914791
-3124.2655919522
-3124.2656735865
-3124.2656683104
-3124.2656892560
-3124.2657548640
-3124.2657161402
-3124.2658297721
-3124.2657481590
-3124.2656856331
-3124.2657593646
-3124.2656723379
-3124.2656915347
-3124.2657813618
-3124.2657765009
-3124.2656825323
-3124.2656762174
-3124.2657637706
-3124.2656934808
-3124.2656279197
-3124.2656766798
-3124.2656271003
-3124.2656980918
-3124.2656984616
-3124.2657226806
-3124.2657223477
-3124.2656640559
-3124.2655973906
-3124.2656338334
-3124.2656808429
-3124.2656414322
-3124.2656590469
-3124.2658314258
-3124.2657045813
-3124.2656599240
-3124.2656645324
-3124.2657247105
-3124.2656187524
-3124.2657074836
-3124.2655262986
-3124.2656407407
-3124.2656078676
-3124.2656528670
-3124.2656766050
-3124.2656765671
-3124.2656660092
-3124.2657087673
-3124.2656640861
-3124.2656285895
-3124.2657349780
-3124.2657225256
-3124.2656896055
-3124.2657323214
-3124.2656596550
-3124.2657092148
-3124.2657081877
-3124.2657834067
-3124.2657584275
-3124.2656997548
-3124.2657341959
-3124.2656142606
-3124.2656586291
-3124.2656782734
-3124.2656624945
-3124.2656845774
-3124.2657128732
-3124.2656778386
-3124.2657392715
-3124.2656085915
-3124.2657105213
-3124.2656456496
-3124.2657636619
-3124.2656676986
-3124.2657380605
-3124.2657898964
-3124.2655956794
-3124.2655978494
-3124.2657161868
-3124.2657742137
-3124.2656213875
-3124.2658138484
-3124.2656566276
-3124.2656871341
-3124.2656877875
-3124.2658248236
-3124.2657147994
-3124.2656997225
-3124.2657386221
-3124.2657069893
-3124.2656352756
-3124.2658283621
-3124.2657846746
-3124.2657459815
-3124.2656719727
-3124.2656535207
-3124.2656189807
-3124.2656791019
-3124.2657835070
-3124.2656764128
-3124.2656768220
-3124.2656384892
-3124.2656549499
-3124.2656241464
-3124.2657110090
-3124.2657220785
-3124.2656850008
-3124.2657216576
-3124.2656783468
-3124.2656557701
-3124.2656283104
-3124.2656700955
-3124.2657186874
-3124.2656471403
-3124.2657057454
-3124.2656589070
-3124.2656425875
-3124.2657717844
-3124.2656328260
-3124.2656135157
-3124.2656789137
-3124.2658279326
-3124.2657136032
-3124.2656928425
-3124.2657354851
-3124.2657012214
-3124.2655787004
-3124.2656843169
-3124.2656789133
-3124.2656360462
-3124.2656545684
-3124.2657015210
-3124.2655779450
-3124.2656946895
-3124.2657713738
-3124.2657002847
-3124.2656937440
-3124.2654460500
-3124.2657437549
-3124.2656685652
-3124.2656456948
-3124.2656293438
-3124.2656002589
-3124.2656475540
-3124.2656548210
-3124.2657501301
-3124.2657119355
-3124.2657583365
-3124.2656339233
-3124.2656735531
-3124.2656734230
-3124.2656885707
-3124.2656981498
-3124.2657444707
-3124.2657598143
-3124.2656992956
-3124.2656398666
-3124.2657235025
-3124.2657144003
-3124.2656872340
-3124.2656324010
-3124.2658265087
-3124.2657863969
-3124.2656341309
-3124.2656856871
-3124.2657006395
-3124.2656535525
-3124.2657113409
-3124.2656025359
-3124.2657001446
-3124.2656919340
-3124.2656415740
-3124.2656992938
-3124.2655440058
-3124.2656457176
-3124.2657180299
-3124.2657077234
-3124.2656850124
-3124.2657469201
-3124.2656433106
-3124.2656206842
-3124.2657430248
-3124.2657528205
-3124.2657405312
-3124.2657607307
-3124.2657568299
-3124.2657395997
-3124.2657713559
-3124.2656621880
-3124.2656404768
-3124.2656336679
-3124.2656336947
-3124.2657581740
-3124.2656932038
-3124.2656795246
-3124.2656895243
-3124.2657608268
-3124.2656086812
-3124.2656226827
-3124.2656296805
-3124.2656844992
-3124.2656059569
-3124.2656388550
-3124.2657284744
-3124.2657087306
-3124.2656857859
-3124.2656080552
-3124.2656686771
-3124.2657000747
-3124.2656949311
-3124.2657656342
-3124.2656982011
-3124.2657079548
-3124.2656497831
-3124.2656899109
-3124.2656809633
-3124.2656792902
-3124.2656981211
-3124.2656844710
-3124.2656231676
-3124.2657004857
-3124.2656800669
-3124.2656046559
-3124.2656790740
-3124.2657025976
-3124.2656885639
-3124.2658312159
-3124.2656703763
-3124.2656174767
-3124.2657345915
-3124.2656618311
-3124.2657353791
-3124.2657113586
-3124.2656918116
-3124.2657029974
-3124.2656869098
-3124.2657427516
-3124.2657134597
-3124.2656131015
-3124.2657452180
-3124.2657039134
-3124.2657166883
-3124.2658147371
-3124.2656913691
-3124.2656812435
-3124.2656770617
-3124.2655855393
-3124.2657344094
-3124.2656798214
-3124.2656921582
-3124.2657601733
-3124.2657195193
-3124.2657014466
-3124.2656793917
-3124.2657031641
-3124.2657281031
-3124.2657211478
-3124.2656779174
-3124.2656708897
-3124.2656629268
-3124.2657015200
-3124.2656722440
-3124.2657187362
-3124.2657178838
-3124.2657515566
-3124.2655910818
-3124.2657223839
-3124.2657209743
-3124.2656947602
-3124.2655560479
-3124.2656945585
-3124.2657043467
-3124.2656923068
-3124.2657795480
-3124.2657361450
-3124.2656849017
-3124.2657244597
-3124.2656943865
-3124.2657907737
-3124.2656782697
-3124.2656852450
-3124.2656161748
-3124.2657884115
-3124.2655791332
-3124.2656282414
-3124.2656577447
-3124.2656810791
-3124.2656583452
-3124.2655420328
-3124.2657286645
-3124.2655950682
-3124.2656145167
-3124.2655319200
-3124.2656946845
-3124.2657420436
-3124.2657411022
-3124.2656501657
-3124.2657413503
-3124.2657695597
-3124.2656482317
-3124.2656879738
-3124.2656782445
-3124.2656486616
-3124.2656599455
-3124.2656867646
-3124.2656391979
-3124.2656314206
-3124.2656920146
-3124.2656717171
-3124.2657330165
-3124.2656912072
-3124.2655539426
-3124.2657214143
-3124.2657491603
-3124.2656639475
-3124.2656925896
-3124.2656032621
-3124.2656174352
-3124.2655800752
-3124.2657018223
-3124.2657218261
-3124.2656458721
-3124.2657795474
-3124.2656606586
-3124.2656612210
-3124.2657163181
-3124.2657164136
-3124.2656077716
-3124.2655960764
-3124.2656750305
-3124.2657431742
-3124.2656995766
-3124.2656509747
-3124.2657472021
-3124.2657977325
-3124.2657196092
-3124.2657696367
-3124.2657522978
-3124.2656523324
-3124.2657215584
-3124.2657009638
-3124.2657201862
-3124.2657216782
-3124.2657423698
-3124.2656053655
-3124.2656851737
-3124.2656884932
-3124.2655966830
-3124.2656613237
-3124.2657031701
-3124.2655977124
-3124.2656657421
-3124.2657350908
-3124.2656439954
-3124.2657477565
-3124.2656530009
-3124.2656994498
-3124.2657256683
-3124.2657321874
-3124.2657212129
-3124.2656659526
-3124.2656026620
-3124.2656653514
-3124.2656533187
-3124.2656959779
-3124.2657742310
-3124.2658301683
-3124.2657754291
-3124.2656476893
-3124.2656620702
-3124.2656352502
-3124.2657533833
-3124.2656155884
-3124.2657017984
-3124.2656680527
-3124.2657423759
-3124.2657934730
-3124.2657682426
-3124.2657613019
-3124.2657458800
-3124.2656036422
-3124.2656989505
-3124.2657623488
-3124.2656711550
-3124.2657190154
-3124.2656642147
-3124.2657264665
-3124.2657854479
-3124.2655845712
-3124.2656843641
-3124.2656484017
-3124.2656408072
-3124.2657214772
-3124.2657376901
-3124.2656787620
-3124.2656557774
-3124.2657054190
-3124.2656681786
-3124.2657696833
-3124.2656338947
-3124.2656767836
-3124.2657351287
-3124.2657287236
-3124.2656344078
-3124.2656766815
-3124.2657071465
-3124.2657516242
-3124.2656548745
-3124.2657076897
-3124.2657236043
-3124.2657196067
-3124.2656847071
-3124.2657177439
-3124.2656688205
-3124.2657072630
-3124.2656915431
-3124.2655266123
-3124.2656977286
-3124.2657580252
-3124.2656583717
-3124.2656467276
-3124.2657479169
-3124.2656222721
-3124.2656177239
-3124.2657603513
-3124.2657696855
-3124.2657199000
-3124.2656117264
-3124.2656915579
-3124.2657043037
-3124.2656657686
-3124.2657182077
-3124.2656939886
-3124.2657388075
-3124.2657439470
-3124.2656695367
-3124.2658330015
-3124.2656558222
-3124.2655939265
-3124.2656437721
-3124.2657334637
-3124.2656282699
-3124.2656421037
-3124.2656925449
-3124.2657235098
-3124.2656098338
-3124.2656286866
-3124.2656808712
-3124.2656831025
-3124.2657159389
-3124.2656310847
-3124.2657096917
-3124.2656888131
-3124.2657121764
-3124.2656665842
-3124.2656028922
-3124.2656995668
-3124.2657300476
-3124.2656539492
-3124.2656363731
-3124.2657583957
-3124.2656845784
-3124.2656807727
-3124.2656627237
-3124.2656003370
-3124.2657452079
-3124.2656514946
-3124.2657359355
-3124.2656332562
-3124.2656189624
-3124.2656478253
-3124.2655530400
-3124.2656685865
-3124.2656713774
-3124.2656464425
-3124.2656965908
-3124.2657373820
-3124.2655617881
-3124.2657291642
-3124.2657250196
-3124.2656333502
-3124.2656479032
-3124.2656004896
-3124.2656903601
-3124.2656947390
-3124.2656519192
-3124.2658286487
-3124.2656390536
-3124.2656683995
-3124.2655652337
-3124.2657975138
-3124.2656824064
-3124.2657626598
-3124.2656033624
-3124.2656888896
-3124.2656157245
-3124.2657949657
-3124.2657545989
-3124.2656344361
-3124.2657134410
-3124.2656824452
-3124.2656560568
-3124.2657179554
-3124.2656135326
-3124.2657282245
-3124.2657068913
-3124.2656029617
-3124.2656070751
-3124.2657310550
-3124.2657705630
-3124.2657012102
-3124.2657008564
-3124.2657438558
-3124.2657150510
-3124.2656220338
-3124.2656193829
-3124.2656365038
-3124.2656502853
-3124.2657776355
-3124.2657287866
-3124.2656564128
-3124.2657451285
-3124.2656528083
-3124.2656351525
-3124.2657341193
-3124.2657231014
-3124.2657092854
-3124.2656386034
-3124.2657420802
-3124.2656317183
-3124.2657215236
-3124.2656576343
-3124.2655700910
-3124.2657333262
-3124.2657970014
-3124.2655367765
-3124.2657054373
-3124.2656688435
-3124.2655766732
-3124.2658160027
-3124.2656367000
-3124.2656623603
-3124.2656785874
-3124.2657442366
-3124.2655585908
-3124.2656110691
-3124.2656676865
-3124.2656715438
-3124.2657370960
-3124.2657381851
-3124.2656710504
-3124.2656826802
-3124.2656546479
-3124.2656974859
-3124.2656388916
-3124.2656888759
-3124.2657186566
-3124.2657138784
-3124.2656425351
-3124.2657551455
-3124.2656667683
-3124.2658253230
-3124.2656156173
-3124.2656766904
-3124.2658298143
-3124.2656368195
-3124.2656645064
-3124.2657665940
-3124.2657078526
-3124.2657335107
-3124.2657337571
-3124.2657381476
-3124.2657173913
-3124.2657111356
-3124.2656635441
-3124.2657081130
-3124.2656661183
-3124.2656972985
-3124.2656567541
-3124.2657790837
-3124.2657514932
-3124.2657325002
-3124.2655614013
-3124.2656539987
-3124.2657928075
-3124.2656787713
-3124.2657013213
-3124.2656669315
-3124.2656573512
-3124.2657161133
-3124.2656651979
-3124.2656779878
-3124.2656753209
-3124.2657469189
-3124.2656855348
-3124.2656979319
-3124.2657443893
-3124.2656655877
-3124.2656634190
-3124.2656359193
-3124.2656467981
-3124.2655926467
-3124.2657552104
-3124.2656671073
-3124.2656905942
-3124.2656865455
-3124.2656430826
-3124.2656147551
-3124.2657343383
-3124.2656618501
-3124.2656908631
-3124.2656980403
-3124.2656509062
-3124.2657140947
-3124.2657480072
-3124.2656639665
-3124.2656457752
-3124.2656455164
-3124.2656265913
-3124.2657024943
-3124.2656928411
-3124.2656157804
-3124.2656900723
-3124.2657394625
-3124.2656771397
-3124.2656672499
-3124.2657227192
-3124.2657208242
-3124.2657053483
-3124.2656779742
-3124.2657532533
-3124.2656737836
-3124.2656299369
-3124.2657084896
-3124.2656801392
-3124.2656075826
-3124.2657113457
-3124.2656391980
-3124.2656897207
-3124.2656153249
-3124.2656905446
-3124.2657228314
-3124.2657180409
-3124.2657827947
-3124.2657286122
-3124.2656990817
-3124.2657319588
-3124.2658262535
-3124.2657455200
-3124.2657234532
-3124.2656360286
-3124.2656919461
-3124.2656106596
-3124.2656880470
-3124.2656907799
-3124.2657714083
-3124.2657799946
-3124.2657194567
-3124.2657153588
-3124.2656845868
-3124.2657640816
-3124.2656308826
-3124.2656433433
-3124.2656430925
-3124.2656491593
-3124.2657117636
-3124.2657081393
-3124.2657828080
-3124.2657585504
-3124.2656746400
-3124.2656311459
-3124.2656092038
-3124.2658246687
-3124.2656980245
-3124.2656672367
-3124.2657622205
-3124.2655196709
-3124.2656740980
-3124.2656802843
-3124.2657233129
-3124.2657033163
-3124.2656889111
-3124.2655968550
-3124.2657120777
-3124.2656124727
-3124.2657135319
-3124.2657004584
-3124.2656535389
-3124.2657183969
-3124.2657295312
-3124.2657135100
-3124.2657857166
-3124.2656954266
-3124.2657470627
-3124.2657284923
-3124.2656687949
-3124.2656790141
-3124.2656234857
-3124.2657186729
-3124.2656520718
-3124.2656660144
-3124.2656335452
-3124.2658265714
-3124.2657022090
-3124.2655730859
-3124.2657392453
-3124.2657857944
-3124.2657166499
-3124.2657090729
-3124.2657025730
-3124.2655828593
-3124.2656475488
-3124.2656299756
-3124.2657421566
-3124.2656286823
-3124.2656833781
-3124.2656591477
-3124.2657237305
-3124.2656535718
-3124.2656177511
-3124.2656293284
-3124.2657884170
-3124.2657645424
-3124.2656320072
-3124.2656952979
-3124.2655862772
-3124.2656504912
-3124.2657399764
-3124.2657174199
-3124.2656752422
-3124.2656816287
-3124.2656498985
-3124.2657096486
-3124.2657000407
-3124.2656543912
-3124.2657275517
-3124.2656543041
-3124.2657131329
-3124.2656076754
-3124.2657784285
-3124.2657349131
-3124.2658321590
-3124.2656531561
-3124.2656653599
-3124.2657053251
-3124.2658284988
-3124.2657872479
-3124.2656006188
-3124.2657155619
-3124.2656207349
-3124.2657317173
-3124.2655834771
-3124.2656976267
-3124.2656196548
-3124.2657918702
-3124.2657738103
-3124.2658224688
-3124.2657183387
-3124.2656855148
-3124.2656819551
-3124.2657422482
-3124.2657289733
-3124.2656809559
-3124.2657244505
-3124.2657762392
-3124.2655694060
-3124.2657436479
-3124.2656402649
-3124.2657202534
-3124.2656514665
-3124.2656927139
-3124.2656853130
-3124.2657216341
-3124.2656494654
-3124.2656473931
-3124.2657428240
-3124.2656939057
-3124.2656020056
-3124.2657203583
-3124.2656867161
-3124.2656944945
-3124.2656946934
-3124.2657683367
-3124.2655568013
-3124.2656444262
-3124.2657300391
-3124.2656635940
-3124.2657806572
-3124.2656695327
-3124.2655843673
-3124.2657122940
-3124.2657242288
-3124.2656557817
-3124.2657461170
-3124.2656458880
-3124.2656660635
-3124.2656728640
-3124.2656466841
-3124.2656223084
-3124.2657237019
-3124.2656859165
-3124.2657195808
-3124.2657202938
-3124.2657166678
-3124.2656816280
-3124.2657020716
-3124.2657041297
-3124.2655783864
-3124.2656883205
-3124.2657069770
-3124.2655877052
-3124.2656226081
-3124.2655872950
-3124.2657498498
-3124.2656906577
-3124.2656410547
-3124.2657027736
-3124.2656923443
-3124.2657177321
-3124.2657360716
-3124.2657475834
-3124.2655704936
-3124.2656521800
-3124.2657632762
-3124.2656448216
-3124.2657896782
-3124.2657431563
-3124.2656806394
-3124.2658308529
-3124.2656622978
-3124.2657074011
-3124.2656268689
-3124.2657102956
-3124.2656618387
-3124.2656779339
-3124.2657673121
-3124.2657386147
-3124.2656448531
-3124.2656894101
-3124.2657359247
-3124.2657314790
-3124.2656766236
-3124.2656358960
-3124.2656470834
-3124.2657150600
-3124.2657042160
-3124.2657116560
-3124.2656889584
-3124.2656721981
-3124.2656682923
-3124.2656513090
-3124.2656859892
-3124.2657441270
-3124.2655979511
-3124.2656303568
-3124.2658291312
-3124.2657417179
-3124.2656914733
-3124.2657369189
-3124.2656609758
-3124.2657068687
-3124.2656031656
-3124.2657403768
-3124.2658297797
-3124.2656283918
-3124.2657259546
-3124.2656511622
-3124.2657090128
-3124.2655695976
-3124.2656740573
-3124.2656639400
-3124.2656015761
-3124.2657345259
-3124.2656579371
-3124.2657627557
-3124.2657397316
-3124.2657467024
-3124.2656967435
-3124.2657291973
-3124.2657304839
-3124.2656540909
-3124.2657043372
-3124.2656202558
-3124.2657372706
-3124.2656619851
-3124.2656205637
-3124.2656616954
-3124.2655995893
-3124.2656516148
-3124.2656468449
-3124.2658265113
-3124.2656435987
-3124.2656974480
-3124.2658293311
-3124.2657422163
-3124.2656650481
-3124.2657575052
-3124.2656825293
-3124.2656679482
-3124.2656385675
-3124.2657096002
-3124.2656205212
-3124.2657633295
-3124.2657062438
-3124.2656631936
-3124.2656676143
-3124.2655643830
-3124.2656183138
-3124.2655816047
-3124.2656430478
-3124.2657058323
-3124.2656731148
-3124.2657253442
-3124.2656252508
-3124.2657176497
-3124.2655909570
-3124.2656309783
-3124.2657026569
-3124.2656064988
-3124.2656401112
-3124.2656932812
-3124.2657725525
-3124.2657099178
-3124.2657808260
-3124.2656702119
-3124.2656466389
-3124.2656012669
-3124.2657235151
-3124.2657432126
-3124.2656271917
-3124.2656668525
-3124.2658279019
-3124.2657533046
-3124.2656167615
-3124.2656827056
-3124.2656378249
-3124.2657130363
-3124.2655791716
-3124.2656752985
-3124.2656699975
-3124.2657403248
-3124.2657293115
-3124.2656591657
-3124.2657353465
-3124.2656927059
-3124.2656918657
-3124.2657155776
-3124.2656276031
-3124.2656597678
-3124.2655683851
-3124.2657229020
-3124.2657263623
-3124.2657045039
-3124.2657619968
-3124.2656615023
-3124.2657206512
-3124.2656081431
-3124.2656617519
-3124.2657171467
-3124.2656604625
-3124.2656857265
-3124.2655983218
-3124.2656900819
-3124.2657497010
-3124.2655711599
-3124.2656026328
-3124.2657338987
-3124.2656366599
-3124.2656576721
-3124.2656671220
-3124.2656967624
-3124.2657792532
-3124.2656203689
-3124.2655812343
-3124.2655723094
-3124.2657623611
-3124.2656586102
-3124.2656678993
-3124.2657187125
-3124.2657268512
-3124.2657784539
-3124.2657611501
-3124.2656904264
-3124.2656039162
-3124.2657669251
-3124.2656963956
-3124.2657086188
-3124.2656366502
-3124.2656616466
-3124.2656232835
-3124.2657386572
-3124.2657075150
-3124.2656635329
-3124.2657528816
-3124.2656334701
-3124.2656600237
-3124.2656786314
-3124.2656677679
-3124.2656988533
-3124.2657401856
-3124.2656552897
-3124.2656591679
-3124.2656722430
-3124.2657155857
-3124.2656140512
-3124.2657558122
-3124.2656927123
-3124.2657441246
-3124.2655966768
-3124.2657585398
-3124.2656911917
-3124.2656556788
-3124.2657677476
-3124.2657138785
-3124.2656727852
-3124.2657212070
-3124.2656620294
-3124.2657007056
-3124.2657194731
-3124.2656788910
-3124.2657210892
-3124.2656367323
-3124.2657169883
-3124.2656865399
-3124.2657993709
-3124.2656428106
-3124.2656435545
-3124.2657037408
-3124.2657255591
-3124.2657437493
-3124.2656813824
-3124.2656124411
-3124.2656035417
-3124.2657180676
-3124.2657225838
-3124.2655108819
-3124.2656481701
-3124.2656023719
-3124.2656240761
-3124.2655864591
-3124.2657466574
-3124.2656084518
-3124.2658270134
-3124.2656184670
-3124.2657303265
-3124.2657801427
-3124.2656958329
-3124.2656757450
-3124.2656793869
-3124.2656973328
-3124.2656525342
-3124.2657294143
-3124.2657137329
-3124.2656897389
-3124.2656597380
-3124.2656777908
-3124.2657498023
-3124.2656780279
-3124.2657130746
-3124.2656526323
-3124.2657530627
-3124.2656358660
-3124.2657679976
-3124.2656909474
-3124.2656563016
-3124.2656880692
-3124.2657085243
-3124.2657311819
-3124.2657103188
-3124.2656154377
-3124.2657277890
-3124.2656924619
-3124.2657334029
-3124.2657064870
-3124.2657372343
-3124.2657269900
-3124.2656049377
-3124.2656036507
-3124.2656544878
-3124.2657453713
-3124.2657475258
-3124.2656819421
-3124.2657201234
-3124.2657612472
-3124.2657187281
-3124.2657357429
-3124.2657389232
-3124.2657252058
-3124.2658268252
-3124.2658269125
-3124.2655807089
-3124.2656364557
-3124.2656864726
-3124.2656857083
-3124.2655462913
-3124.2657696118
-3124.2656802422
-3124.2657352708
-3124.2655558192
-3124.2655893874
-3124.2656455504
-3124.2657157476
-3124.2656319630
-3124.2656091752
-3124.2656336776
-3124.2658351606
-3124.2656119849
-3124.2657069259
-3124.2657783267
-3124.2656049808
-3124.2655104226
-3124.2656678471
-3124.2656681810
-3124.2656129217
-3124.2657419517
-3124.2657337630
-3124.2657666729
-3124.2656947435
-3124.2658304239
-3124.2657169618
-3124.2656313242
-3124.2656664879
-3124.2656731123
-3124.2657117151
-3124.2656314609
-3124.2657143968
-3124.2655768238
-3124.2656668451
-3124.2656712764
-3124.2657934466
-3124.2658078289
-3124.2655737136
-3124.2656776332
-3124.2655354468
-3124.2656813822
-3124.2656954137
-3124.2656357842
-3124.2657009746
-3124.2656906233
-3124.2656737322
-3124.2656772251
-3124.2657278062
-3124.2657124438
-3124.2656922526
-3124.2655233580
-3124.2656993468
-3124.2656744821
-3124.2656849861
-3124.2656062164
-3124.2656943467
-3124.2655374883
-3124.2657046679
-3124.2657464354
-3124.2655981014
-3124.2657320976
-3124.2656959373
-3124.2656332143
-3124.2656139265
-3124.2656629730
-3124.2657152054
-3124.2655325015
-3124.2656992042
-3124.2656619515
-3124.2657392007
-3124.2656785000
-3124.2657445200
-3124.2656800491
-3124.2657411933
-3124.2657282745
-3124.2656126185
-3124.2656042615
-3124.2656720507
-3124.2656660536
-3124.2657680457
-3124.2657278182
-3124.2656819764
-3124.2656290521
-3124.2657222991
-3124.2656908587
-3124.2656594802
-3124.2656398307
-3124.2656480490
-3124.2657056153
-3124.2656272765
-3124.2657747245
-3124.2657232650
-3124.2656401017
-3124.2656183073
-3124.2656743514
-3124.2656585811
-3124.2656651769
-3124.2656884404
-3124.2656853380
-3124.2656897176
-3124.2657614082
-3124.2657057159
-3124.2657108858
-3124.2657360287
-3124.2655897378
-3124.2656361874
-3124.2657453850
-3124.2656426228
-3124.2655822367
-3124.2657786112
-3124.2657088209
-3124.2656844516
-3124.2656993729
-3124.2657427257
-3124.2657125584
-3124.2657462211
-3124.2656561130
-3124.2657399692
-3124.2658274185
-3124.2657031142
-3124.2656637761
-3124.2656963560
-3124.2656754460
-3124.2657257372
-3124.2657651804
-3124.2655362623
-3124.2656591831
-3124.2657730251
-3124.2656817156
-3124.2657103681
-3124.2656973545
-3124.2656251189
-3124.2656452125
-3124.2656480491
-3124.2656418381
-3124.2657448620
-3124.2656561477
-3124.2655880413
-3124.2657201944
-3124.2656642284
-3124.2656293748
-3124.2656707065
-3124.2657012479
-3124.2656859636
-3124.2656508194
-3124.2657281659
-3124.2657788603
-3124.2656632164
-3124.2656268671
-3124.2656593811
-3124.2656788286
-3124.2657366082
-3124.2656235620
-3124.2657140464
-3124.2657641475
-3124.2656206580
-3124.2655674742
-3124.2657352916
-3124.2655841323
-3124.2657803002
-3124.2655626186
-3124.2657674597
-3124.2655680551
-3124.2657275362
-3124.2656447819
-3124.2657649081
-3124.2657109125
-3124.2657374831
-3124.2657218265
-3124.2658305148
-3124.2656530145
-3124.2655767824
-3124.2656837242
-3124.2656552496
-3124.2656957125
-3124.2657192593
-3124.2657021116
-3124.2656502187
-3124.2656317817
-3124.2657214104
-3124.2656291997
-3124.2656146740
-3124.2657360245
-3124.2655464767
-3124.2656649411
-3124.2657108707
-3124.2656342982
-3124.2656979527
-3124.2657659016
-3124.2656884035
-3124.2656858546
-3124.2658315113
-3124.2657724552
-3124.2656099514
-3124.2657742684
-3124.2656006475
-3124.2657031209
-3124.2656377256
-3124.2656706766
-3124.2657323988
-3124.2656815093
-3124.2657200060
-3124.2656259135
-3124.2655446941
-3124.2657486259
-3124.2655854765
-3124.2657659527
-3124.2657049232
-3124.2657130483
-3124.2657331805
-3124.2656764585
-3124.2656497863
-3124.2657289337
-3124.2656175540
-3124.2656144306
-3124.2657294499
-3124.2656980439
-3124.2656255179
-3124.2656549716
-3124.2656950945
-3124.2656934617
-3124.2658322260
-3124.2657279236
-3124.2655940854
-3124.2656977169
-3124.2657160672
-3124.2657063921
-3124.2656881155
-3124.2656805037
-3124.2656636519
-3124.2656623096
-3124.2656393514
-3124.2655930290
-3124.2656883797
-3124.2656831360
-3124.2656998906
-3124.2657601543
-3124.2656299931
-3124.2656489803
-3124.2657333894
-3124.2656974375
-3124.2656697630
-3124.2657734424
-3124.2656284983
-3124.2656876873
-3124.2658100814
-3124.2656702948
-3124.2657107977
-3124.2657703978
-3124.2657029758
-3124.2657236836
-3124.2657244041
-3124.2656800085
-3124.2656706134
-3124.2656430388
-3124.2657532493
-3124.2656756013
-3124.2656771004
-3124.2657671433
-3124.2656248899
-3124.2657816812
-3124.2657447829
-3124.2657169815
-3124.2656996262
-3124.2656716633
-3124.2657323948
-3124.2656523324
-3124.2656502782
-3124.2657817000
-3124.2656715810
-3124.2656759099
-3124.2658316858
-3124.2656966766
-3124.2656747165
-3124.2656537714
-3124.2657545860
-3124.2656062509
-3124.2656746793
-3124.2657319274
-3124.2657215232
-3124.2656582553
-3124.2657608611
-3124.2656342734
-3124.2657011929
-3124.2656974594
-3124.2656518083
-3124.2656569519
-3124.2657009132
-3124.2657049729
-3124.2658308195
-3124.2655554083
-3124.2656282147
-3124.2656458564
-3124.2657238274
-3124.2657078593
-3124.2657022840
-3124.2657436624
-3124.2658295298
-3124.2656599642
-3124.2656961592
-3124.2656868684
-3124.2656759310
-3124.2657442535
-3124.2656501428
-3124.2656533540
-3124.2656712757
-3124.2657150644
-3124.2657091630
-3124.2656648853
-3124.2657360516
-3124.2656825880
-3124.2657352449
-3124.2656581644
-3124.2657073207
-3124.2657436722
-3124.2656818843
-3124.2657362579
-3124.2657091052
-3124.2657165763
-3124.2656026765
-3124.2656766345
-3124.2657372939
-3124.2657275822
-3124.2655639928
-3124.2656875374
-3124.2657916195
-3124.2656395747
-3124.2656974769
-3124.2657355582
-3124.2657815089
-3124.2656504159
-3124.2656768168
-3124.2656553748
-3124.2656869115
-3124.2657027870
-3124.2657895039
-3124.2657211086
-3124.2657142840
-3124.2656501903
-3124.2657314502
-3124.2656195601
-3124.2656317144
-3124.2657219646
-3124.2656656842
-3124.2655842983
-3124.2656739974
-3124.2657121500
-3124.2657007081
-3124.2657479766
-3124.2655982200
-3124.2656548851
-3124.2656644984
-3124.2656145274
-3124.2656850775
-3124.2657076603
-3124.2657616723
-3124.2656437531
-3124.2657536238
-3124.2656482360
-3124.2657752806
-3124.2657050033
-3124.2656567065
-3124.2656775641
-3124.2657404317
-3124.2657077587
-3124.2656688422
-3124.2657305639
-3124.2656062729
-3124.2656653117
-3124.2657669843
-3124.2656684167
-3124.2656894398
-3124.2654791146
-3124.2656357188
-3124.2657027639
-3124.2657546180
-3124.2657024319
-3124.2656938712
-3124.2656547852
-3124.2657558071
-3124.2656790869
-3124.2657398792
-3124.2656717681
-3124.2657047283
-3124.2656534076
-3124.2655281873
-3124.2657317513
-3124.2657718103
-3124.2656743067
-3124.2655810266
-3124.2656726419
-3124.2656905252
-3124.2656130809
-3124.2658318272
-3124.2657051849
-3124.2656826613
-3124.2657562957
-3124.2657567229
-3124.2656095949
-3124.2657074342
-3124.2656873044
-3124.2656808088
-3124.2656692970
-3124.2656716158
-3124.2657022398
-3124.2656831955
-3124.2657701811
-3124.2656922135
-3124.2656350780
-3124.2656623729
-3124.2657099908
-3124.2656577383
-3124.2657309714
-3124.2657585673
-3124.2656364393
-3124.2655912630
-3124.2657156660
-3124.2656004344
-3124.2656881040
-3124.2656672820
-3124.2657354991
-3124.2657014404
-3124.2657378302
-3124.2657552790
-3124.2657366577
-3124.2657221860
-3124.2656516011
-3124.2656051242
-3124.2656963245
-3124.2657310510
-3124.2656344289
-3124.2656354385
-3124.2656829917
-3124.2656730135
-3124.2656387728
-3124.2656755247
-3124.2657122361
-3124.2656773718
-3124.2656866817
-3124.2657405572
-3124.2657036855
-3124.2657345824
-3124.2656925420
-3124.2657431623
-3124.2657520496
-3124.2657052661
-3124.2655773785
-3124.2656258568
-3124.2656684971
-3124.2656605556
-3124.2656896177
-3124.2656464723
-3124.2657254249
-3124.2657409144
-3124.2655143748
-3124.2658300488
-3124.2656096430
-3124.2656037822
-3124.2657094053
-3124.2655474867
-3124.2656933596
-3124.2656889810
-3124.2656862941
-3124.2656511557
-3124.2657675001
-3124.2656511728
-3124.2657459477
-3124.2656819629
-3124.2657290957
-3124.2657074203
-3124.2657104487
-3124.2656107089
-3124.2656214180
-3124.2657088968
-3124.2657418673
-3124.2657542483
-3124.2657139299
-3124.2657028040
-3124.2657701125
-3124.2657126691
-3124.2657781998
-3124.2656717621
-3124.2657512077
-3124.2657382177
-3124.2656241854
-3124.2656561568
-3124.2657122302
-3124.2656816961
-3124.2657038364
-3124.2656364971
-3124.2655486922
-3124.2657285937
-3124.2657387361
-3124.2657765247
-3124.2656372241
-3124.2656698739
-3124.2657432501
-3124.2656694377
-3124.2656577180
-3124.2656678454
-3124.2658084242
-3124.2656073185
-3124.2657042943
-3124.2656691959
-3124.2656439383
-3124.2657896194
-3124.2656999135
-3124.2656982946
-3124.2656667411
-3124.2655887626
-3124.2657072367
-3124.2657158978
-3124.2656427074
-3124.2657779260
-3124.2657411233
-3124.2656468022
-3124.2656743408
-3124.2657119707
-3124.2657014076
-3124.2657256900
-3124.2657576405
-3124.2656129185
-3124.2656934448
-3124.2656452014
-3124.2656262817
-3124.2657381509
-3124.2655903380
-3124.2656838183
-3124.2657104890
-3124.2656845803
-3124.2656982669
-3124.2657539147
-3124.2656713243
-3124.2656617509
-3124.2656941719
-3124.2657354704
-3124.2656239966
-3124.2656660662
-3124.2657736750
-3124.2657293445
-3124.2656231301
-3124.2656243985
-3124.2656508962
-3124.2656525435
-3124.2656373922
-3124.2657405854
-3124.2656270087
-3124.2656967146
-3124.2656625445
-3124.2657106558
-3124.2656740451
-3124.2656874315
-3124.2656822517
-3124.2656348958
-3124.2656639882
-3124.2656717794
-3124.2657807809
-3124.2656758156
-3124.2657578216
-3124.2656420777
-3124.2657019088
-3124.2656187695
-3124.2656591042
-3124.2657096556
-3124.2656949177
-3124.2657124031
-3124.2657201856
-3124.2656225882
-3124.2656009300
-3124.2655266481
-3124.2656741528
-3124.2656413642
-3124.2656894064
-3124.2656808559
-3124.2657030794
-3124.2656911620
-3124.2656698581
-3124.2656949671
-3124.2656135993
-3124.2656452063
-3124.2656735118
-3124.2656962423
-3124.2656473827
-3124.2656770913
-3124.2657569231
-3124.2657358818
-3124.2657173783
-3124.2657341168
-3124.2656107479
-3124.2656580632
-3124.2656552843
-3124.2657355793
-3124.2656817736
-3124.2657101993
-3124.2656880086
-3124.2657670064
-3124.2657510847
-3124.2656852915
-3124.2656599734
-3124.2655291116
-3124.2657125182
-3124.2656731007
-3124.2657056157
-3124.2657051651
-3124.2658260236
-3124.2655155350
-3124.2656194163
-3124.2656031623
-3124.2657460234
-3124.2657807390
-3124.2656286633
-3124.2656571743
-3124.2655799284
-3124.2657922618
-3124.2657105942
-3124.2657111388
-3124.2655827506
-3124.2657122885
-3124.2655813806
-3124.2656434215
-3124.2657209319
-3124.2656422169
-3124.2656951678
-3124.2656499612
-3124.2656651973
-3124.2655545350
-3124.2655776684
-3124.2657410666
-3124.2656726257
-3124.2656063081
-3124.2656180555
-3124.2656754586
-3124.2657364570
-3124.2657085894
-3124.2656724761
-3124.2656465786
-3124.2657390018
-3124.2657943353
-3124.2658268190
-3124.2656324433
-3124.2656527458
-3124.2656934925
-3124.2656547869
-3124.2656185861
-3124.2656917474
-3124.2657175538
-3124.2657699647
-3124.2657381219
-3124.2657168255
-3124.2657606955
-3124.2656825101
-3124.2656870571
-3124.2655755448
-3124.2656111560
-3124.2656820332
-3124.2656713763
-3124.2656491496
-3124.2657189763
-3124.2655878671
-3124.2657201415
-3124.2655982914
-3124.2657051131
-3124.2657378485
-3124.2655994291
-3124.2656348566
-3124.2655352170
-3124.2657269467
-3124.2657034907
-3124.2656872320
-3124.2657198395
-3124.2655739590
-3124.2657606898
-3124.2657796423
-3124.2655465911
-3124.2655837377
-3124.2655948335
-3124.2656621173
-3124.2657537863
-3124.2658298030
-3124.2656552068
-3124.2657142323
-3124.2656751741
-3124.2656492272
-3124.2657218658
-3124.2656113797
-3124.2656654839
-3124.2657200208
-3124.2657332414
-3124.2656641973
-3124.2656191523
-3124.2656167124
-3124.2657311348
-3124.2656669726
-3124.2656878942
-3124.2656756764
-3124.2656961630
-3124.2657788669
-3124.2657239023
-3124.2656206351
-3124.2656724339
-3124.2656508278
-3124.2657117555
-3124.2657227571
-3124.2656903162
-3124.2657691549
-3124.2657025097
-3124.2657233937
-3124.2657300961
-3124.2656795882
-3124.2657114581
-3124.2657042496
-3124.2657549006
-3124.2657151402
-3124.2656517802
-3124.2656893915
-3124.2657328642
-3124.2657167487
-3124.2656432716
-3124.2656499898
-3124.2656377198
-3124.2657062170
-3124.2656806385
-3124.2656994849
-3124.2655454692
-3124.2656594354
-3124.2655868995
-3124.2656558213
-3124.2656754300
-3124.2656553448
-3124.2655802554
-3124.2656891984
-3124.2654954025
-3124.2657219534
-3124.2657183062
-3124.2657296317
-3124.2656029362
-3124.2657406400
-3124.2657017310
-3124.2657194594
-3124.2657321756
-3124.2657065631
-3124.2657542539
-3124.2657329059
-3124.2657591610
-3124.2657073437
-3124.2656976226
-3124.2656815022
-3124.2657278039
-3124.2656161721
-3124.2656766603
-3124.2656950478
-3124.2657006444
-3124.2656364561
-3124.2658327879
-3124.2657171347
-3124.2656961472
-3124.2656942317
-3124.2656621604
-3124.2656761535
-3124.2656523276
-3124.2657454943
-3124.2657160704
-3124.2655804211
-3124.2657642938
-3124.2655951271
-3124.2657348142
-3124.2656579781
-3124.2657603142
-3124.2655966216
-3124.2657152123
-3124.2657275346
-3124.2656775265
-3124.2655435921
-3124.2657163894
-3124.2656512320
-3124.2656243969
-3124.2656216423
-3124.2657499880
-3124.2657800611
-3124.2657545389
-3124.2656076442
-3124.2657705812
-3124.2657213648
-3124.2656515880
-3124.2657502062
-3124.2656930808
-3124.2657215525
-3124.2657350176
-3124.2656978573
-3124.2656603432
-3124.2656753200
-3124.2656841859
-3124.2657007578
-3124.2655871311
-3124.2657570322
-3124.2657387423
-3124.2656668328
-3124.2657200121
-3124.2657955157
-3124.2656514325
-3124.2656429313
-3124.2656543946
-3124.2657405151
-3124.2657549220
-3124.2656834532
-3124.2656875750
-3124.2657346781
-3124.2655270370
-3124.2657308860
-3124.2655847650
-3124.2656930079
-3124.2657862344
-3124.2656552385
-3124.2655905793
-3124.2656441279
-3124.2655519922
-3124.2655249163
-3124.2657307866
-3124.2656808388
-3124.2657808520
-3124.2656230432
-3124.2657124412
-3124.2656429349
-3124.2657212509
-3124.2657543256
-3124.2657421887
-3124.2656403908
-3124.2657416562
-3124.2656075188
-3124.2657924957
-3124.2657068561
-3124.2656871515
-3124.2656770339
-3124.2657488096
-3124.2657080095
-3124.2656846327
-3124.2655207034
-3124.2657435911
-3124.2656508162
-3124.2656590368
-3124.2655888840
-3124.2657847387
-3124.2656424792
-3124.2657275467
-3124.2656887533
-3124.2657411842
-3124.2655400101
-3124.2656535663
-3124.2657450557
-3124.2655170005
-3124.2656968446
-3124.2657092100
-3124.2656012240
-3124.2656239943
-3124.2657546036
-3124.2656395758
-3124.2657012840
-3124.2657426468
-3124.2656471971
-3124.2656425787
-3124.2657300663
-3124.2657392651
-3124.2656891239
-3124.2657532774
-3124.2657318320
-3124.2656529552
-3124.2657247429
-3124.2656953948
-3124.2656741455
-3124.2656581704
-3124.2657184678
-3124.2656652140
-3124.2656130189
-3124.2657319733
-3124.2656721520
-3124.2656192500
-3124.2657071284
-3124.2657171236
-3124.2656733632
-3124.2656343536
-3124.2657259920
-3124.2657369059
-3124.2657545841
-3124.2655985886
-3124.2656543693
-3124.2656464061
-3124.2656620534
-3124.2657049400
-3124.2657719679
-3124.2657241785
-3124.2657585220
-3124.2657163217
-3124.2655724579
-3124.2655662650
-3124.2656418229
-3124.2657332229
-3124.2656382251
-3124.2657433094
-3124.2655530239
-3124.2656406754
-3124.2656935151
-3124.2657432996
-3124.2656454626
-3124.2655684837
-3124.2656014157
-3124.2656987808
-3124.2655526201
-3124.2657210443
-3124.2656317425
-3124.2656522368
-3124.2657399481
-3124.2657314441
-3124.2656768637
-3124.2656832674
-3124.2656710462
-3124.2656676822
-3124.2656896221
-3124.2656816157
-3124.2657016167
-3124.2656661999
-3124.2655632855
-3124.2656817707
-3124.2656729771
-3124.2657725614
-3124.2656398711
-3124.2657091064
-3124.2656783857
-3124.2656846843
-3124.2657258794
-3124.2656906233
-3124.2657313842
-3124.2656870968
-3124.2658259645
-3124.2657420369
-3124.2656533602
-3124.2657004355
-3124.2657116907
-3124.2656560346
-3124.2658323357
-3124.2656951015
-3124.2656390261
-3124.2655809094
-3124.2657658774
-3124.2657603892
-3124.2656700304
-3124.2656765349
-3124.2656571426
-3124.2655908239
-3124.2656437496
-3124.2657060948
-3124.2656290889
-3124.2656853924
-3124.2657460231
-3124.2656579829
-3124.2656951132
-3124.2657286314
-3124.2656080552
-3124.2655880311
-3124.2657580500
-3124.2655526089
-3124.2656891959
-3124.2657383371
-3124.2656806406
-3124.2656941894
-3124.2656262922
-3124.2657138173
-3124.2657280097
-3124.2657054032
-3124.2656703700
-3124.2656786640
-3124.2656381227
-3124.2658321053
-3124.2656796207
-3124.2656855300
-3124.2656266330
-3124.2656587016
-3124.2658277112
-3124.2657361348
-3124.2657167739
-3124.2657619430
-3124.2656096133
-3124.2656672151
-3124.2656760312
-3124.2657208326
-3124.2656457395
-3124.2656404591
-3124.2657431237
-3124.2656128499
-3124.2656977745
-3124.2657884378
-3124.2656587300
-3124.2656717938
-3124.2657553543
-3124.2656111185
-3124.2657269396
-3124.2658095341
-3124.2656355367
-3124.2656559436
-3124.2657145531
-3124.2656585735
-3124.2657526240
-3124.2656573817
-3124.2657087115
-3124.2656545508
-3124.2657091015
-3124.2656490051
-3124.2656409990
-3124.2657143800
-3124.2656882657
-3124.2656676357
-3124.2657648847
-3124.2658150791
-3124.2657468149
-3124.2657980944
-3124.2658228498
-3124.2656358578
-3124.2656969893
-3124.2656896758
-3124.2656556997
-3124.2656183471
-3124.2656875565
-3124.2656883963
-3124.2658239157
-3124.2656580228
-3124.2657358069
-3124.2655433937
-3124.2656579297
-3124.2656428202
-3124.2656743755
-3124.2657125948
-3124.2656956695
-3124.2656180490
-3124.2656442947
-3124.2657322211
-3124.2655992860
-3124.2656780469
-3124.2656680908
-3124.2656840661
-3124.2657185287
-3124.2655973623
-3124.2656778615
-3124.2656700183
-3124.2656288257
-3124.2657320929
-3124.2656998107
-3124.2657140841
-3124.2656560171
-3124.2657053640
-3124.2656727334
-3124.2655885565
-3124.2657045003
-3124.2656385089
-3124.2656751066
-3124.2657196871
-3124.2657707958
-3124.2656203083
-3124.2656724356
-3124.2657153112
-3124.2657040559
-3124.2657207542
-3124.2655970731
-3124.2657019441
-3124.2656651778
-3124.2657665144
-3124.2655788352
-3124.2657011212
-3124.2657218807
-3124.2656828606
-3124.2656641226
-3124.2656404184
-3124.2655789243
-3124.2655727856
-3124.2656093745
-3124.2656214273
-3124.2656779642
-3124.2657180802
-3124.2656777436
-3124.2657271864
-3124.2657294998
-3124.2655795272
-3124.2656116252
-3124.2657085554
-3124.2656794033
-3124.2656972448
-3124.2657754272
-3124.2656699266
-3124.2656024344
-3124.2656760176
-3124.2656438647
-3124.2656490569
-3124.2656214808
-3124.2656990704
-3124.2656688842
-3124.2657343173
-3124.2657138162
-3124.2657521707
-3124.2655921409
-3124.2657049392
-3124.2657442696
-3124.2656808594
-3124.2656794801
-3124.2655916386
-3124.2657069254
-3124.2657476830
-3124.2658251002
-3124.2657549584
-3124.2657642103
-3124.2657133599
-3124.2657108744
-3124.2657578996
-3124.2657268364
-3124.2656865408
-3124.2657265827
-3124.2656738426
-3124.2658261023
-3124.2657427434
-3124.2657245879
-3124.2657555143
-3124.2656314230
-3124.2656402627
-3124.2657472298
-3124.2657379372
-3124.2657411721
-3124.2657052474
-3124.2657245353
-3124.2657150754
-3124.2657606619
-3124.2657168428
-3124.2656890209
-3124.2656792288
-3124.2657024185
-3124.2657746171
-3124.2655876528
-3124.2657471328
-3124.2658265034
-3124.2657390876
-3124.2657231135
-3124.2657014523
-3124.2656944877
-3124.2656979989
-3124.2656168168
-3124.2657580610
-3124.2656924005
-3124.2657110565
-3124.2657022777
-3124.2656179618
-3124.2656562750
-3124.2657059907
-3124.2656780670
-3124.2657170639
-3124.2656768683
-3124.2657209189
-3124.2656594924
-3124.2657174867
-3124.2657031598
-3124.2656141825
-3124.2656863595
-3124.2657200894
-3124.2657022976
-3124.2656692701
-3124.2656536893
-3124.2656136901
-3124.2657300022
-3124.2657211632
-3124.2656198335
-3124.2656741098
-3124.2655859867
-3124.2656818382
-3124.2656734526
-3124.2656677495
-3124.2657167184
-3124.2655885474
-3124.2655636306
-3124.2656371271
-3124.2656788255
-3124.2656830236
-3124.2657443123
-3124.2656614393
-3124.2656475241
-3124.2657163687
-3124.2656292943
-3124.2657123612
-3124.2657166623
-3124.2656372357
-3124.2657416723
-3124.2656162886
-3124.2656275470
-3124.2656657383
-3124.2657288356
-3124.2656315366
-3124.2656115659
-3124.2656294188
-3124.2655918345
-3124.2657139591
-3124.2657089038
-3124.2656985829
-3124.2657065903
-3124.2657675990
-3124.2656858640
-3124.2656065204
-3124.2656849736
-3124.2657253771
-3124.2656927406
-3124.2657397186
-3124.2657170582
-3124.2656848388
-3124.2657408224
-3124.2656489528
-3124.2656799880
-3124.2658295931
-3124.2656582817
-3124.2657035863
-3124.2656926081
-3124.2657305630
-3124.2657620689
-3124.2657544260
-3124.2656040818
-3124.2656861077
-3124.2656864204
-3124.2656212941
-3124.2656318027
-3124.2656866429
-3124.2656324192
-3124.2657121622
-3124.2657426997
-3124.2656186016
-3124.2656936029
-3124.2656651401
-3124.2656751905
-3124.2656462874
-3124.2656269511
-3124.2655892029
-3124.2656842756
-3124.2656793056
-3124.2656353838
-3124.2656458403
-3124.2656694957
-3124.2657213953
-3124.2655830522
-3124.2655588652
-3124.2656502343
-3124.2657511521
-3124.2656872123
-3124.2655961551
-3124.2658301974
-3124.2657182441
-3124.2656447841
-3124.2657180168
-3124.2657918360
-3124.2655222762
-3124.2657203483
-3124.2657221573
-3124.2657194819
-3124.2657163363
-3124.2656770761
-3124.2656767763
-3124.2656220535
-3124.2656644894
-3124.2657569901
-3124.2657118122
-3124.2657199055
-3124.2656911646
-3124.2656528199
-3124.2657885844
-3124.2656242538
-3124.2656562949
-3124.2656029029
-3124.2657347484
-3124.2656600644
-3124.2656829676
-3124.2656575904
-3124.2657255863
-3124.2657416246
-3124.2657639167
-3124.2656471879
-3124.2656724255
-3124.2657177227
-3124.2656543124
-3124.2657240903
-3124.2657245095
-3124.2657777249
-3124.2655615966
-3124.2656720338
-3124.2657398852
-3124.2657169515
-3124.2656874716
-3124.2657131690
-3124.2657178877
-3124.2657461098
-3124.2656773118
-3124.2656314349
-3124.2657081776
-3124.2656907315
-3124.2656222546
-3124.2658279584
-3124.2657104282
-3124.2656561709
-3124.2657375165
-3124.2657032615
-3124.2656171588
-3124.2656884736
-3124.2656801641
-3124.2658323578
-3124.2657374884
-3124.2656747649
-3124.2656574045
-3124.2655886637
-3124.2656639377
-3124.2655855425
-3124.2657428966
-3124.2658256212
-3124.2657608221
-3124.2656542133
-3124.2656986707
-3124.2655719963
-3124.2656533373
-3124.2657424562
-3124.2656296744
-3124.2657469419
-3124.2656597083
-3124.2656534647
-3124.2657109203
-3124.2657067816
-3124.2657801629
-3124.2657307307
-3124.2656065954
-3124.2656848891
-3124.2655934274
-3124.2657006981
-3124.2656499094
-3124.2657257858
-3124.2656646228
-3124.2656773177
-3124.2657100932
-3124.2656461259
-3124.2657282036
-3124.2656566294
-3124.2655813274
-3124.2656645729
-3124.2657466113
-3124.2657418338
-3124.2657117500
-3124.2656956639
-3124.2656488007
-3124.2656976972
-3124.2655873443
-3124.2655386600
-3124.2656883924
-3124.2656063503
-3124.2656963884
-3124.2657215852
-3124.2656141343
-3124.2657657812
-3124.2656817055
-3124.2657102032
-3124.2656181760
-3124.2657125605
-3124.2658286529
-3124.2657437891
-3124.2657058365
-3124.2657272666
-3124.2657201737
-3124.2656336315
-3124.2657147039
-3124.2656962798
-3124.2656596789
-3124.2656303988
-3124.2655438442
-3124.2657626017
-3124.2656844739
-3124.2657608740
-3124.2657756310
-3124.2657341492
-3124.2657746135
-3124.2657865149
-3124.2656091566
-3124.2657446851
-3124.2656905288
-3124.2655984747
-3124.2657154410
-3124.2656481967
-3124.2657199143
-3124.2657122079
-3124.2656705570
-3124.2656553097
-3124.2657507248
-3124.2657894377
-3124.2656658868
-3124.2656488762
-3124.2657173157
-3124.2656252683
-3124.2657116381
-3124.2657415422
-3124.2657781661
-3124.2657339609
-3124.2656021715
-3124.2656367537
-3124.2656786246
-3124.2656351057
-3124.2657324584
-3124.2656423461
-3124.2657048095
-3124.2656423090
-3124.2656674709
-3124.2656737707
-3124.2655658969
-3124.2656703052
-3124.2657752422
-3124.2657988072
-3124.2657103031
-3124.2656379417
-3124.2656349955
-3124.2656988714
-3124.2657077521
-3124.2657250098
-3124.2658339151
-3124.2657183468
-3124.2655536310
-3124.2655482807
-3124.2657580908
-3124.2656507764
-3124.2656642901
-3124.2657337945
-3124.2656647942
-3124.2657027780
-3124.2656801342
-3124.2657332272
-3124.2656650759
-3124.2657020502
-3124.2657208945
-3124.2657569988
-3124.2657153366
-3124.2656820609
-3124.2658296637
-3124.2656649999
-3124.2657055195
-3124.2657256967
-3124.2657498444
-3124.2656798711
-3124.2656454239
-3124.2656892659
-3124.2657584692
-3124.2657081942
-3124.2658299030
-3124.2657833988
-3124.2656843398
-3124.2656953332
-3124.2657764113
-3124.2657303543
-3124.2657456929
-3124.2657290510
-3124.2655938700
-3124.2657179126
-3124.2656282553
-3124.2656265253
-3124.2657248503
-3124.2657230494
-3124.2656686040
-3124.2656414790
-3124.2656852296
-3124.2657452981
-3124.2656900781
-3124.2656475861
-3124.2656191435
-3124.2657142525
-3124.2657312576
-3124.2656798654
-3124.2656827913
-3124.2656613194
-3124.2656431509
-3124.2656754127
-3124.2656136646
-3124.2656432101
-3124.2657416110
-3124.2658265406
-3124.2656008198
-3124.2656686548
-3124.2657372001
-3124.2657377098
-3124.2656663624
-3124.2656027105
-3124.2657031461
-3124.2657239096
-3124.2656480392
-3124.2655843473
-3124.2657489240
-3124.2657517751
-3124.2657559395
-3124.2656137248
-3124.2656821083
-3124.2657306724
-3124.2656185097
-3124.2655783546
-3124.2656742960
-3124.2656606113
-3124.2656732996
-3124.2657190045
-3124.2655583450
-3124.2657002401
-3124.2656248221
-3124.2657297801
-3124.2658291525
-3124.2655943792
-3124.2657294164
-3124.2657471570
-3124.2657347862
-3124.2656868978
-3124.2656704346
-3124.2657295053
-3124.2657414299
-3124.2656664600
-3124.2656543375
-3124.2656977410
-3124.2656755333
-3124.2656383641
-3124.2656507421
-3124.2656876929
-3124.2656586655
-3124.2657057065
-3124.2656251226
-3124.2657802859
-3124.2656621695
-3124.2657234702
-3124.2657385305
-3124.2656887907
-3124.2656828949
-3124.2656674276
-3124.2656671818
-3124.2657381924
-3124.2657066279
-3124.2657474830
-3124.2656394933
-3124.2656715703
-3124.2656768367
-3124.2656154298
-3124.2656514809
-3124.2656982682
-3124.2657245778
-3124.2657364867
-3124.2657162230
-3124.2655618640
-3124.2657384355
-3124.2655759379
-3124.2658056897
-3124.2657372444
-3124.2656743802
-3124.2657599902
-3124.2657453983
-3124.2657720011
-3124.2658276264
-3124.2656446173
-3124.2656725825
-3124.2656694102
-3124.2657172847
-3124.2656661705
-3124.2657574301
-3124.2656576714
-3124.2656033213
-3124.2657099609
-3124.2657490086
-3124.2656269238
-3124.2657136702
-3124.2657432373
-3124.2655230217
-3124.2656413939
-3124.2656265661
-3124.2658119891
-3124.2654539575
-3124.2657416586
-3124.2656455961
-3124.2656928786
-3124.2656332962
-3124.2656703449
-3124.2657825551
-3124.2657203260
-3124.2657213383
-3124.2656920510
-3124.2657464039
-3124.2656989501
-3124.2658079882
-3124.2656925335
-3124.2657636710
-3124.2655859691
-3124.2657173628
-3124.2657347482
-3124.2657466524
-3124.2656745671
-3124.2657408806
-3124.2656769145
-3124.2656505658
-3124.2656753451
-3124.2656841778
-3124.2657338061
-3124.2656297536
-3124.2657427103
-3124.2655154067
-3124.2657167387
-3124.2657067316
-3124.2656444073
-3124.2657567829
-3124.2657238071
-3124.2656431664
-3124.2658250494
