-15801.7172648704
-15801.7172642035
-15801.7172494951
-15801.7172848235
-15801.7172672261
-15801.7172725910
-15801.7172980744
-15801.7173161021
-15801.7172448797
-15801.7173251689
-15801.7172262557
-15801.7172949162
-15801.7172862425
-15801.7173090712
-15801.7172939560
-15801.7173089726
-15801.7172854307
-15801.7173113126
-15801.7136989971
-15801.7143938163
-15801.7131285445
-15801.7165983475
-15801.7158197138
-15801.7159770387
-15801.7136005543
-15801.7156273624
-15801.7144032343
-15801.7158624771
-15801.7140991764
-15801.7133708320
-15801.7153828376
-15801.7158746927
-15801.7158860029
-15801.7130117350
-15801.7145809230
-15801.7146929839
-15801.7137251352
-15801.7133013061
-15801.7132531673
-15801.7156535806
-15801.7138144098
-15801.7148357060
-15801.7143017281
-15801.7149365690
-15801.7151285019
-15801.7149816033
-15801.7147481161
-15801.7138968857
-15801.7146231816
-15801.7142739445
-15801.7173066307
-15801.7172693555
-15801.7172914786
-15801.7172819878
-15801.7173051151
-15801.7172396589
-15801.7172927562
-15801.7172590877
-15801.7172835937
-15801.7172464816
-15801.7173170510
-15801.7172604772
-15801.7172735161
-15801.7173042071
-15801.7173132381
-15801.7173098523
-15801.7173253702
-15801.7172854342
-15801.7172927052
-15801.7173092242
-15801.7173317285
-15801.7172871080
-15801.7172953437
-15801.7172769489
-15801.7172930203
-15801.7173160303
-15801.7172757758
-15801.7172712115
-15801.7172980207
-15801.7172916323
-15801.7172770161
-15801.7173066982
-15801.7173287798
-15801.7173280074
-15801.7172636051
-15801.7172959734
-15801.7172938943
-15801.7173024368
-15801.7172800065
-15801.7172285045
-15801.7172225314
-15801.7172277712
-15801.7172252376
-15801.7172373631
-15801.7172338912
-15801.7172175710
-15801.7172278550
-15801.7172245921
-15801.7172327256
-15801.7172115561
-15801.7172294141
-15801.7172345925
-15801.7172218592
-15801.7172182481
-15801.7172313839
-15801.7172328601
-15801.7172236887
-15801.7172171392
-15801.7172291239
-15801.7172164061
-15801.7172247266
-15801.7172283694
-15801.7172208444
-15801.7172283329
-15801.7172236517
-15801.7172308858
-15801.7172182968
-15801.7172439942
-15801.7172215731
-15801.7172257065
-15801.7172250819
-15801.7172260731
-15801.7172326189
-15801.7172366953
-15801.7172336999
-15801.7172292564
-15801.7172283832
-15801.7172127684
-15801.7172268764
-15801.7172160235
-15801.7173197375
-15801.7172953404
-15801.7172799258
-15801.7173039934
-15801.7172162328
-15801.7173155154
-15801.7173174788
-15801.7172771138
-15801.7172591482
-15801.7172950823
-15801.7173057205
-15801.7172603503
-15801.7172237261
-15801.7173103574
-15801.7172579504
-15801.7172935225
-15801.7172889971
-15801.7172994404
-15801.7173181691
-15801.7172445295
-15801.7172985232
-15801.7172574291
-15801.7172394239
-15801.7173034217
-15801.7172984740
-15801.7172906935
-15801.7172864571
-15801.7172988747
-15801.7172795357
-15801.7172681110
-15801.7172391071
-15801.7173155942
-15801.7172737702
-15801.7173107060
-15801.7172977439
-15801.7173157369
-15801.7173154594
-15801.7172672320
-15801.7172493568
-15801.7172868920
-15801.7172944089
-15801.7172463371
-15801.7173147952
-15801.7173172164
-15801.7172623064
-15801.7173122074
-15801.7172797715
-15801.7172731856
-15801.7172839919
-15801.7172525531
-15801.7172903966
-15801.7172703534
-15801.7172982905
-15801.7172754698
-15801.7172814542
-15801.7172798165
-15801.7172956221
-15801.7173203368
-15801.7173209912
-15801.7172908309
-15801.7173016513
-15801.7173398263
-15801.7172612820
-15801.7173351200
-15801.7172927369
-15801.7172479358
-15801.7173184339
-15801.7172319989
-15801.7173063272
-15801.7172766711
-15801.7172484276
-15801.7172966176
-15801.7173041171
-15801.7172313615
-15801.7172673636
-15801.7172400459
-15801.7172746473
-15801.7173043535
-15801.7172801756
-15801.7173102146
-15801.7172938767
-15801.7172603814
-15801.7172775620
-15801.7172921874
-15801.7173319301
-15801.7173002519
-15801.7172830312
-15801.7173069375
-15801.7173012648
-15801.7173077096
-15801.7172747253
-15801.7173116578
-15801.7172355643
-15801.7173200539
-15801.7172848309
-15801.7173123566
-15801.7172893827
-15801.7172583020
-15801.7172926802
-15801.7172942097
-15801.7173082498
-15801.7173017867
-15801.7172927964
-15801.7172904117
-15801.7172736909
-15801.7172892167
-15801.7172997899
-15801.7172594144
-15801.7172796579
-15801.7172881567
-15801.7172965364
-15801.7172822897
-15801.7172600946
-15801.7172728452
-15801.7172648510
-15801.7172889317
-15801.7173159613
-15801.7173047122
-15801.7172760793
-15801.7172721855
-15801.7172899008
-15801.7173012974
-15801.7173455205
-15801.7172866079
-15801.7173178671
-15801.7173101388
-15801.7173080817
-15801.7172718414
-15801.7172176601
-15801.7173359181
-15801.7173209931
-15801.7172897696
-15801.7173204625
-15801.7172322557
-15801.7173221065
-15801.7172858016
-15801.7172436839
-15801.7173261493
-15801.7173078031
-15801.7173009611
-15801.7172425111
-15801.7172710448
-15801.7172904894
-15801.7172881369
-15801.7172993366
-15801.7172621400
-15801.7173095905
-15801.7173266812
-15801.7172778920
-15801.7172968526
-15801.7172716770
-15801.7172890606
-15801.7173287697
-15801.7172955795
-15801.7173218453
-15801.7172725913
-15801.7173200569
-15801.7172903379
-15801.7173036035
-15801.7172446155
-15801.7172919670
-15801.7173072080
-15801.7173165778
-15801.7173150034
-15801.7172648205
-15801.7172499149
-15801.7172435244
-15801.7172778182
-15801.7173058114
-15801.7173121104
-15801.7172941153
-15801.7173012021
-15801.7172744758
-15801.7172871550
-15801.7172663419
-15801.7172417070
-15801.7172689646
-15801.7172885908
-15801.7173002898
-15801.7172915521
-15801.7173207905
-15801.7173160936
-15801.7172652019
-15801.7172868691
-15801.7172609162
-15801.7173016497
-15801.7173078219
-15801.7172732337
-15801.7172809319
-15801.7172904099
-15801.7173071507
-15801.7173191836
-15801.7173013696
-15801.7172369563
-15801.7172421902
-15801.7173208617
-15801.7172760255
-15801.7172566552
-15801.7172167706
-15801.7172743876
-15801.7172916418
-15801.7172914616
-15801.7172905631
-15801.7172985562
-15801.7173000572
-15801.7173174032
-15801.7172815032
-15801.7172934228
-15801.7173132956
-15801.7173037107
-15801.7172910657
-15801.7173097563
-15801.7173009601
-15801.7172847065
-15801.7172392230
-15801.7173099780
-15801.7172929808
-15801.7172812727
-15801.7172990107
-15801.7172894623
-15801.7172852863
-15801.7172486421
-15801.7172859680
-15801.7172848839
-15801.7172925035
-15801.7172828379
-15801.7172816202
-15801.7173075186
-15801.7173077671
-15801.7172311210
-15801.7173053799
-15801.7172962542
-15801.7172798933
-15801.7173232392
-15801.7172751241
-15801.7172832586
-15801.7172870277
-15801.7173066269
-15801.7172967403
-15801.7173027260
-15801.7172944275
-15801.7172768448
-15801.7172818400
-15801.7172734782
-15801.7172796466
-15801.7173058231
-15801.7172679196
-15801.7173105880
-15801.7172904376
-15801.7172761006
-15801.7172836559
-15801.7173159976
-15801.7172554411
-15801.7172679689
-15801.7172962103
-15801.7172914072
-15801.7172302911
-15801.7173021892
-15801.7173119345
-15801.7172631689
-15801.7172572316
-15801.7172817312
-15801.7173156076
-15801.7172722937
-15801.7172738257
-15801.7172926675
-15801.7172954993
-15801.7172821759
-15801.7172750183
-15801.7173037261
-15801.7172965524
-15801.7172903460
-15801.7172998064
-15801.7173090884
-15801.7172692037
-15801.7172846776
-15801.7172136791
-15801.7172713774
-15801.7172897908
-15801.7172374741
-15801.7172701934
-15801.7172743278
-15801.7172873641
-15801.7172953248
-15801.7172768997
-15801.7172862854
-15801.7172894259
-15801.7172847367
-15801.7173010145
-15801.7172829744
-15801.7172530332
-15801.7173027282
-15801.7172761669
-15801.7172667064
-15801.7172653378
-15801.7173362794
-15801.7172781213
-15801.7173113997
-15801.7173307691
-15801.7172844463
-15801.7173184839
-15801.7173149115
-15801.7173024820
-15801.7173322196
-15801.7172529441
-15801.7172457021
-15801.7173125465
-15801.7172652941
-15801.7172697212
-15801.7172407434
-15801.7173195687
-15801.7172646098
-15801.7172449308
-15801.7172743973
-15801.7172909137
-15801.7172793940
-15801.7172932041
-15801.7173391095
-15801.7172578527
-15801.7172445141
-15801.7173006937
-15801.7172874632
-15801.7172830028
-15801.7172618417
-15801.7172891854
-15801.7173102939
-15801.7172792840
-15801.7172749321
-15801.7173290092
-15801.7172826580
-15801.7172748998
-15801.7173167905
-15801.7173155724
-15801.7172878694
-15801.7172919552
-15801.7172998434
-15801.7173053097
-15801.7173009800
-15801.7172544524
-15801.7173019391
-15801.7173002714
-15801.7172930521
-15801.7173158066
-15801.7172959358
-15801.7172303452
-15801.7173028323
-15801.7172307374
-15801.7173108822
-15801.7173052491
-15801.7172508167
-15801.7172510102
-15801.7172839525
-15801.7173004779
-15801.7172910441
-15801.7172589048
-15801.7172220471
-15801.7172699547
-15801.7173251283
-15801.7172901745
-15801.7172379081
-15801.7172980832
-15801.7173145301
-15801.7173116125
-15801.7173272808
-15801.7173173441
-15801.7172946984
-15801.7173194697
-15801.7172696742
-15801.7172611619
-15801.7172553900
-15801.7172989642
-15801.7173033332
-15801.7173004316
-15801.7173005576
-15801.7172268148
-15801.7172739750
-15801.7172220982
-15801.7172852741
-15801.7172580630
-15801.7173141417
-15801.7173183693
-15801.7172692767
-15801.7172975946
-15801.7173144706
-15801.7172921608
-15801.7173005503
-15801.7172417332
-15801.7172989202
-15801.7173018927
-15801.7173087820
-15801.7172495544
-15801.7172559080
-15801.7172920604
-15801.7173203062
-15801.7173054037
-15801.7172717750
-15801.7172779320
-15801.7173175093
-15801.7172771405
-15801.7172441923
-15801.7172652950
-15801.7172241594
-15801.7172782333
-15801.7173142573
-15801.7172992103
-15801.7172899021
-15801.7172968439
-15801.7172236956
-15801.7173104313
-15801.7173032869
-15801.7173018374
-15801.7172749948
-15801.7173057702
-15801.7172955937
-15801.7173193662
-15801.7172972278
-15801.7172878469
-15801.7172439083
-15801.7172608775
-15801.7172932319
-15801.7173074960
-15801.7172636086
-15801.7172652590
-15801.7172597220
-15801.7172582636
-15801.7172512986
-15801.7173032913
-15801.7172923200
-15801.7173258605
-15801.7172981814
-15801.7172798648
-15801.7172851291
-15801.7172653799
-15801.7173141810
-15801.7172822742
-15801.7172461592
-15801.7173161929
-15801.7172910281
-15801.7173224525
-15801.7173178945
-15801.7173015207
-15801.7173031585
-15801.7172900391
-15801.7172905644
-15801.7172811360
-15801.7172348814
-15801.7173342009
-15801.7173017980
-15801.7172851411
-15801.7173194782
-15801.7173274716
-15801.7172859304
-15801.7173249733
-15801.7173126447
-15801.7173171590
-15801.7173225065
-15801.7172660952
-15801.7172520642
-15801.7173068563
-15801.7172669477
-15801.7172968160
-15801.7172785814
-15801.7172986018
-15801.7172825339
-15801.7173143981
-15801.7172836885
-15801.7173231858
-15801.7172719523
-15801.7172962266
-15801.7172816184
-15801.7172745635
-15801.7172640646
-15801.7172984437
-15801.7173031548
-15801.7172998355
-15801.7172993418
-15801.7172704423
-15801.7173057605
-15801.7172309459
-15801.7172869037
-15801.7172997082
-15801.7172567766
-15801.7172791537
-15801.7173209754
-15801.7172824003
-15801.7172772721
-15801.7173060836
-15801.7172889692
-15801.7172925322
-15801.7172836147
-15801.7173006896
-15801.7172865243
-15801.7173106841
-15801.7172667837
-15801.7173186987
-15801.7172774779
-15801.7172864028
-15801.7172515196
-15801.7173066346
-15801.7173220942
-15801.7172806028
-15801.7173064208
-15801.7172892762
-15801.7173061051
-15801.7172516044
-15801.7173077957
-15801.7172945501
-15801.7172938609
-15801.7172522369
-15801.7173186387
-15801.7172409274
-15801.7172529482
-15801.7173022514
-15801.7173000980
-15801.7172624337
-15801.7172879345
-15801.7173007006
-15801.7172809009
-15801.7172951171
-15801.7172995191
-15801.7172764636
-15801.7172840726
-15801.7173229327
-15801.7172734219
-15801.7172308171
-15801.7172783248
-15801.7172946865
-15801.7172892984
-15801.7173225320
-15801.7172700643
-15801.7172986985
-15801.7172692589
-15801.7172874529
-15801.7173054383
-15801.7172504725
-15801.7173230001
-15801.7172787943
-15801.7173330020
-15801.7172851018
-15801.7173016044
-15801.7172969471
-15801.7172724781
-15801.7172958745
-15801.7172845537
-15801.7173049568
-15801.7173016278
-15801.7173136917
-15801.7172316421
-15801.7173274614
-15801.7172965594
-15801.7172962656
-15801.7172694741
-15801.7172892971
-15801.7172528630
-15801.7172537901
-15801.7172867953
-15801.7172672710
-15801.7172969773
-15801.7172745281
-15801.7173108671
-15801.7173117825
-15801.7172897414
-15801.7172984454
-15801.7173172934
-15801.7172823610
-15801.7172977974
-15801.7172908263
-15801.7173044244
-15801.7173004095
-15801.7173166387
-15801.7172616554
-15801.7172798379
-15801.7173156849
-15801.7173058293
-15801.7173354294
-15801.7172647200
-15801.7172944905
-15801.7172871501
-15801.7173053636
-15801.7173282629
-15801.7172721693
-15801.7172828314
-15801.7172979550
-15801.7173136201
-15801.7173169585
-15801.7172605767
-15801.7172629351
-15801.7172983349
-15801.7172947989
-15801.7172297124
-15801.7172724254
-15801.7173281226
-15801.7173155597
-15801.7173158448
-15801.7172816639
-15801.7172969312
-15801.7173165900
-15801.7173211550
-15801.7172506554
-15801.7172986558
-15801.7173166056
-15801.7172828944
-15801.7173160119
-15801.7173078309
-15801.7173086028
-15801.7173154581
-15801.7173066660
-15801.7172534259
-15801.7173290526
-15801.7172381107
-15801.7172844166
-15801.7173017540
-15801.7173205753
-15801.7172709722
-15801.7173006015
-15801.7172319046
-15801.7172586945
-15801.7172495053
-15801.7172800068
-15801.7172310829
-15801.7172619951
-15801.7172514484
-15801.7173019089
-15801.7172586763
-15801.7172587893
-15801.7172728795
-15801.7172788363
-15801.7173032341
-15801.7172571958
-15801.7172275343
-15801.7173156286
-15801.7172946687
-15801.7172912975
-15801.7173204650
-15801.7173156012
-15801.7172900829
-15801.7172791961
-15801.7172428758
-15801.7172617151
-15801.7173043941
-15801.7172307274
-15801.7172762950
-15801.7172515537
-15801.7172951493
-15801.7172189081
-15801.7173029869
-15801.7173150248
-15801.7172994774
-15801.7172761420
-15801.7173240080
-15801.7172718100
-15801.7172843617
-15801.7173285766
-15801.7172900864
-15801.7173025045
-15801.7173120992
-15801.7172509632
-15801.7173148698
-15801.7173057378
-15801.7172663641
-15801.7172811581
-15801.7173080412
-15801.7172838620
-15801.7172770881
-15801.7172862330
-15801.7172539198
-15801.7172828781
-15801.7172288648
-15801.7172895826
-15801.7172979512
-15801.7172782678
-15801.7172723076
-15801.7172969732
-15801.7173013169
-15801.7172702919
-15801.7172846710
-15801.7173107640
-15801.7173205139
-15801.7172788867
-15801.7172796273
-15801.7172900156
-15801.7172736350
-15801.7172984359
-15801.7172941417
-15801.7172568493
-15801.7172313557
-15801.7172966994
-15801.7172533833
-15801.7173079715
-15801.7173365551
-15801.7173049604
-15801.7172879893
-15801.7173180649
-15801.7173184255
-15801.7173189611
-15801.7172768826
-15801.7172580316
-15801.7173292675
-15801.7172424880
-15801.7173033442
-15801.7172886084
-15801.7173119818
-15801.7172364209
-15801.7172966876
-15801.7172680198
-15801.7173009913
-15801.7172687818
-15801.7172609542
-15801.7172831361
-15801.7173174717
-15801.7172618530
-15801.7173255091
-15801.7172334519
-15801.7173152742
-15801.7172714385
-15801.7172984414
-15801.7172696559
-15801.7173079712
-15801.7172615934
-15801.7172925470
-15801.7172987795
-15801.7172864621
-15801.7172913052
-15801.7173221509
-15801.7172930867
-15801.7172930123
-15801.7172942605
-15801.7173043652
-15801.7172642277
-15801.7173130743
-15801.7172732123
-15801.7172674441
-15801.7173228476
-15801.7173300370
-15801.7173263873
-15801.7173121577
-15801.7172299946
-15801.7173066441
-15801.7172783760
-15801.7173082560
-15801.7172912118
-15801.7173141189
-15801.7173119582
-15801.7172994200
-15801.7172503497
-15801.7173076751
-15801.7173131446
-15801.7172943539
-15801.7173141226
-15801.7172346241
-15801.7172662026
-15801.7172781345
-15801.7173024376
-15801.7173382824
-15801.7172890898
-15801.7173063584
-15801.7173090508
-15801.7172991162
-15801.7173033342
-15801.7172570151
-15801.7172716114
-15801.7172996488
-15801.7173095709
-15801.7172837981
-15801.7172817215
-15801.7172791900
-15801.7172305511
-15801.7172965946
-15801.7172647291
-15801.7172893468
-15801.7172590690
-15801.7172912986
-15801.7172622205
-15801.7173039866
-15801.7172825515
-15801.7173042341
-15801.7172707342
-15801.7173044045
-15801.7172325869
-15801.7172840231
-15801.7173148363
-15801.7172993274
-15801.7173018713
-15801.7173078785
-15801.7173141141
-15801.7172990583
-15801.7172714785
-15801.7173033458
-15801.7173051888
-15801.7173097213
-15801.7172929553
-15801.7172588141
-15801.7173092401
-15801.7172487591
-15801.7172849814
-15801.7172888147
-15801.7172831302
-15801.7173325727
-15801.7173013444
-15801.7172587452
-15801.7171889968
-15801.7172761090
-15801.7172896994
-15801.7172757744
-15801.7172304354
-15801.7172855744
-15801.7173070274
-15801.7172821766
-15801.7172714290
-15801.7173128171
-15801.7172968929
-15801.7173246778
-15801.7172770401
-15801.7173115251
-15801.7173061053
-15801.7173063033
-15801.7172974168
-15801.7173051650
-15801.7172495289
-15801.7172559629
-15801.7172984393
-15801.7172629348
-15801.7173122467
-15801.7172983391
-15801.7172810972
-15801.7173131938
-15801.7173174334
-15801.7172520855
-15801.7172693951
-15801.7172978859
-15801.7172333407
-15801.7172967617
-15801.7173165159
-15801.7172317593
-15801.7172835555
-15801.7172598789
-15801.7172961941
-15801.7173130623
-15801.7172859534
-15801.7172994023
-15801.7172476165
-15801.7173139237
-15801.7172961079
-15801.7173080518
-15801.7173117351
-15801.7172872959
-15801.7172979927
-15801.7172807459
-15801.7172881682
-15801.7172863344
-15801.7172797604
-15801.7172679158
-15801.7173342213
-15801.7172879729
-15801.7172864340
-15801.7172778751
-15801.7172952862
-15801.7172943255
-15801.7172412750
-15801.7172706031
-15801.7173059614
-15801.7173201175
-15801.7172690384
-15801.7173018908
-15801.7173277422
-15801.7172440913
-15801.7172425800
-15801.7172769218
-15801.7172908152
-15801.7173049991
-15801.7173188959
-15801.7173180956
-15801.7172806328
-15801.7173069570
-15801.7173112791
-15801.7172716118
-15801.7172873382
-15801.7172921205
-15801.7172875679
-15801.7172902519
-15801.7172489262
-15801.7173064816
-15801.7172941973
-15801.7172703794
-15801.7172978969
-15801.7172874801
-15801.7172318646
-15801.7172727538
-15801.7173133151
-15801.7173072737
-15801.7172948350
-15801.7173006725
-15801.7172704001
-15801.7172970081
-15801.7172606286
-15801.7172854163
-15801.7173203254
-15801.7172894949
-15801.7172988811
-15801.7172887996
-15801.7172703516
-15801.7173074519
-15801.7172791306
-15801.7172661507
-15801.7172899047
-15801.7173212231
-15801.7172843800
-15801.7172944293
-15801.7173199359
-15801.7172966047
-15801.7173189327
-15801.7172310814
-15801.7172844514
-15801.7173188169
-15801.7172417055
-15801.7172665317
-15801.7173024103
-15801.7173105942
-15801.7172917497
-15801.7172754935
-15801.7172905977
-15801.7172844054
-15801.7172868456
-15801.7172355301
-15801.7173205283
-15801.7172530529
-15801.7173122122
-15801.7172741651
-15801.7172402331
-15801.7173173901
-15801.7173260766
-15801.7172726469
-15801.7172706551
-15801.7172460067
-15801.7172474317
-15801.7173070993
-15801.7172853486
-15801.7172980714
-15801.7172752025
-15801.7172812846
-15801.7173210250
-15801.7172625908
-15801.7173069275
-15801.7172550580
-15801.7173042375
-15801.7173080038
-15801.7172945748
-15801.7172944386
-15801.7173225395
-15801.7173127435
-15801.7172758854
-15801.7172729035
-15801.7172788309
-15801.7172782850
-15801.7172936264
-15801.7172726067
-15801.7172955330
-15801.7172313060
-15801.7172791308
-15801.7172896497
-15801.7172702076
-15801.7173133388
-15801.7172327697
-15801.7172846493
-15801.7172768864
-15801.7172896682
-15801.7172832901
-15801.7172988613
-15801.7172732080
-15801.7172927103
-15801.7172774583
-15801.7172838372
-15801.7172975815
-15801.7173109126
-15801.7172897409
-15801.7171862072
-15801.7173103332
-15801.7172847756
-15801.7172862120
-15801.7173041179
-15801.7173272370
-15801.7172798239
-15801.7172646476
-15801.7172918217
-15801.7172295822
-15801.7173005344
-15801.7173129800
-15801.7172741881
-15801.7172398006
-15801.7172787328
-15801.7173051083
-15801.7172753340
-15801.7173344996
-15801.7173008082
-15801.7172895094
-15801.7173056224
-15801.7172760340
-15801.7172905964
-15801.7172263500
-15801.7172513320
-15801.7172318580
-15801.7172471124
-15801.7172886999
-15801.7172957857
-15801.7172881711
-15801.7172784760
-15801.7173022577
-15801.7173006292
-15801.7172748054
-15801.7172444707
-15801.7173016644
-15801.7173122324
-15801.7172695237
-15801.7172773238
-15801.7173085643
-15801.7173028977
-15801.7172576573
-15801.7172320872
-15801.7172825585
-15801.7172641586
-15801.7173011788
-15801.7173253250
-15801.7173089699
-15801.7173031326
-15801.7173143820
-15801.7173121560
-15801.7172934729
-15801.7172509051
-15801.7173163923
-15801.7172989251
-15801.7172314226
-15801.7172734435
-15801.7172859350
-15801.7172385265
-15801.7172556075
-15801.7173191816
-15801.7173087492
-15801.7172298849
-15801.7173123618
-15801.7172669555
-15801.7172935371
-15801.7172312768
-15801.7172814592
-15801.7172825044
-15801.7173015975
-15801.7173163985
-15801.7173230476
-15801.7173138659
-15801.7172722837
-15801.7173056876
-15801.7173156766
-15801.7173226876
-15801.7172483381
-15801.7172776361
-15801.7173090480
-15801.7172910824
-15801.7173074822
-15801.7172951161
-15801.7172642983
-15801.7173130487
-15801.7172766273
-15801.7172875519
-15801.7172915927
-15801.7172446531
-15801.7172868471
-15801.7173109550
-15801.7172605931
-15801.7172891749
-15801.7172864042
-15801.7172997470
-15801.7173075416
-15801.7173024122
-15801.7172753854
-15801.7172867828
-15801.7172504293
-15801.7172329186
-15801.7172825035
-15801.7172560198
-15801.7172813673
-15801.7172750044
-15801.7173115699
-15801.7172801053
-15801.7172869891
-15801.7172821157
-15801.7173060049
-15801.7173192506
-15801.7173024284
-15801.7172803008
-15801.7172906020
-15801.7172725416
-15801.7172915838
-15801.7172884452
-15801.7172284787
-15801.7172507737
-15801.7173157874
-15801.7172850581
-15801.7172720751
-15801.7173080183
-15801.7172375020
-15801.7172754509
-15801.7172897042
-15801.7172430710
-15801.7172692159
-15801.7173186062
-15801.7173132097
-15801.7173143026
-15801.7172949353
-15801.7172760657
-15801.7172995555
-15801.7172825462
-15801.7172796345
-15801.7173157397
-15801.7172307163
-15801.7173220343
-15801.7173095988
-15801.7172632620
-15801.7172890371
-15801.7173092392
-15801.7172625372
-15801.7172852818
-15801.7172855777
-15801.7173064772
-15801.7173168044
-15801.7172917936
-15801.7172970001
-15801.7172619015
-15801.7172536762
-15801.7172810547
-15801.7172459903
-15801.7172426009
-15801.7173226856
-15801.7172912929
-15801.7173059008
-15801.7173100913
-15801.7172315218
-15801.7172779195
-15801.7172520632
-15801.7172019595
-15801.7172722857
-15801.7172996103
-15801.7173102961
-15801.7173097174
-15801.7173009358
-15801.7172918778
-15801.7172856292
-15801.7172394484
-15801.7173064322
-15801.7172497291
-15801.7172749351
-15801.7173070331
-15801.7173082453
-15801.7173086086
-15801.7172851213
-15801.7173007988
-15801.7172792739
-15801.7172991662
-15801.7172830975
-15801.7172823367
-15801.7172461609
-15801.7172718005
-15801.7173137558
-15801.7172649020
-15801.7172627277
-15801.7172984131
-15801.7173191049
-15801.7173157151
-15801.7172962658
-15801.7173000991
-15801.7172818675
-15801.7172934897
-15801.7173059876
-15801.7172627721
-15801.7172906560
-15801.7172256842
-15801.7173058991
-15801.7173116513
-15801.7172314303
-15801.7172759159
-15801.7172912815
-15801.7172585967
-15801.7172876152
-15801.7173182466
-15801.7173058691
-15801.7173105844
-15801.7173070518
-15801.7172784597
-15801.7172697923
-15801.7173242307
-15801.7172684795
-15801.7172605356
-15801.7172834784
-15801.7173063087
-15801.7172945292
-15801.7172743061
-15801.7173078570
-15801.7172591763
-15801.7172879913
-15801.7172963990
-15801.7172799057
-15801.7172647171
-15801.7172947911
-15801.7173045334
-15801.7172635383
-15801.7173095160
-15801.7172558790
-15801.7172558834
-15801.7172659327
-15801.7173008608
-15801.7172720415
-15801.7172765640
-15801.7172512043
-15801.7172867088
-15801.7173149014
-15801.7172615981
-15801.7172312443
-15801.7172924635
-15801.7172305186
-15801.7172457654
-15801.7172902379
-15801.7172923990
-15801.7172918684
-15801.7172657887
-15801.7172779072
-15801.7172306228
-15801.7172716122
-15801.7172919986
-15801.7172786455
-15801.7173028457
-15801.7172925915
-15801.7172275615
-15801.7172992551
-15801.7172605778
-15801.7173330373
-15801.7172497956
-15801.7172887441
-15801.7172996000
-15801.7172306438
-15801.7172691787
-15801.7172988446
-15801.7172320917
-15801.7172824367
-15801.7172471969
-15801.7173072916
-15801.7173224446
-15801.7172654321
-15801.7172888861
-15801.7172774612
-15801.7172556761
-15801.7172970150
-15801.7172666737
-15801.7172273249
-15801.7173050127
-15801.7173076165
-15801.7172623164
-15801.7173138451
-15801.7172571416
-15801.7172833107
-15801.7172348895
-15801.7172966376
-15801.7173084032
-15801.7172793622
-15801.7172653002
-15801.7173020335
-15801.7172796403
-15801.7172831912
-15801.7172886225
-15801.7172593855
-15801.7173131733
-15801.7172930173
-15801.7172724609
-15801.7172977114
-15801.7173270456
-15801.7173101848
-15801.7173124523
-15801.7172495443
-15801.7172914063
-15801.7172765105
-15801.7172917195
-15801.7172834760
-15801.7172707641
-15801.7172973259
-15801.7172924242
-15801.7172880511
-15801.7172957632
-15801.7173008750
-15801.7172238160
-15801.7172774446
-15801.7172523483
-15801.7173198961
-15801.7172944322
-15801.7172675060
-15801.7173053021
-15801.7173009561
-15801.7173085447
-15801.7173366950
-15801.7172992699
-15801.7173063943
-15801.7172878989
-15801.7172922818
-15801.7172726861
-15801.7173115248
-15801.7172784719
-15801.7172783362
-15801.7172635856
-15801.7173086360
-15801.7172516914
-15801.7172682619
-15801.7173078842
-15801.7172752574
-15801.7173137469
-15801.7172932399
-15801.7172638911
-15801.7172861276
-15801.7172906363
-15801.7172745726
-15801.7172925932
-15801.7172889897
-15801.7172310598
-15801.7172216940
-15801.7173230590
-15801.7172683191
-15801.7172948195
-15801.7173245937
-15801.7172659557
-15801.7172692509
-15801.7172739347
-15801.7172837345
-15801.7173151513
-15801.7172617053
-15801.7172930281
-15801.7172724678
-15801.7172493899
-15801.7172323793
-15801.7173044837
-15801.7173001518
-15801.7172796274
-15801.7172590153
-15801.7172315448
-15801.7172508725
-15801.7172703565
-15801.7173114684
-15801.7172841500
-15801.7173025389
-15801.7172707963
-15801.7172924150
-15801.7172683113
-15801.7173083466
-15801.7172943780
-15801.7173019895
-15801.7173132379
-15801.7173015782
-15801.7172964243
-15801.7172798841
-15801.7172924795
-15801.7172258795
-15801.7172541587
-15801.7172759584
-15801.7173096776
-15801.7172990919
-15801.7172868544
-15801.7172828031
-15801.7172861832
-15801.7172751094
-15801.7172888332
-15801.7172848502
-15801.7173020200
-15801.7172837770
-15801.7172855419
-15801.7172313514
-15801.7172798975
-15801.7172985325
-15801.7172947857
-15801.7172883679
-15801.7173301850
-15801.7173302926
-15801.7173079648
-15801.7172584772
-15801.7172501873
-15801.7173038132
-15801.7172810798
-15801.7172905137
-15801.7172950322
-15801.7172736450
-15801.7172644116
-15801.7173112371
-15801.7172723108
-15801.7173091925
-15801.7173033280
-15801.7172951973
-15801.7173006182
-15801.7173168864
-15801.7172805997
-15801.7173035470
-15801.7172680458
-15801.7172875763
-15801.7173063782
-15801.7172989051
-15801.7172842188
-15801.7172554475
-15801.7172997555
-15801.7172668849
-15801.7172983851
-15801.7173168748
-15801.7172570182
-15801.7173181091
-15801.7172812829
-15801.7172975988
-15801.7172758468
-15801.7173294165
-15801.7173167992
-15801.7173264373
-15801.7173163300
-15801.7172830858
-15801.7173248531
-15801.7173298889
-15801.7172560502
-15801.7172577169
-15801.7172999857
-15801.7172957293
-15801.7173278438
-15801.7172984711
-15801.7172946908
-15801.7173109244
-15801.7172463240
-15801.7172860121
-15801.7173124524
-15801.7173226896
-15801.7172865060
-15801.7172981298
-15801.7173202990
-15801.7172471273
-15801.7172588464
-15801.7173219066
-15801.7172695225
-15801.7172791787
-15801.7173104940
-15801.7172442155
-15801.7172792076
-15801.7173198799
-15801.7173249035
-15801.7173013526
-15801.7172819552
-15801.7173019892
-15801.7173156888
-15801.7173027164
-15801.7172935926
-15801.7172301057
-15801.7172699534
-15801.7172766323
-15801.7172994271
-15801.7172981059
-15801.7172961465
-15801.7173197323
-15801.7173061194
-15801.7172959294
-15801.7172695649
-15801.7172890110
-15801.7173132387
-15801.7172461752
-15801.7172530557
-15801.7172812435
-15801.7173228490
-15801.7173228526
-15801.7172937861
-15801.7172709816
-15801.7173086339
-15801.7173137740
-15801.7173176873
-15801.7172940472
-15801.7172858731
-15801.7173030604
-15801.7173200364
-15801.7172932702
-15801.7172745120
-15801.7172939055
-15801.7173081342
-15801.7173051127
-15801.7172600921
-15801.7172712762
-15801.7172261367
-15801.7173037861
-15801.7172829367
-15801.7173223989
-15801.7172979976
-15801.7172525588
-15801.7172813713
-15801.7173052034
-15801.7172460275
-15801.7172440767
-15801.7172556155
-15801.7172965690
-15801.7172454767
-15801.7172721774
-15801.7173197247
-15801.7172749120
-15801.7172870677
-15801.7173027578
-15801.7173151526
-15801.7173193083
-15801.7172822483
-15801.7173243551
-15801.7172878765
-15801.7172680503
-15801.7172589628
-15801.7172708343
-15801.7172720551
-15801.7172437891
-15801.7172981895
-15801.7172667264
-15801.7173034633
-15801.7173192624
-15801.7173035349
-15801.7172688840
-15801.7172721633
-15801.7172883752
-15801.7172922249
-15801.7172590676
-15801.7173072571
-15801.7172589390
-15801.7172816450
-15801.7173105562
-15801.7172845320
-15801.7172787997
-15801.7173107565
-15801.7173048724
-15801.7173044655
-15801.7173091102
-15801.7173076395
-15801.7172879636
-15801.7173087673
-15801.7173240098
-15801.7172912341
-15801.7173135809
-15801.7173083620
-15801.7173213083
-15801.7172581864
-15801.7173249977
-15801.7173103259
-15801.7172845627
-15801.7173189357
-15801.7173152284
-15801.7173091426
-15801.7172713796
-15801.7173138381
-15801.7172524597
-15801.7172942465
-15801.7173090969
-15801.7172773752
-15801.7173078518
-15801.7173018545
-15801.7173256842
-15801.7172315058
-15801.7172558477
-15801.7173065443
-15801.7172746174
-15801.7173185582
-15801.7172773388
-15801.7172732818
-15801.7172878313
-15801.7172789303
-15801.7172859028
-15801.7172822318
-15801.7172879834
-15801.7173247856
-15801.7172957244
-15801.7173098512
-15801.7173129476
-15801.7173051121
-15801.7172957823
-15801.7173231082
-15801.7172860465
-15801.7172835699
-15801.7172573766
-15801.7173013249
-15801.7173001456
-15801.7172673621
-15801.7172720072
-15801.7172856221
-15801.7173079664
-15801.7172699465
-15801.7172443294
-15801.7172910193
-15801.7173155166
-15801.7172273646
-15801.7173098463
-15801.7173174206
-15801.7173125460
-15801.7172945368
-15801.7173065662
-15801.7173184904
-15801.7172907921
-15801.7172929702
-15801.7172529271
-15801.7173239889
-15801.7173085661
-15801.7172738354
-15801.7173001805
-15801.7172618496
-15801.7173068272
-15801.7172866242
-15801.7173215736
-15801.7172743949
-15801.7173016323
-15801.7172791254
-15801.7172718924
-15801.7172813153
-15801.7172609379
-15801.7172875268
-15801.7172745712
-15801.7172955410
-15801.7172928315
-15801.7172665232
-15801.7173374716
-15801.7172826657
-15801.7172314839
-15801.7173250033
-15801.7173053574
-15801.7173124261
-15801.7173358353
-15801.7172741713
-15801.7172805595
-15801.7173100835
-15801.7173232300
-15801.7172716374
-15801.7172980474
-15801.7172309750
-15801.7172772450
-15801.7172975917
-15801.7173018923
-15801.7172927045
-15801.7172699509
-15801.7172773383
-15801.7172566788
-15801.7172987705
-15801.7172408828
-15801.7172207288
-15801.7173272242
-15801.7172886861
-15801.7172792691
-15801.7172845608
-15801.7173149549
-15801.7172754198
-15801.7172917997
-15801.7172837775
-15801.7172147049
-15801.7173251819
-15801.7172479438
-15801.7173203810
-15801.7173048345
-15801.7172800914
-15801.7172951421
-15801.7172862288
-15801.7172865779
-15801.7172713849
-15801.7172869947
-15801.7173198073
-15801.7173080887
-15801.7172967228
-15801.7172987653
-15801.7172809074
-15801.7172859875
-15801.7172929400
-15801.7173008809
-15801.7172641465
-15801.7173001678
-15801.7172730909
-15801.7172926820
-15801.7172790028
-15801.7172906498
-15801.7172713122
-15801.7173119772
-15801.7172896838
-15801.7172854952
-15801.7172975608
-15801.7172696374
-15801.7172816105
-15801.7172697206
-15801.7172322618
-15801.7173128590
-15801.7173138343
-15801.7173365283
-15801.7173092770
-15801.7172285509
-15801.7173109632
-15801.7172514877
-15801.7172891480
-15801.7172770767
-15801.7172755959
-15801.7172810065
-15801.7172794541
-15801.7172868430
-15801.7173200304
-15801.7173094394
-15801.7172831562
-15801.7172937503
-15801.7173057920
-15801.7172843891
-15801.7172338526
-15801.7173034633
-15801.7172975995
-15801.7172848036
-15801.7173045043
-15801.7172905646
-15801.7173062118
-15801.7172871459
-15801.7172769270
-15801.7172982833
-15801.7172954859
-15801.7172545262
-15801.7172724816
-15801.7172952987
-15801.7172806088
-15801.7172799808
-15801.7172900760
-15801.7173107522
-15801.7172966967
-15801.7173136503
-15801.7173096544
-15801.7172779583
-15801.7172612579
-15801.7172959124
-15801.7172838949
-15801.7172997769
-15801.7172879745
-15801.7172890351
-15801.7172943711
-15801.7172822519
-15801.7172967468
-15801.7172979292
-15801.7172885874
-15801.7173215787
-15801.7172974719
-15801.7173074700
-15801.7172659249
-15801.7172938571
-15801.7172587201
-15801.7172874727
-15801.7172815750
-15801.7173092234
-15801.7172319388
-15801.7172834981
-15801.7173171835
-15801.7173138260
-15801.7173190632
-15801.7172999631
-15801.7172874142
-15801.7173087536
-15801.7172982171
-15801.7172783306
-15801.7173142772
-15801.7173190557
-15801.7172670928
-15801.7173095855
-15801.7173059880
-15801.7173067138
-15801.7172743215
-15801.7173100548
-15801.7172937845
-15801.7172744919
-15801.7173238907
-15801.7172825946
-15801.7173077273
-15801.7173224942
-15801.7172646299
-15801.7173056920
-15801.7173080740
-15801.7172875635
-15801.7173228849
-15801.7172906722
-15801.7173094547
-15801.7173257221
-15801.7173222137
-15801.7173133256
-15801.7172962769
-15801.7172801299
-15801.7172989840
-15801.7173148779
-15801.7173247164
-15801.7173105814
-15801.7173022434
-15801.7173199648
-15801.7173255110
-15801.7172913615
-15801.7173024365
-15801.7172323436
-15801.7172894495
-15801.7172947035
-15801.7173230133
-15801.7172732628
-15801.7173275354
-15801.7172671446
-15801.7173169300
-15801.7173032553
-15801.7172782360
-15801.7173155513
-15801.7172948523
-15801.7173029870
-15801.7173044199
-15801.7172995822
-15801.7172702057
-15801.7172784682
-15801.7172860474
-15801.7173019656
-15801.7172908801
-15801.7173127352
-15801.7173170379
-15801.7172874301
-15801.7172318508
-15801.7173152066
-15801.7173040318
-15801.7172467790
-15801.7173149259
-15801.7172817242
-15801.7173170985
-15801.7172971072
-15801.7172434785
-15801.7172424166
-15801.7173019316
-15801.7172661933
-15801.7172263579
-15801.7172761164
-15801.7172710700
-15801.7172495315
-15801.7172511377
-15801.7172864003
-15801.7172529122
-15801.7173042475
-15801.7173103999
-15801.7172981430
-15801.7172926993
-15801.7172826380
-15801.7173006640
-15801.7172698087
-15801.7172877068
-15801.7172558609
-15801.7172933465
-15801.7172969836
-15801.7172421712
-15801.7172703137
-15801.7172704069
-15801.7173213964
-15801.7172398210
-15801.7173135024
-15801.7173342326
-15801.7173117429
-15801.7173063408
-15801.7173185847
-15801.7173120050
-15801.7172650094
-15801.7172954979
-15801.7172545532
-15801.7172662432
-15801.7172920717
-15801.7172831354
-15801.7172784646
-15801.7172713020
-15801.7172613933
-15801.7172814365
-15801.7172812884
-15801.7173367095
-15801.7173139200
-15801.7172627293
-15801.7173361480
-15801.7173181678
-15801.7172508324
-15801.7173087657
-15801.7172989450
-15801.7173200569
-15801.7172677681
-15801.7173227434
-15801.7173242930
-15801.7173054214
-15801.7172379230
-15801.7172495803
-15801.7173129242
-15801.7172973685
-15801.7173065220
-15801.7172864347
-15801.7173043850
-15801.7172303211
-15801.7172915969
-15801.7173070774
-15801.7172644647
-15801.7172803778
-15801.7173031494
-15801.7172667062
-15801.7172790948
-15801.7173095578
-15801.7172405422
-15801.7173029380
-15801.7172939408
-15801.7173005860
-15801.7173141516
-15801.7172750003
-15801.7173111560
-15801.7172872463
-15801.7172916922
-15801.7172751473
-15801.7172910903
-15801.7173170656
-15801.7172989433
-15801.7173151132
-15801.7172550693
-15801.7172985119
-15801.7172953113
-15801.7173179044
-15801.7172710478
-15801.7173242317
-15801.7172734088
-15801.7172770239
-15801.7173150345
-15801.7173004874
-15801.7173057930
-15801.7172833561
-15801.7172745743
-15801.7173003055
-15801.7173221689
-15801.7173318791
-15801.7173142690
-15801.7172794613
-15801.7172887899
-15801.7173265850
-15801.7173058479
-15801.7172861124
-15801.7172241863
-15801.7173051796
-15801.7172650736
-15801.7173052050
-15801.7172305066
-15801.7172849420
-15801.7172696350
-15801.7172680214
-15801.7173181089
-15801.7172781153
-15801.7172898798
-15801.7172892300
-15801.7173069956
-15801.7172753468
-15801.7172896011
-15801.7172663417
-15801.7173084296
-15801.7172660882
-15801.7173043945
-15801.7173033877
-15801.7173354269
-15801.7172642750
-15801.7172787399
-15801.7173065024
-15801.7172802183
-15801.7172963524
-15801.7172970472
-15801.7173236476
-15801.7173024427
-15801.7173003370
-15801.7172312878
-15801.7172975178
-15801.7172313861
-15801.7172678762
-15801.7173045023
-15801.7172684317
-15801.7172763204
-15801.7173033403
-15801.7172614981
-15801.7172973221
-15801.7172722870
-15801.7172895520
-15801.7172433760
-15801.7173088009
-15801.7173342941
-15801.7173059700
-15801.7172909133
-15801.7173000335
-15801.7172964569
-15801.7172722939
-15801.7172657245
-15801.7172951438
-15801.7172232760
-15801.7173047756
-15801.7172825769
-15801.7172857028
-15801.7173059956
-15801.7172856784
-15801.7173049466
-15801.7172639149
-15801.7172246953
-15801.7173124570
-15801.7172985625
-15801.7173033590
-15801.7172968099
-15801.7172943123
-15801.7172953985
-15801.7172777306
-15801.7173095007
-15801.7172865360
-15801.7172576797
-15801.7172212562
-15801.7172543359
-15801.7172547219
-15801.7173300188
-15801.7172992913
-15801.7173246013
-15801.7172606881
-15801.7172963133
-15801.7173265537
-15801.7172903229
-15801.7173195416
-15801.7172561331
-15801.7172758638
-15801.7173168760
-15801.7172573520
-15801.7173193713
-15801.7172972070
-15801.7173022381
-15801.7173071968
-15801.7173141239
-15801.7173126020
-15801.7172690035
-15801.7172985819
-15801.7172873991
-15801.7172948464
-15801.7172809065
-15801.7173227474
-15801.7172905334
-15801.7172633412
-15801.7173001956
-15801.7172878848
-15801.7172922418
-15801.7173041375
-15801.7173142501
-15801.7173112404
-15801.7172288336
-15801.7172771216
-15801.7172869371
-15801.7172771526
-15801.7173003067
-15801.7173102958
-15801.7173108891
-15801.7173111062
-15801.7172402798
-15801.7173299921
-15801.7172690231
-15801.7172868324
-15801.7172313309
-15801.7172818958
-15801.7173104896
-15801.7172996747
-15801.7172974482
-15801.7172999965
-15801.7172858741
-15801.7172333805
-15801.7173224450
-15801.7172943439
-15801.7172726103
-15801.7173154895
-15801.7172841386
-15801.7172326074
-15801.7172859313
-15801.7172640712
-15801.7173124504
-15801.7172833463
-15801.7172661897
-15801.7172719569
-15801.7173111718
-15801.7172402336
-15801.7173390375
-15801.7172942393
-15801.7172985518
-15801.7172628789
-15801.7172922038
-15801.7172782485
-15801.7172831268
-15801.7172491753
-15801.7172785255
-15801.7172653325
-15801.7172682032
-15801.7173225430
-15801.7172864408
-15801.7172789593
-15801.7173146737
-15801.7173213157
-15801.7172588594
-15801.7173063258
-15801.7172921365
-15801.7172895066
-15801.7173108841
-15801.7172994533
-15801.7172560736
-15801.7172856545
-15801.7172981867
-15801.7173225242
-15801.7172762560
-15801.7172909319
-15801.7173116287
-15801.7173094204
-15801.7172894199
-15801.7172839755
-15801.7172720163
-15801.7172270465
-15801.7172658628
-15801.7172891298
-15801.7173112927
-15801.7172455369
-15801.7172745068
-15801.7173321165
-15801.7173023349
-15801.7172311254
-15801.7172796678
-15801.7173083876
-15801.7172468354
-15801.7173185632
-15801.7173147000
-15801.7172928839
-15801.7173041808
-15801.7172854552
-15801.7173140649
-15801.7172851142
-15801.7173306353
-15801.7172714596
-15801.7172364109
-15801.7172998948
-15801.7172845458
-15801.7172714965
-15801.7173339151
-15801.7173061273
-15801.7172452045
-15801.7172499320
-15801.7173069442
-15801.7172418721
-15801.7173158363
-15801.7172977298
-15801.7172774550
-15801.7173053480
-15801.7172852828
-15801.7172856337
-15801.7172692581
-15801.7173096556
-15801.7173250304
-15801.7172443593
-15801.7173071351
-15801.7172591307
-15801.7172547649
-15801.7172482158
-15801.7173144695
-15801.7172760084
-15801.7172784607
-15801.7172707383
-15801.7172865525
-15801.7172906614
-15801.7172996520
-15801.7172818011
-15801.7172664491
-15801.7173142234
-15801.7172949490
-15801.7172559486
-15801.7172608714
-15801.7173303031
-15801.7172789016
-15801.7173328611
-15801.7172533461
-15801.7172971193
-15801.7173008793
-15801.7173137651
-15801.7172913401
-15801.7172519481
-15801.7172138861
-15801.7173142137
-15801.7173143003
-15801.7173329674
-15801.7172809837
-15801.7172633065
-15801.7172942980
-15801.7173184718
-15801.7172317943
-15801.7172975111
-15801.7172847169
-15801.7172436988
-15801.7173132086
-15801.7173021954
-15801.7173098535
-15801.7172658249
-15801.7172725914
-15801.7173098115
-15801.7172233665
-15801.7172752662
-15801.7173113656
-15801.7172589015
-15801.7172327214
-15801.7173048564
-15801.7173014482
-15801.7173082837
-15801.7173261056
-15801.7172632815
-15801.7172344309
-15801.7172767226
-15801.7172954062
-15801.7172556011
-15801.7172895306
-15801.7172888649
-15801.7173154673
-15801.7172828516
-15801.7173195721
-15801.7173190519
-15801.7173147945
-15801.7172942274
-15801.7173153988
-15801.7172681247
-15801.7173183692
-15801.7173181243
-15801.7172968765
-15801.7173255857
-15801.7172690916
-15801.7173000991
-15801.7172670947
-15801.7172804574
-15801.7173070567
-15801.7172954123
-15801.7173011402
-15801.7173064030
-15801.7172306409
-15801.7172691018
-15801.7172587801
-15801.7172658777
-15801.7173149145
-15801.7172525998
-15801.7172779001
-15801.7172561934
-15801.7172812816
-15801.7172801815
-15801.7173042308
-15801.7173176194
-15801.7172753677
-15801.7172608619
-15801.7172886766
-15801.7172920067
-15801.7172851400
-15801.7173362728
-15801.7173119009
-15801.7172798222
-15801.7172857166
-15801.7172941676
-15801.7172779535
-15801.7173001774
-15801.7173167737
-15801.7172935009
-15801.7172148822
-15801.7172953802
-15801.7173048259
-15801.7172396716
-15801.7172945100
-15801.7172806642
-15801.7173107638
-15801.7173008225
-15801.7172970291
-15801.7173177456
-15801.7173330017
-15801.7173210384
-15801.7172948927
-15801.7172890679
-15801.7173037699
-15801.7173208790
-15801.7172691995
-15801.7173030420
-15801.7172687919
-15801.7172935638
-15801.7172512825
-15801.7172925783
-15801.7172909239
-15801.7172590598
-15801.7172721885
-15801.7173099073
-15801.7172511487
-15801.7172393073
-15801.7173011430
-15801.7172872803
-15801.7173250824
-15801.7172885982
-15801.7172896004
-15801.7172897139
-15801.7172994264
-15801.7172983306
-15801.7172947070
-15801.7172934623
-15801.7172889835
-15801.7173140027
-15801.7173167116
-15801.7173421592
-15801.7173077953
-15801.7172780093
-15801.7172732017
-15801.7173191461
-15801.7173070699
-15801.7172264344
-15801.7173159485
-15801.7172669480
-15801.7173325715
-15801.7172868046
-15801.7173147619
-15801.7173021366
-15801.7172992514
-15801.7172964392
-15801.7173244719
-15801.7172881513
-15801.7172839267
-15801.7173006650
-15801.7172700518
-15801.7172783167
-15801.7172866577
-15801.7173197131
-15801.7172517679
-15801.7172859576
-15801.7172757890
-15801.7173042013
-15801.7173153067
-15801.7173042538
-15801.7172532514
-15801.7173152689
-15801.7173001788
-15801.7172904113
-15801.7173048885
-15801.7172896048
-15801.7172781096
-15801.7173105964
-15801.7172806138
-15801.7172939217
-15801.7173206847
-15801.7172960039
-15801.7173233717
-15801.7173076908
-15801.7172698228
-15801.7172919329
-15801.7173135302
-15801.7172869309
-15801.7172570742
-15801.7173202047
-15801.7172847486
-15801.7172853555
-15801.7173259159
-15801.7173090153
-15801.7172886433
-15801.7173013591
-15801.7173131242
-15801.7173241794
-15801.7172806089
-15801.7172567682
-15801.7172669212
-15801.7172404426
-15801.7173352932
-15801.7172523532
-15801.7172890969
-15801.7172834772
-15801.7173286328
-15801.7172787469
-15801.7172942015
-15801.7172611742
-15801.7173040286
-15801.7172617594
-15801.7172711230
-15801.7172935450
-15801.7173037539
-15801.7172999557
-15801.7172844339
-15801.7173063424
-15801.7173116718
-15801.7173018939
-15801.7172926580
-15801.7172686624
-15801.7172944876
-15801.7173186958
-15801.7172690829
-15801.7172860335
-15801.7173203649
-15801.7172602920
-15801.7173149007
-15801.7173132731
-15801.7172624730
-15801.7172305140
-15801.7172860583
-15801.7172944629
-15801.7172504204
-15801.7172307769
-15801.7173134596
-15801.7172716636
-15801.7172290293
-15801.7172983384
-15801.7172846010
-15801.7172917135
-15801.7172713911
-15801.7173096699
-15801.7173293116
-15801.7172562153
-15801.7173150068
-15801.7173187605
-15801.7172755399
-15801.7173042881
-15801.7172856456
-15801.7172876264
-15801.7172760571
-15801.7172981626
-15801.7172829150
-15801.7173095681
-15801.7172765106
-15801.7172440855
-15801.7173119050
-15801.7172990695
-15801.7172998519
-15801.7172633599
-15801.7172894221
-15801.7173199496
-15801.7173111886
-15801.7173012281
-15801.7173159714
-15801.7172849675
-15801.7172305680
-15801.7172917219
-15801.7172793695
-15801.7172968800
-15801.7173081564
-15801.7172642290
-15801.7173044659
-15801.7173133545
-15801.7172898996
-15801.7173025276
-15801.7173083553
-15801.7173007003
-15801.7172725318
-15801.7173259772
-15801.7172783862
-15801.7172972523
-15801.7172866626
-15801.7172302743
-15801.7172609666
-15801.7173266618
-15801.7172620499
-15801.7172886753
-15801.7173332965
-15801.7172998328
-15801.7172747187
-15801.7172661212
-15801.7173058077
-15801.7172961549
-15801.7172659522
-15801.7173015387
-15801.7173014543
-15801.7172989132
-15801.7173178772
-15801.7172827982
-15801.7173023585
-15801.7172739543
-15801.7172317966
-15801.7173064292
-15801.7172726096
-15801.7172809969
-15801.7172947297
-15801.7172646608
-15801.7173164376
-15801.7173054044
-15801.7172808137
-15801.7172788221
-15801.7173046876
-15801.7172615983
-15801.7173227531
-15801.7173200927
-15801.7173046683
-15801.7172549988
-15801.7172702225
-15801.7173050440
-15801.7172686469
-15801.7173130557
-15801.7173014318
-15801.7172922440
-15801.7172556675
-15801.7172283966
-15801.7172766346
-15801.7172772035
-15801.7172992440
-15801.7173157625
-15801.7172961018
-15801.7172876989
-15801.7172931861
-15801.7172604818
-15801.7172934571
-15801.7172852547
-15801.7172310560
-15801.7172906162
-15801.7172936613
-15801.7173113180
-15801.7172950844
-15801.7173159913
-15801.7172437929
-15801.7172579424
-15801.7173237493
-15801.7172897738
-15801.7173173668
-15801.7173087885
-15801.7173166397
-15801.7172591174
-15801.7173126437
-15801.7173000426
-15801.7173089034
-15801.7173054790
-15801.7173169517
-15801.7172482954
-15801.7173070102
-15801.7172791034
-15801.7173057917
-15801.7172994822
-15801.7172797066
-15801.7172704613
-15801.7172796555
-15801.7172120697
-15801.7172896449
-15801.7172981983
-15801.7173199098
-15801.7172768993
-15801.7172970125
-15801.7172309668
-15801.7173258246
-15801.7172631849
-15801.7172630975
-15801.7172726963
-15801.7173129187
-15801.7172975520
-15801.7172968592
-15801.7172639935
-15801.7173009782
-15801.7172685936
-15801.7172787158
-15801.7173289193
-15801.7173082479
-15801.7173086016
-15801.7172926994
-15801.7173085710
-15801.7172829331
-15801.7172875403
-15801.7172694628
-15801.7173238779
-15801.7173030679
-15801.7173130656
-15801.7172597455
-15801.7172857961
-15801.7172925867
-15801.7172998457
-15801.7173216384
-15801.7172887114
-15801.7172236296
-15801.7172926354
-15801.7172682677
-15801.7172875022
-15801.7172313019
-15801.7172952750
-15801.7172990500
-15801.7172850415
-15801.7173141508
-15801.7172860994
-15801.7173075812
-15801.7173334119
-15801.7173011519
-15801.7172870129
-15801.7173168287
-15801.7172734825
-15801.7173034737
-15801.7173026007
-15801.7173207765
-15801.7173168691
-15801.7173128370
-15801.7173019128
-15801.7172817119
-15801.7172812451
-15801.7172314560
-15801.7172601043
-15801.7172829412
-15801.7173075575
-15801.7172927037
-15801.7173392412
-15801.7172911369
-15801.7172769625
-15801.7173037716
-15801.7172950093
-15801.7173215347
-15801.7172549406
-15801.7172544053
-15801.7173075346
-15801.7172982237
-15801.7172998328
-15801.7172648334
-15801.7173060806
-15801.7172671975
-15801.7172799670
-15801.7173211748
-15801.7172992521
-15801.7173123258
-15801.7173055128
-15801.7173098337
-15801.7172856547
-15801.7172855762
-15801.7173224300
-15801.7173144070
-15801.7173108654
-15801.7173161281
-15801.7172355290
-15801.7173153213
-15801.7172724981
-15801.7173305834
-15801.7172889777
-15801.7173114672
-15801.7173055531
-15801.7172250738
-15801.7173063079
-15801.7172904418
-15801.7172635160
-15801.7172565144
-15801.7172983607
-15801.7173043036
-15801.7172735742
-15801.7173173569
-15801.7172879041
-15801.7173067681
-15801.7172902969
-15801.7172116567
-15801.7172671934
-15801.7172905978
-15801.7172712546
-15801.7173266621
-15801.7172918545
-15801.7172983204
-15801.7172577700
-15801.7172770845
-15801.7173013733
-15801.7172584477
-15801.7172881670
-15801.7172578965
-15801.7172858532
-15801.7172834763
-15801.7172485817
-15801.7172923484
-15801.7172959378
-15801.7173056072
-15801.7173112733
-15801.7172314255
-15801.7173074104
-15801.7172800110
-15801.7173380791
-15801.7172980987
-15801.7173101377
-15801.7173370918
-15801.7172810481
-15801.7172310690
-15801.7172919740
-15801.7172740371
-15801.7172647299
-15801.7172903216
-15801.7173021115
-15801.7172986382
-15801.7173084184
-15801.7172975163
-15801.7172827783
-15801.7173194105
-15801.7172955393
-15801.7172831103
-15801.7172960742
-15801.7172926674
-15801.7172682245
-15801.7173209655
-15801.7172672018
-15801.7172951945
-15801.7172415697
-15801.7172808004
-15801.7172684212
-15801.7172235995
-15801.7173244715
-15801.7172588610
-15801.7172941316
-15801.7172839733
-15801.7172993114
-15801.7172967941
-15801.7172956127
-15801.7172714138
-15801.7172777557
-15801.7173047423
-15801.7172988415
-15801.7173017307
-15801.7172865750
-15801.7173027022
-15801.7172741782
-15801.7172921623
-15801.7172611076
-15801.7173104830
-15801.7172971210
-15801.7172774542
-15801.7172774841
-15801.7172972975
-15801.7172661068
-15801.7172790852
-15801.7173044903
-15801.7173094889
-15801.7172488434
-15801.7173241818
-15801.7172656153
-15801.7172929036
-15801.7172714260
-15801.7172946249
-15801.7172997226
-15801.7172750949
-15801.7172565170
-15801.7172753341
-15801.7173113917
-15801.7172314464
-15801.7173041999
-15801.7172726330
-15801.7172923665
-15801.7172409190
-15801.7173231672
-15801.7173264478
-15801.7172695261
-15801.7172895668
-15801.7172685143
-15801.7172905552
-15801.7172909884
-15801.7173221220
-15801.7172727758
-15801.7173068502
-15801.7172829429
-15801.7173023617
-15801.7173282425
-15801.7172997826
-15801.7173085607
-15801.7173210079
-15801.7172883920
-15801.7172962609
-15801.7173323036
-15801.7173216560
-15801.7172966777
-15801.7173093889
-15801.7173056866
-15801.7172882957
-15801.7173075585
-15801.7172983781
-15801.7172827442
-15801.7172998047
-15801.7172699536
-15801.7172766686
-15801.7172712116
-15801.7172871689
-15801.7173017971
-15801.7172987422
-15801.7173123431
-15801.7172709239
-15801.7172747480
-15801.7172802907
-15801.7172316729
-15801.7172859336
-15801.7173059274
-15801.7172596632
-15801.7172744469
-15801.7173307916
-15801.7172866380
-15801.7172950733
-15801.7172950097
-15801.7172929132
-15801.7172668747
-15801.7172998888
-15801.7172812215
-15801.7173197832
-15801.7172862521
-15801.7173226024
-15801.7172899652
-15801.7173087194
-15801.7172879073
-15801.7172722542
-15801.7172996337
-15801.7173065623
-15801.7172689185
-15801.7172168366
-15801.7172980781
-15801.7173003161
-15801.7172608180
-15801.7172750147
-15801.7172863237
-15801.7172210593
-15801.7172513946
-15801.7173010228
-15801.7173048609
-15801.7172514000
-15801.7173178466
-15801.7172941591
-15801.7172684054
-15801.7172699051
-15801.7173059339
-15801.7172926778
-15801.7172819867
-15801.7173119021
-15801.7172304848
-15801.7173211617
-15801.7172906862
-15801.7172931414
-15801.7173258470
-15801.7173039628
-15801.7173258324
-15801.7172328751
-15801.7172535188
-15801.7172871339
-15801.7173068222
-15801.7172954826
-15801.7172971360
-15801.7172793732
-15801.7172949645
-15801.7172847009
-15801.7172744972
-15801.7172891555
-15801.7173103192
-15801.7173174265
-15801.7173051552
-15801.7172848740
-15801.7173077584
-15801.7173145913
-15801.7173044477
-15801.7172666509
-15801.7173154768
-15801.7172552523
-15801.7173025609
-15801.7172510848
-15801.7173018655
-15801.7172995228
-15801.7172952675
-15801.7172950259
-15801.7172710317
-15801.7172745941
-15801.7172708434
-15801.7172820335
-15801.7172442246
-15801.7172888460
-15801.7172462025
-15801.7173047747
-15801.7172810553
-15801.7173116788
-15801.7172876487
-15801.7173130506
-15801.7173236772
-15801.7173195032
-15801.7172865851
-15801.7173205535
-15801.7172675487
-15801.7172989965
-15801.7172343405
-15801.7172544582
-15801.7172728706
-15801.7173269392
-15801.7172894655
-15801.7172860561
-15801.7173033022
-15801.7173191615
-15801.7172980251
-15801.7172758446
-15801.7172918311
-15801.7173082128
-15801.7173140931
-15801.7173174927
-15801.7172851435
-15801.7172907162
-15801.7172671843
-15801.7173142031
-15801.7173039018
-15801.7173185610
-15801.7173054140
-15801.7172783010
-15801.7172873606
-15801.7172526963
-15801.7172316014
-15801.7172701895
-15801.7172983366
-15801.7173194408
-15801.7173047845
-15801.7172717201
-15801.7172674097
-15801.7172584909
-15801.7173090936
-15801.7172805937
-15801.7172993836
-15801.7172862666
-15801.7172942764
-15801.7173066552
-15801.7172903842
-15801.7173239603
-15801.7172886312
-15801.7172872308
-15801.7172615466
-15801.7173117271
-15801.7172701813
-15801.7173303755
-15801.7173121334
-15801.7172991702
-15801.7172727944
-15801.7172813521
-15801.7172851855
-15801.7172543808
-15801.7172467883
-15801.7172316025
-15801.7172978031
-15801.7172679692
-15801.7172299277
-15801.7173382688
-15801.7172459246
-15801.7172311531
-15801.7172943724
-15801.7172491579
-15801.7173280285
-15801.7172867258
-15801.7173063637
-15801.7172449226
-15801.7173020293
-15801.7172707932
-15801.7172857819
-15801.7173040434
-15801.7172924272
-15801.7172742265
-15801.7173130907
-15801.7172668063
-15801.7172906299
-15801.7172501312
-15801.7172475985
-15801.7173046713
-15801.7172470492
-15801.7172892235
-15801.7173159674
-15801.7172975426
-15801.7172912031
-15801.7172858816
-15801.7173092472
-15801.7172747788
-15801.7172611810
-15801.7172937125
-15801.7172891967
-15801.7173120830
-15801.7173025311
-15801.7172313721
-15801.7173366822
-15801.7173164183
-15801.7173113711
-15801.7172378466
-15801.7172847640
-15801.7173044774
-15801.7172518793
-15801.7172692541
-15801.7173093564
-15801.7172583147
-15801.7172855287
-15801.7172922162
-15801.7172568368
-15801.7172866393
-15801.7173145027
-15801.7172561696
-15801.7172424077
-15801.7173033479
-15801.7172938703
-15801.7172320623
-15801.7173216689
-15801.7172924280
-15801.7173048819
-15801.7172609208
-15801.7172972986
-15801.7172764373
-15801.7172987759
-15801.7172488526
-15801.7172535663
-15801.7172321455
-15801.7172566694
-15801.7172576501
-15801.7172703058
-15801.7172854951
-15801.7172860157
-15801.7172986321
-15801.7172747651
-15801.7173266961
-15801.7172828126
-15801.7172780450
-15801.7172956879
-15801.7172124807
-15801.7173019179
-15801.7173105406
-15801.7172323504
-15801.7173034573
-15801.7173165733
-15801.7172317005
-15801.7173097697
-15801.7172870178
-15801.7172820839
-15801.7172674113
-15801.7173064577
-15801.7172935625
-15801.7172916269
-15801.7172923327
-15801.7172595321
-15801.7172785016
-15801.7172837887
-15801.7172713468
-15801.7173083485
-15801.7172308421
-15801.7173135427
-15801.7172670323
-15801.7173136655
-15801.7172739341
-15801.7172958467
-15801.7172982713
-15801.7173068269
-15801.7172878577
-15801.7173098464
-15801.7172897529
-15801.7173117826
-15801.7172694410
-15801.7173228044
-15801.7173130155
-15801.7173102526
-15801.7173096706
-15801.7173087969
-15801.7172733798
-15801.7172785360
-15801.7172808357
-15801.7173222254
-15801.7172459742
-15801.7173018141
-15801.7173022503
-15801.7172612365
-15801.7172587214
-15801.7173029480
-15801.7172292771
-15801.7172509650
-15801.7172451171
-15801.7172483057
-15801.7173041855
-15801.7172856062
-15801.7173226985
-15801.7173014623
-15801.7172801065
-15801.7173122913
-15801.7173302061
-15801.7173155161
-15801.7172828884
-15801.7173119522
-15801.7172965032
-15801.7172763549
-15801.7172614042
-15801.7173013603
-15801.7172895922
-15801.7173042888
-15801.7172792900
-15801.7172578335
-15801.7172891195
-15801.7172883025
-15801.7173147931
-15801.7172879548
-15801.7172813363
-15801.7172921760
-15801.7173073695
-15801.7172359270
-15801.7172942199
-15801.7173306921
-15801.7173075833
-15801.7173186998
-15801.7173230832
-15801.7172527996
-15801.7173193427
-15801.7173172464
-15801.7173191009
-15801.7172959707
-15801.7172657367
-15801.7172346630
-15801.7172718234
-15801.7172801449
-15801.7172690322
-15801.7172759190
-15801.7172905369
-15801.7173007572
-15801.7173102371
-15801.7173136476
-15801.7172972733
-15801.7172665625
-15801.7173026564
-15801.7172678008
-15801.7172964321
-15801.7173139048
-15801.7172844051
-15801.7172837389
-15801.7173075315
-15801.7172718508
-15801.7172794460
-15801.7172673041
-15801.7173181495
-15801.7172999459
-15801.7172841683
-15801.7172784802
-15801.7172667777
-15801.7172909153
-15801.7172585409
-15801.7172987520
-15801.7172942478
-15801.7173341715
-15801.7173144945
-15801.7172500373
-15801.7172751430
-15801.7172739814
-15801.7173305475
-15801.7172611542
-15801.7173269990
-15801.7172591805
-15801.7173040181
-15801.7173290665
-15801.7172897921
-15801.7173202172
-15801.7172854061
-15801.7172850700
-15801.7173012022
-15801.7172893032
-15801.7173017309
-15801.7172956832
-15801.7172860521
-15801.7173129353
-15801.7172663665
-15801.7172993576
-15801.7172660831
-15801.7172904009
-15801.7172768413
-15801.7173065309
-15801.7173078671
-15801.7173238292
-15801.7172915049
-15801.7173153230
-15801.7173138259
-15801.7173177044
-15801.7172632757
-15801.7173167629
-15801.7172534272
-15801.7172835798
-15801.7172760611
-15801.7172992408
-15801.7172863906
-15801.7173054392
-15801.7172445450
-15801.7172756005
-15801.7173159754
-15801.7172513669
-15801.7173165051
-15801.7172749559
-15801.7172931574
-15801.7173050586
-15801.7172632756
-15801.7172772403
-15801.7172911740
-15801.7173075305
-15801.7172883461
-15801.7172324888
-15801.7173095564
-15801.7172925911
-15801.7172503491
-15801.7172749567
-15801.7172086541
-15801.7173041332
-15801.7172699057
-15801.7172717215
-15801.7172880399
-15801.7172707066
-15801.7172310332
-15801.7172928105
-15801.7172603561
-15801.7172710138
-15801.7172740579
-15801.7172310312
-15801.7172944021
-15801.7173116989
-15801.7173003942
-15801.7172429661
-15801.7173056525
-15801.7172468255
-15801.7172732389
-15801.7173033734
-15801.7173084205
-15801.7173149476
-15801.7172491225
-15801.7173005064
-15801.7172961030
-15801.7173121924
-15801.7173041435
-15801.7173144535
-15801.7173075957
-15801.7172556426
-15801.7173282123
-15801.7172749786
-15801.7172483190
-15801.7172898642
-15801.7173014639
-15801.7172877792
-15801.7173372066
-15801.7173109141
-15801.7172932489
-15801.7173311989
-15801.7172815763
-15801.7173062915
-15801.7172955933
-15801.7172846299
-15801.7173022531
-15801.7172731348
-15801.7172976629
-15801.7172948378
-15801.7173026723
-15801.7172594729
-15801.7172702299
-15801.7172885176
-15801.7172567006
-15801.7172525297
-15801.7173034789
-15801.7172589998
-15801.7172589281
-15801.7172872700
-15801.7172710637
-15801.7172434078
-15801.7173077354
-15801.7173093221
-15801.7173015687
-15801.7172623329
-15801.7173095260
-15801.7173002197
-15801.7172986391
-15801.7172690411
-15801.7172716025
-15801.7172944123
-15801.7173180726
-15801.7172996954
-15801.7173225157
-15801.7172788614
-15801.7173276594
-15801.7173073732
-15801.7172395813
-15801.7172740013
-15801.7172365981
-15801.7172319816
-15801.7172936203
-15801.7172951323
-15801.7173074321
-15801.7172696517
-15801.7173013302
-15801.7172915457
-15801.7172877983
-15801.7173166408
-15801.7172656714
-15801.7172873207
-15801.7172895584
-15801.7172925251
-15801.7172821605
-15801.7172499692
-15801.7173121256
-15801.7172606536
-15801.7172955194
-15801.7173009086
-15801.7172844437
-15801.7173024114
-15801.7172968774
-15801.7172915559
-15801.7173077358
-15801.7172532490
-15801.7172629826
-15801.7173039426
-15801.7172719885
-15801.7173041317
-15801.7172859169
-15801.7172691153
-15801.7173067279
-15801.7173050883
-15801.7172724181
-15801.7172780035
-15801.7173211582
-15801.7172773504
-15801.7172311665
-15801.7173044076
-15801.7172563836
-15801.7172722526
-15801.7172855869
-15801.7172608533
-15801.7173173540
-15801.7172924224
-15801.7172857210
-15801.7172823078
-15801.7172840437
-15801.7172518176
-15801.7172935025
-15801.7173077510
-15801.7173186602
-15801.7172886345
-15801.7173102452
-15801.7172297994
-15801.7173024057
-15801.7173129719
-15801.7172836464
-15801.7172225840
-15801.7173176939
-15801.7172931395
-15801.7172715531
-15801.7172692886
-15801.7172942273
-15801.7172953008
-15801.7173004681
-15801.7172766603
-15801.7172569720
-15801.7172923180
-15801.7172844706
-15801.7172627305
-15801.7173230554
-15801.7172995075
-15801.7172790779
-15801.7172726468
-15801.7173283686
-15801.7172965509
-15801.7173278527
-15801.7173047773
-15801.7172776434
-15801.7172808950
-15801.7172971373
-15801.7172909146
-15801.7173083669
-15801.7172684944
-15801.7173037698
-15801.7173248853
-15801.7172866790
-15801.7172910048
-15801.7173051402
-15801.7172904872
-15801.7172793738
-15801.7172734936
-15801.7173030694
-15801.7173056235
-15801.7173037661
-15801.7173203493
-15801.7172877883
-15801.7172677966
-15801.7172917820
-15801.7172773720
-15801.7172555487
-15801.7173233436
-15801.7172927632
-15801.7172715222
-15801.7173219712
-15801.7173272581
-15801.7172781142
-15801.7173266970
-15801.7172960594
-15801.7173041582
-15801.7172806623
-15801.7173086472
-15801.7173080875
-15801.7172871957
-15801.7172493441
-15801.7172844890
-15801.7172827389
-15801.7172853098
-15801.7173208701
-15801.7173131831
-15801.7173171354
-15801.7172560042
-15801.7173166549
-15801.7172691453
-15801.7172777000
-15801.7172630963
-15801.7172445433
-15801.7172897782
-15801.7172663257
-15801.7172730065
-15801.7173140517
-15801.7172688143
-15801.7172863039
-15801.7172521532
-15801.7172781470
-15801.7173053323
-15801.7173075494
-15801.7172600785
-15801.7172317540
-15801.7173019552
-15801.7172940353
-15801.7173009658
-15801.7173013273
-15801.7172851436
-15801.7173307186
-15801.7172938837
-15801.7172318919
-15801.7172705661
-15801.7172915189
-15801.7173172825
-15801.7172912474
-15801.7173097779
-15801.7172791318
-15801.7172992052
-15801.7172658682
-15801.7173119907
-15801.7173182530
-15801.7172544291
-15801.7172728434
-15801.7172396068
-15801.7172663576
-15801.7172788925
-15801.7173004664
-15801.7172545060
-15801.7173168789
-15801.7172698695
-15801.7172825948
-15801.7173208446
-15801.7172773485
-15801.7173224248
-15801.7172766118
-15801.7173115249
-15801.7173121833
-15801.7172991904
-15801.7172816177
-15801.7173059119
-15801.7173107761
-15801.7173278321
-15801.7172795555
-15801.7172691679
-15801.7172910420
-15801.7173270400
-15801.7172307526
-15801.7173012642
-15801.7172824284
-15801.7172982149
-15801.7172836931
-15801.7172854008
-15801.7173040244
-15801.7173138229
-15801.7172555146
-15801.7173204244
-15801.7173028855
-15801.7172960426
-15801.7173059263
-15801.7172722283
-15801.7172765931
-15801.7172903709
-15801.7173121969
-15801.7173068681
-15801.7172343237
-15801.7173041495
-15801.7172857140
-15801.7173119648
-15801.7172788899
-15801.7172624165
-15801.7173086124
-15801.7172770917
-15801.7172761495
-15801.7172413123
-15801.7173354288
-15801.7172442507
-15801.7172686742
-15801.7173030062
-15801.7172882301
-15801.7172304965
-15801.7172925254
-15801.7172670241
-15801.7173034402
-15801.7172537248
-15801.7173038788
-15801.7172839199
-15801.7172762438
-15801.7173026155
-15801.7172866914
-15801.7173008564
-15801.7172313128
-15801.7172913049
-15801.7172308491
-15801.7172765585
-15801.7172593450
-15801.7172507670
-15801.7173002465
-15801.7172811872
-15801.7173134673
-15801.7173279902
-15801.7172871662
-15801.7172737199
-15801.7173153970
-15801.7172980169
-15801.7173111628
-15801.7173316222
-15801.7173190427
-15801.7173200108
-15801.7173097838
-15801.7173219625
-15801.7172498708
-15801.7172989380
-15801.7173052272
-15801.7173089064
-15801.7172949972
-15801.7173143381
-15801.7172850259
-15801.7173090348
-15801.7173078224
-15801.7172596582
-15801.7172916087
-15801.7173276226
-15801.7172962781
-15801.7172474838
-15801.7172892814
-15801.7172904223
-15801.7172713873
-15801.7172684300
-15801.7172890135
-15801.7173100005
-15801.7172319074
-15801.7172815526
-15801.7172871025
-15801.7173252024
-15801.7173086386
-15801.7172738528
-15801.7172954809
-15801.7172769716
-15801.7173049084
-15801.7173044086
-15801.7173108557
-15801.7173164452
-15801.7172724408
-15801.7172692037
-15801.7172935396
-15801.7173001865
-15801.7172695271
-15801.7173196227
-15801.7173151351
-15801.7172771553
-15801.7172644273
-15801.7172750037
-15801.7172667668
-15801.7172950768
-15801.7172475151
-15801.7172741493
-15801.7172472231
-15801.7172763573
-15801.7173091501
-15801.7172780798
-15801.7172939134
-15801.7172875738
-15801.7173062260
-15801.7172788313
-15801.7172851222
-15801.7173017477
-15801.7172658261
-15801.7173217557
-15801.7172665561
-15801.7172938810
-15801.7172501130
-15801.7172876656
-15801.7173372706
-15801.7173134965
-15801.7172996703
-15801.7173155049
-15801.7172995914
-15801.7173103094
-15801.7173180654
-15801.7172772283
-15801.7172893520
-15801.7172873702
-15801.7173017316
-15801.7172826799
-15801.7173205858
-15801.7172813785
-15801.7173203618
-15801.7172969589
-15801.7172981275
-15801.7173081127
-15801.7172793383
-15801.7173030229
-15801.7173076623
-15801.7172846388
-15801.7172972252
-15801.7173065467
-15801.7172807786
-15801.7173166430
-15801.7172315606
-15801.7172503925
-15801.7173128877
-15801.7172964999
-15801.7172957947
-15801.7172883273
-15801.7172962629
-15801.7173017189
-15801.7172970404
-15801.7173111029
-15801.7173106012
-15801.7172728329
-15801.7172790730
-15801.7172909859
-15801.7172174808
-15801.7173126699
-15801.7172634602
-15801.7172737925
-15801.7172874548
-15801.7173023125
-15801.7172639401
-15801.7172821896
-15801.7173106047
-15801.7173124190
-15801.7172926379
-15801.7173053771
-15801.7173077299
-15801.7172550977
-15801.7173149405
-15801.7173063837
-15801.7172957057
-15801.7172903363
-15801.7173096678
-15801.7172486149
-15801.7172885617
-15801.7172913693
-15801.7173404116
-15801.7173218343
-15801.7173023860
-15801.7172764161
-15801.7173115922
-15801.7173026432
-15801.7173113311
-15801.7172983762
-15801.7172297969
-15801.7172628615
-15801.7172970421
-15801.7172913650
-15801.7172710982
-15801.7173198358
-15801.7172668877
-15801.7172722539
-15801.7172973992
-15801.7173079412
-15801.7172857773
-15801.7172992684
-15801.7172983348
-15801.7172928805
-15801.7172961819
-15801.7172817627
-15801.7172950496
-15801.7172756612
-15801.7172754755
-15801.7173208049
-15801.7172858743
-15801.7172540129
-15801.7172864923
-15801.7172738705
-15801.7173052826
-15801.7173180015
-15801.7173171545
-15801.7173040122
-15801.7172462108
-15801.7173223266
-15801.7173138366
-15801.7172942690
-15801.7173371391
-15801.7172492405
-15801.7173128069
-15801.7172897993
-15801.7172436418
-15801.7172948332
-15801.7173107166
-15801.7172851279
-15801.7172856180
-15801.7172728435
-15801.7172648809
-15801.7173107311
-15801.7172861374
-15801.7172752067
-15801.7173234678
-15801.7173122446
-15801.7172957993
-15801.7172818331
-15801.7173119587
-15801.7173228892
-15801.7173008086
-15801.7173095988
-15801.7173006183
-15801.7173185074
-15801.7172936146
-15801.7172488194
-15801.7172880849
-15801.7172824441
-15801.7173092355
-15801.7172600743
-15801.7173128793
-15801.7172864510
-15801.7172898413
-15801.7172641559
-15801.7173085424
-15801.7172385759
-15801.7172882900
-15801.7172926687
-15801.7172799416
-15801.7173250632
-15801.7172923261
-15801.7172787699
-15801.7173139006
-15801.7172661319
-15801.7172984792
-15801.7173152375
-15801.7172558935
-15801.7173256486
-15801.7172638120
-15801.7172787973
-15801.7172891068
-15801.7173089905
-15801.7172790301
-15801.7172524847
-15801.7173044352
-15801.7172709017
-15801.7173092203
-15801.7173332684
-15801.7173313701
-15801.7173079819
-15801.7173062021
-15801.7172747068
-15801.7172405933
-15801.7173194423
-15801.7172942859
-15801.7173015793
-15801.7173159892
-15801.7172831904
-15801.7173287330
-15801.7172451623
-15801.7172841088
-15801.7172657772
-15801.7173088683
-15801.7172834462
-15801.7172908640
-15801.7173112020
-15801.7173107059
-15801.7172806919
-15801.7172409701
-15801.7172970534
-15801.7172998674
-15801.7173290038
-15801.7173389752
-15801.7172672326
-15801.7172717826
-15801.7173139431
-15801.7172939433
-15801.7172840853
-15801.7172842041
-15801.7173100185
-15801.7173074197
-15801.7173090930
-15801.7172385943
-15801.7172389016
-15801.7173168767
-15801.7172912359
-15801.7172774312
-15801.7172844823
-15801.7172705294
-15801.7172878494
-15801.7172842835
-15801.7172897988
-15801.7173011033
-15801.7173028300
-15801.7172635023
-15801.7172926547
-15801.7173144293
-15801.7172785240
-15801.7173009214
-15801.7172834705
-15801.7172934661
-15801.7173090699
-15801.7172978914
-15801.7172315515
-15801.7173010173
-15801.7172735537
-15801.7172970594
-15801.7173001014
-15801.7173097124
-15801.7172946356
-15801.7172718694
-15801.7172708082
-15801.7173130745
-15801.7172895163
-15801.7172777076
-15801.7172831812
-15801.7172813199
-15801.7172896594
-15801.7173295661
-15801.7172583530
-15801.7172781935
-15801.7172978848
-15801.7172942216
-15801.7172504589
-15801.7172994382
-15801.7172721467
-15801.7172763481
-15801.7173065473
-15801.7173142560
-15801.7172788245
-15801.7173095397
-15801.7172301391
-15801.7172921295
-15801.7173110917
-15801.7172813530
-15801.7172317694
-15801.7172847203
-15801.7172313460
-15801.7172935806
-15801.7173051884
-15801.7172711507
-15801.7172549153
-15801.7172802873
-15801.7173059367
-15801.7173226218
-15801.7172731576
-15801.7172948366
-15801.7172900405
-15801.7172321533
-15801.7173348893
-15801.7172893732
-15801.7173190248
-15801.7172728946
-15801.7173115639
-15801.7172926651
-15801.7172714950
-15801.7172947701
-15801.7172819695
-15801.7172922095
-15801.7172909646
-15801.7173315200
-15801.7172948467
-15801.7172708456
-15801.7172713086
-15801.7172947848
-15801.7172826533
-15801.7172921266
-15801.7172873520
-15801.7172480588
-15801.7172661255
-15801.7172852267
-15801.7172816538
-15801.7173079969
-15801.7173006808
-15801.7172477116
-15801.7172760992
-15801.7172879996
-15801.7173166942
-15801.7172588708
-15801.7172824238
-15801.7172302919
-15801.7172614557
-15801.7173006146
-15801.7172857023
-15801.7172771697
-15801.7173021469
-15801.7172312230
-15801.7172921103
-15801.7172369654
-15801.7172638010
-15801.7172773515
-15801.7173163454
-15801.7172842808
-15801.7172681651
-15801.7172791203
-15801.7172814943
-15801.7173005910
-15801.7173062010
-15801.7173294503
-15801.7172835832
-15801.7172999288
-15801.7172959119
-15801.7172573723
-15801.7172799997
-15801.7173023530
-15801.7172876165
-15801.7173163395
-15801.7172880420
-15801.7172991945
-15801.7172838727
-15801.7173222108
-15801.7173099679
-15801.7172886583
-15801.7172866469
-15801.7172766110
-15801.7173089170
-15801.7172712116
-15801.7173158022
-15801.7173078648
-15801.7172844120
-15801.7172692585
-15801.7173053547
-15801.7172802256
-15801.7173144598
-15801.7173099786
-15801.7172979036
-15801.7173142066
-15801.7172694165
-15801.7172679466
-15801.7173002772
-15801.7172649040
-15801.7172736014
-15801.7173020901
-15801.7173051775
-15801.7173035389
-15801.7173367856
-15801.7172475623
-15801.7172870331
-15801.7172999187
-15801.7172777261
-15801.7172898029
-15801.7172743060
-15801.7172702629
-15801.7172910278
-15801.7172836235
-15801.7172790230
-15801.7172809734
-15801.7173028881
-15801.7172777520
-15801.7172866605
-15801.7172508562
-15801.7172705766
-15801.7172726487
-15801.7173140391
-15801.7173020971
-15801.7173232817
-15801.7172658785
-15801.7172303061
-15801.7173210112
-15801.7172792025
-15801.7173166148
-15801.7173092949
-15801.7173120344
-15801.7173167539
-15801.7173013230
-15801.7173292919
-15801.7172863438
-15801.7172858973
-15801.7172972361
-15801.7172942027
-15801.7172988667
-15801.7172286242
-15801.7172951000
-15801.7172314254
-15801.7173100663
-15801.7172652522
-15801.7173349030
-15801.7172819332
-15801.7172880286
-15801.7173077748
-15801.7173081895
-15801.7173096063
-15801.7172967950
-15801.7173022016
-15801.7173153814
-15801.7172671484
-15801.7172995481
-15801.7173116994
-15801.7172904289
-15801.7173160501
-15801.7173235888
-15801.7172918132
-15801.7172754052
-15801.7172612057
-15801.7173067109
-15801.7173229259
-15801.7173094821
-15801.7173168600
-15801.7172035701
-15801.7173062508
-15801.7172983025
-15801.7173156442
-15801.7173306380
-15801.7172868095
-15801.7172758079
-15801.7172869752
-15801.7173147990
-15801.7173245441
-15801.7173131833
-15801.7173292604
-15801.7172585200
-15801.7173155691
-15801.7173248400
-15801.7172691266
-15801.7172915367
-15801.7172835168
-15801.7172328353
-15801.7172866004
-15801.7172835899
-15801.7172514669
-15801.7172955597
-15801.7173094726
-15801.7172888938
-15801.7173390803
-15801.7172908571
-15801.7173076325
-15801.7172858251
-15801.7172536464
-15801.7172575286
-15801.7173079561
-15801.7172794384
-15801.7172941372
-15801.7172605148
-15801.7172907255
-15801.7172376864
-15801.7172795524
-15801.7173269826
-15801.7172798076
-15801.7172660482
-15801.7172821789
-15801.7172574366
-15801.7173253732
-15801.7172734478
-15801.7172711937
-15801.7172996986
-15801.7172903098
-15801.7172902758
-15801.7173100805
-15801.7172698197
-15801.7173221582
-15801.7172840692
-15801.7172933874
-15801.7173062553
-15801.7173074891
-15801.7172928303
-15801.7172684198
-15801.7172836360
-15801.7173175182
-15801.7173104778
-15801.7172824859
-15801.7173089644
-15801.7172764306
-15801.7172966254
-15801.7172744202
-15801.7172990351
-15801.7173213207
-15801.7172816705
-15801.7172659103
-15801.7172685607
-15801.7172768965
-15801.7173003331
-15801.7172673127
-15801.7172788535
-15801.7172740946
-15801.7172513005
-15801.7173162621
-15801.7173043041
-15801.7173081766
-15801.7172717421
-15801.7172849097
-15801.7172847162
-15801.7172281083
-15801.7172951389
-15801.7172670835
-15801.7172933984
-15801.7173156903
-15801.7172775186
-15801.7172893602
-15801.7172742010
-15801.7172376002
-15801.7173151729
-15801.7172915797
-15801.7172312489
-15801.7172937805
-15801.7172948768
-15801.7172750841
-15801.7172982433
-15801.7173179090
-15801.7172999872
-15801.7172672117
-15801.7172868069
-15801.7172908922
-15801.7172708163
-15801.7172655089
-15801.7172929099
-15801.7172708732
-15801.7172999700
-15801.7172341464
-15801.7173094352
-15801.7172926905
-15801.7172371287
-15801.7173039515
-15801.7172757813
-15801.7173131723
-15801.7172638211
-15801.7173031151
-15801.7172627275
-15801.7172565826
-15801.7173072097
-15801.7173001331
-15801.7173117805
-15801.7173018063
-15801.7172837807
-15801.7173289436
-15801.7172234082
-15801.7172782872
-15801.7172632768
-15801.7172837147
-15801.7172849620
-15801.7172567180
-15801.7172869246
-15801.7172916030
-15801.7172253209
-15801.7172720111
-15801.7172930237
-15801.7172733866
-15801.7172623707
-15801.7172749942
-15801.7173114389
-15801.7173062147
-15801.7172879076
-15801.7172713024
-15801.7173312252
-15801.7173142727
-15801.7172633114
-15801.7172906128
-15801.7173045957
-15801.7172873936
-15801.7172811392
-15801.7172768261
-15801.7172995479
-15801.7172512044
-15801.7173330721
-15801.7173034300
-15801.7173080104
-15801.7172871829
-15801.7172787399
-15801.7172314870
-15801.7172903183
-15801.7172698289
-15801.7172640559
-15801.7173133513
-15801.7172641491
-15801.7172757561
-15801.7172595253
-15801.7172296395
-15801.7172997249
-15801.7172925945
-15801.7173092523
-15801.7172770408
-15801.7173015282
-15801.7172826010
-15801.7172822299
-15801.7173044390
-15801.7173021091
-15801.7172845568
-15801.7173035988
-15801.7173048318
-15801.7173158617
-15801.7172841497
-15801.7172697810
-15801.7173066214
-15801.7172836522
-15801.7172590068
-15801.7173203083
-15801.7173118256
-15801.7172965699
-15801.7172931110
-15801.7173269745
-15801.7173125369
-15801.7173238115
-15801.7173098767
-15801.7172890378
-15801.7172795021
-15801.7172213093
-15801.7173296500
-15801.7172695949
-15801.7172530182
-15801.7172769777
-15801.7172544434
-15801.7172923288
-15801.7173125543
-15801.7173257707
-15801.7172847848
-15801.7172846000
-15801.7173106941
-15801.7173165569
-15801.7172700502
-15801.7173170475
-15801.7173161702
-15801.7172359996
-15801.7172401899
-15801.7173094813
-15801.7172871487
-15801.7172790221
-15801.7173074754
-15801.7172235843
-15801.7172979987
-15801.7173073305
-15801.7173100523
-15801.7172953016
-15801.7172451411
-15801.7172787951
-15801.7173097937
-15801.7173045122
-15801.7172594367
-15801.7172707019
-15801.7173182988
-15801.7173090723
-15801.7172761301
-15801.7172923934
-15801.7173102547
-15801.7173258310
-15801.7172527894
-15801.7172606671
-15801.7173273856
-15801.7173165002
-15801.7173016830
-15801.7172943592
-15801.7172309908
-15801.7172607359
-15801.7172630827
-15801.7172876142
-15801.7172780999
-15801.7172655187
-15801.7172680179
-15801.7172593173
-15801.7172893566
-15801.7172805567
-15801.7173008305
-15801.7172574982
-15801.7172830517
-15801.7173100485
-15801.7172677056
-15801.7172318579
-15801.7172991080
-15801.7172931621
-15801.7172755307
-15801.7172742593
-15801.7173094064
-15801.7173070851
-15801.7172754465
-15801.7173069014
-15801.7173109902
-15801.7173270683
-15801.7173053480
-15801.7172721090
-15801.7172995777
-15801.7172936575
-15801.7172706247
-15801.7173052784
-15801.7172925800
-15801.7173117349
-15801.7173135784
-15801.7173114087
-15801.7172665349
-15801.7172322817
-15801.7172995853
-15801.7172394494
-15801.7172671526
-15801.7172624361
-15801.7172906146
-15801.7172320532
-15801.7173137408
-15801.7172128489
-15801.7172742636
-15801.7172977477
-15801.7171954118
-15801.7173282084
-15801.7172830847
-15801.7172647761
-15801.7173084000
-15801.7172883534
-15801.7173078495
-15801.7173089872
-15801.7173026504
-15801.7172687409
-15801.7173084502
-15801.7172968130
-15801.7172916192
-15801.7172825334
-15801.7172836581
-15801.7173142132
-15801.7172906976
-15801.7173164566
-15801.7173112376
-15801.7173261928
-15801.7172401992
-15801.7172929788
-15801.7172923330
-15801.7172472189
-15801.7173196954
-15801.7173054559
-15801.7173126964
-15801.7173054417
-15801.7173197480
-15801.7173006997
-15801.7173203420
-15801.7172863268
-15801.7172882756
-15801.7172311163
-15801.7172603050
-15801.7172854583
-15801.7172900435
-15801.7173299226
-15801.7172695992
-15801.7172753392
-15801.7172853229
-15801.7173133165
-15801.7172946714
-15801.7173163032
-15801.7173075267
-15801.7172504072
-15801.7172785662
-15801.7172877117
-15801.7172727194
-15801.7173045056
-15801.7173080475
-15801.7173009820
-15801.7172899139
-15801.7172245719
-15801.7172710156
-15801.7172640663
-15801.7173191106
-15801.7173148346
-15801.7173122342
-15801.7172797342
-15801.7173302387
-15801.7172308217
-15801.7172895046
-15801.7172655565
-15801.7173035685
-15801.7173302250
-15801.7173019634
-15801.7173067536
-15801.7172940301
-15801.7172907310
-15801.7172963796
-15801.7173272232
-15801.7172376693
-15801.7172305382
-15801.7172806397
-15801.7172753051
-15801.7173168109
-15801.7172962227
-15801.7173019583
-15801.7172990415
-15801.7172737215
-15801.7173015722
-15801.7172893899
-15801.7172640955
-15801.7172873205
-15801.7173212587
-15801.7172515143
-15801.7173109162
-15801.7172310425
-15801.7172719992
-15801.7173040512
-15801.7172797154
-15801.7172895257
-15801.7172471948
-15801.7172723172
-15801.7172249125
-15801.7172845802
-15801.7172634430
-15801.7173045729
-15801.7173025524
-15801.7172429336
-15801.7172849616
-15801.7173279688
-15801.7173081802
-15801.7172528557
-15801.7172671913
-15801.7173046707
-15801.7172631342
-15801.7172983661
-15801.7173279869
-15801.7172506652
-15801.7173106849
-15801.7172761123
-15801.7173221861
-15801.7172830617
-15801.7173052700
-15801.7172856318
-15801.7172915886
-15801.7172788700
-15801.7172859925
-15801.7173050798
-15801.7173011207
-15801.7173055764
-15801.7173001860
-15801.7172896088
-15801.7173298151
-15801.7172723901
-15801.7172897272
-15801.7173207222
-15801.7172902094
-15801.7172985285
-15801.7172943961
-15801.7173013290
-15801.7172771836
-15801.7173070183
-15801.7172779923
-15801.7173117875
-15801.7172734601
-15801.7172477251
-15801.7172439911
-15801.7172474715
-15801.7172709960
-15801.7173076262
-15801.7172711654
-15801.7172888222
-15801.7173071779
-15801.7172805049
-15801.7172671000
-15801.7172991510
-15801.7172848755
-15801.7172316514
-15801.7173010370
-15801.7172529625
-15801.7173080209
-15801.7172660039
-15801.7172731485
-15801.7172982978
-15801.7173302129
-15801.7172950270
-15801.7173028908
-15801.7172945035
-15801.7172783889
-15801.7172479631
-15801.7172786366
-15801.7172696661
-15801.7173245513
-15801.7173207572
-15801.7172671148
-15801.7172969768
-15801.7172667316
-15801.7172796597
-15801.7172607094
-15801.7173097360
-15801.7172472224
-15801.7173304638
-15801.7172811045
-15801.7172992047
-15801.7173080829
-15801.7172690903
-15801.7173137936
-15801.7172573681
-15801.7172708458
-15801.7172954960
-15801.7173012306
-15801.7172398949
-15801.7173035945
-15801.7172684198
-15801.7173096708
-15801.7173020571
-15801.7172679519
-15801.7172956151
-15801.7172351847
-15801.7172960194
-15801.7173316553
-15801.7173285337
-15801.7173081561
-15801.7172481883
-15801.7173171378
-15801.7173125574
-15801.7172682191
-15801.7173090202
-15801.7173015517
-15801.7172751091
-15801.7172442104
-15801.7172440795
-15801.7172702748
-15801.7172918477
-15801.7172944281
-15801.7173111554
-15801.7172866544
-15801.7172299518
-15801.7173206986
-15801.7172885002
-15801.7172778414
-15801.7173162880
-15801.7173124460
-15801.7173144540
-15801.7173022704
-15801.7172924596
-15801.7172415056
-15801.7172959972
-15801.7172871511
-15801.7173119492
-15801.7172747644
-15801.7172618638
-15801.7173031351
-15801.7172590227
-15801.7172772743
-15801.7172907454
-15801.7172957096
-15801.7173353912
-15801.7172609642
-15801.7172783596
-15801.7173291363
-15801.7172894233
-15801.7172783947
-15801.7172936384
-15801.7173215208
-15801.7172955145
-15801.7172902048
-15801.7172702130
-15801.7172950882
-15801.7172476568
-15801.7173066063
-15801.7173082630
-15801.7172247683
-15801.7172862149
-15801.7173313500
-15801.7172209079
-15801.7172890977
-15801.7172744559
-15801.7172754763
-15801.7172764531
-15801.7173054654
-15801.7172315337
-15801.7172851005
-15801.7172851153
-15801.7173196484
-15801.7172816781
-15801.7172811332
-15801.7172576742
-15801.7172754901
-15801.7173049096
-15801.7172922850
-15801.7173079288
-15801.7172321922
-15801.7172724459
-15801.7173020898
-15801.7172317460
-15801.7173147772
-15801.7172662612
-15801.7172943542
-15801.7173286803
-15801.7173087289
-15801.7172349393
-15801.7172708352
-15801.7173002486
-15801.7172680847
-15801.7172439847
-15801.7173208207
-15801.7172851138
-15801.7172835781
-15801.7172618070
-15801.7172424217
-15801.7172830051
-15801.7173150823
-15801.7173272493
-15801.7172944938
-15801.7172753914
-15801.7173020114
-15801.7172495365
-15801.7173068717
-15801.7172830766
-15801.7172897973
-15801.7173167592
-15801.7172990900
-15801.7172916508
-15801.7172955849
-15801.7172323004
-15801.7172950528
-15801.7173210437
-15801.7172879599
-15801.7173154159
-15801.7172698447
-15801.7172847135
-15801.7173269314
-15801.7173105748
-15801.7172516034
-15801.7172265746
-15801.7173108567
-15801.7172865324
-15801.7173255083
-15801.7172556017
-15801.7172863612
-15801.7172978643
-15801.7173210598
-15801.7172851998
-15801.7173234305
-15801.7172924434
-15801.7172338939
-15801.7173046851
-15801.7173042700
-15801.7173173402
-15801.7172918428
-15801.7173076210
-15801.7172306137
-15801.7172826760
-15801.7172796262
-15801.7173019965
-15801.7173020747
-15801.7172951358
-15801.7173059976
-15801.7173063330
-15801.7173069077
-15801.7173235942
-15801.7173133217
-15801.7172977062
-15801.7172943102
-15801.7172877491
-15801.7172893397
-15801.7172985922
-15801.7173261471
-15801.7172563195
-15801.7172579908
-15801.7173000753
-15801.7172741656
-15801.7173059397
-15801.7172798580
-15801.7172996499
-15801.7173201892
-15801.7173167075
-15801.7173180819
-15801.7173013284
-15801.7172910814
-15801.7172915638
-15801.7173213156
-15801.7172542401
-15801.7172868558
-15801.7172961006
-15801.7173121578
-15801.7172455794
-15801.7172309157
-15801.7173076913
-15801.7172987846
-15801.7173159778
-15801.7172688018
-15801.7172794303
-15801.7173045337
-15801.7173105312
-15801.7172533961
-15801.7172504369
-15801.7173049718
-15801.7172788435
-15801.7173045596
-15801.7172501880
-15801.7172926127
-15801.7173181682
-15801.7172769604
-15801.7173082555
-15801.7172733304
-15801.7172765557
-15801.7173171047
-15801.7173207697
-15801.7172664160
-15801.7172315334
-15801.7172919792
