-15801.7170094658
-15801.7171767101
-15801.7171116610
-15801.7171289217
-15801.7171856882
-15801.7169952692
-15801.7171181233
-15801.7171575395
-15801.7171348310
-15801.7170986996
-15801.7170630382
-15801.7171297432
-15801.7170842713
-15801.7172091216
-15801.7172232211
-15801.7171782614
-15801.7171106783
-15801.7170714139
-15801.7143722303
-15801.7146419306
-15801.7135131493
-15801.7167430686
-15801.7158836395
-15801.7155405097
-15801.7147970986
-15801.7142518140
-15801.7157736312
-15801.7157909587
-15801.7142723616
-15801.7145620262
-15801.7146355267
-15801.7149011234
-15801.7156531001
-15801.7138913102
-15801.7144441068
-15801.7150242758
-15801.7140341541
-15801.7139282119
-15801.7136067005
-15801.7153864803
-15801.7139209568
-15801.7154922354
-15801.7147643556
-15801.7149227599
-15801.7146729674
-15801.7148110293
-15801.7148448130
-15801.7153926806
-15801.7144458099
-15801.7138320946
-15801.7171417442
-15801.7170341655
-15801.7171533044
-15801.7171379924
-15801.7170944676
-15801.7171491981
-15801.7170776093
-15801.7170354165
-15801.7171726532
-15801.7171065791
-15801.7172088702
-15801.7171002031
-15801.7171633369
-15801.7171874225
-15801.7172511465
-15801.7171688629
-15801.7171836988
-15801.7170196698
-15801.7170822585
-15801.7171518969
-15801.7171431823
-15801.7172002937
-15801.7170902049
-15801.7170663364
-15801.7171865004
-15801.7171665755
-15801.7172174631
-15801.7170324018
-15801.7171472247
-15801.7171675628
-15801.7170249401
-15801.7171876918
-15801.7172227331
-15801.7171221262
-15801.7172028086
-15801.7171757621
-15801.7171983652
-15801.7170305681
-15801.7172244078
-15801.7173996662
-15801.7174008824
-15801.7174031604
-15801.7173903990
-15801.7174057164
-15801.7174047976
-15801.7173880481
-15801.7173916438
-15801.7174061969
-15801.7173873634
-15801.7173941403
-15801.7173912593
-15801.7174049275
-15801.7173853473
-15801.7173864933
-15801.7173984745
-15801.7173954903
-15801.7173998467
-15801.7173873001
-15801.7173998889
-15801.7173855854
-15801.7173865344
-15801.7173910691
-15801.7173915243
-15801.7173972398
-15801.7173851251
-15801.7173851748
-15801.7173960479
-15801.7174070004
-15801.7173847764
-15801.7173845733
-15801.7173921079
-15801.7173922413
-15801.7173932960
-15801.7174056797
-15801.7173999297
-15801.7173956619
-15801.7173963198
-15801.7173806427
-15801.7174018122
-15801.7173911000
-15801.7170759013
-15801.7172025277
-15801.7171820747
-15801.7171664039
-15801.7169827966
-15801.7171126147
-15801.7172337783
-15801.7170687494
-15801.7171781290
-15801.7171207883
-15801.7172338835
-15801.7171363588
-15801.7170920087
-15801.7171057738
-15801.7170457687
-15801.7171432193
-15801.7170029563
-15801.7170323339
-15801.7171547922
-15801.7171422284
-15801.7171546281
-15801.7170177415
-15801.7170610608
-15801.7171815485
-15801.7170573029
-15801.7170733638
-15801.7170791588
-15801.7171660305
-15801.7170720250
-15801.7171690547
-15801.7170722315
-15801.7170598008
-15801.7170883994
-15801.7171222235
-15801.7170722720
-15801.7172786878
-15801.7171504943
-15801.7171602519
-15801.7170068745
-15801.7170948919
-15801.7171814004
-15801.7171456304
-15801.7171146767
-15801.7171944839
-15801.7170657441
-15801.7171179053
-15801.7171466782
-15801.7171249946
-15801.7172230827
-15801.7170410867
-15801.7171893929
-15801.7170972402
-15801.7170978655
-15801.7170842782
-15801.7170711156
-15801.7172440849
-15801.7171884251
-15801.7171843222
-15801.7170357684
-15801.7171162569
-15801.7172585648
-15801.7172274340
-15801.7171323474
-15801.7171877069
-15801.7171354798
-15801.7171195828
-15801.7171492852
-15801.7174009039
-15801.7170621985
-15801.7171143611
-15801.7171180409
-15801.7170946260
-15801.7170994711
-15801.7174005132
-15801.7170903003
-15801.7170316209
-15801.7171033566
-15801.7171306865
-15801.7170317840
-15801.7171157696
-15801.7171438035
-15801.7170796895
-15801.7171383399
-15801.7170724641
-15801.7172321402
-15801.7171824028
-15801.7170703499
-15801.7171337217
-15801.7170943833
-15801.7172015013
-15801.7170680379
-15801.7171726544
-15801.7171457319
-15801.7170447334
-15801.7172095271
-15801.7171522141
-15801.7170292362
-15801.7170238388
-15801.7171001173
-15801.7170629219
-15801.7170439771
-15801.7171832408
-15801.7170700347
-15801.7171931920
-15801.7170654919
-15801.7171279985
-15801.7170494229
-15801.7170378642
-15801.7171124343
-15801.7171111631
-15801.7172137941
-15801.7171299518
-15801.7171590978
-15801.7171590210
-15801.7170490385
-15801.7171865643
-15801.7171532325
-15801.7171130733
-15801.7171423568
-15801.7170737845
-15801.7170462785
-15801.7171573764
-15801.7171725413
-15801.7171239389
-15801.7170932991
-15801.7170779528
-15801.7171092579
-15801.7171217671
-15801.7170734639
-15801.7170501736
-15801.7171512996
-15801.7170171851
-15801.7172046405
-15801.7170751638
-15801.7170512312
-15801.7171131954
-15801.7170393824
-15801.7170596803
-15801.7172290260
-15801.7171222447
-15801.7171658568
-15801.7170896490
-15801.7171944656
-15801.7170725326
-15801.7170986438
-15801.7171002610
-15801.7171666484
-15801.7171771667
-15801.7171888992
-15801.7171607419
-15801.7170764458
-15801.7171923202
-15801.7171874896
-15801.7171328204
-15801.7171439592
-15801.7170845398
-15801.7171144373
-15801.7170454589
-15801.7171372489
-15801.7169891444
-15801.7171076415
-15801.7171405138
-15801.7170800360
-15801.7170962990
-15801.7170512543
-15801.7171720249
-15801.7170286482
-15801.7170302988
-15801.7171987645
-15801.7172178019
-15801.7172189077
-15801.7170743926
-15801.7171703765
-15801.7172076783
-15801.7170096307
-15801.7172109614
-15801.7170711479
-15801.7171761253
-15801.7172076139
-15801.7170374737
-15801.7172125728
-15801.7171464550
-15801.7170501794
-15801.7170504834
-15801.7170825871
-15801.7170694765
-15801.7172242044
-15801.7170470621
-15801.7171116153
-15801.7170435563
-15801.7171240322
-15801.7171491904
-15801.7170776668
-15801.7170893952
-15801.7171861586
-15801.7170981819
-15801.7171989205
-15801.7170895498
-15801.7171659037
-15801.7170034898
-15801.7171920692
-15801.7171887556
-15801.7171079105
-15801.7171989626
-15801.7171834224
-15801.7171464244
-15801.7170622706
-15801.7172130359
-15801.7171418753
-15801.7170480719
-15801.7171118552
-15801.7172431763
-15801.7170637897
-15801.7170100338
-15801.7170154177
-15801.7172484719
-15801.7171362698
-15801.7171277550
-15801.7170246884
-15801.7171758495
-15801.7171538779
-15801.7170116686
-15801.7171028489
-15801.7172042780
-15801.7170351940
-15801.7171133114
-15801.7172700025
-15801.7171790937
-15801.7172325654
-15801.7174014530
-15801.7171373781
-15801.7170748707
-15801.7171305469
-15801.7171336747
-15801.7170212693
-15801.7171642819
-15801.7170740388
-15801.7170586292
-15801.7171379166
-15801.7171034570
-15801.7172261220
-15801.7170631598
-15801.7172182652
-15801.7171664036
-15801.7171313964
-15801.7171072570
-15801.7170416353
-15801.7170623717
-15801.7170382628
-15801.7169631506
-15801.7170506140
-15801.7171304780
-15801.7170791205
-15801.7170772308
-15801.7170887421
-15801.7170447015
-15801.7170787313
-15801.7170906091
-15801.7170701963
-15801.7171564977
-15801.7170632524
-15801.7170991572
-15801.7171664816
-15801.7171386559
-15801.7171562211
-15801.7171580490
-15801.7170460448
-15801.7171243459
-15801.7170933180
-15801.7171104324
-15801.7171391637
-15801.7172088185
-15801.7170146685
-15801.7170709114
-15801.7171633723
-15801.7171495597
-15801.7170798425
-15801.7170465781
-15801.7170190567
-15801.7170461940
-15801.7171169941
-15801.7171722853
-15801.7171703037
-15801.7171859752
-15801.7171640319
-15801.7170911869
-15801.7171143634
-15801.7171135203
-15801.7170504198
-15801.7170988491
-15801.7171331518
-15801.7170175561
-15801.7170994961
-15801.7171014813
-15801.7170923096
-15801.7171175148
-15801.7171512209
-15801.7171386908
-15801.7170502684
-15801.7170975079
-15801.7171479334
-15801.7171916523
-15801.7171577066
-15801.7172555938
-15801.7170596572
-15801.7171134854
-15801.7170819821
-15801.7170829646
-15801.7171538183
-15801.7171755416
-15801.7170970397
-15801.7170415920
-15801.7171006922
-15801.7170667465
-15801.7171449266
-15801.7171944783
-15801.7171528085
-15801.7172074756
-15801.7171453879
-15801.7171604531
-15801.7171292104
-15801.7171360699
-15801.7170414842
-15801.7170439205
-15801.7170521258
-15801.7171746938
-15801.7170207155
-15801.7171132325
-15801.7172262640
-15801.7171215626
-15801.7170905438
-15801.7171284494
-15801.7171145731
-15801.7171216619
-15801.7171986265
-15801.7171098404
-15801.7171292131
-15801.7171805012
-15801.7171357257
-15801.7171552733
-15801.7170486694
-15801.7171134403
-15801.7171756191
-15801.7171831906
-15801.7174007012
-15801.7170577851
-15801.7171152149
-15801.7171737523
-15801.7171498718
-15801.7169678225
-15801.7171317918
-15801.7171083413
-15801.7170630271
-15801.7171334457
-15801.7171414278
-15801.7169747023
-15801.7170997571
-15801.7172293758
-15801.7171588800
-15801.7171073987
-15801.7170799048
-15801.7171132127
-15801.7172564039
-15801.7170468010
-15801.7171459314
-15801.7171661865
-15801.7171538053
-15801.7171387377
-15801.7171397059
-15801.7171284373
-15801.7171234945
-15801.7172062381
-15801.7172432580
-15801.7171206757
-15801.7171415721
-15801.7171004491
-15801.7169616171
-15801.7170559278
-15801.7171554045
-15801.7170941163
-15801.7172051573
-15801.7171407781
-15801.7172254422
-15801.7170905009
-15801.7171346926
-15801.7170247011
-15801.7170978847
-15801.7170653004
-15801.7171654713
-15801.7170903675
-15801.7170669715
-15801.7170940828
-15801.7170930427
-15801.7171394616
-15801.7171411811
-15801.7170524194
-15801.7171247480
-15801.7171561446
-15801.7172023857
-15801.7170398190
-15801.7171166543
-15801.7170138357
-15801.7170031018
-15801.7170974921
-15801.7171843396
-15801.7171087993
-15801.7170641400
-15801.7171813186
-15801.7171589310
-15801.7170906019
-15801.7171712287
-15801.7170191776
-15801.7171690731
-15801.7171541744
-15801.7171554566
-15801.7170262164
-15801.7171941718
-15801.7170660110
-15801.7170908232
-15801.7171918818
-15801.7171134285
-15801.7169638155
-15801.7172126254
-15801.7170882819
-15801.7171844100
-15801.7171073960
-15801.7170063074
-15801.7171156873
-15801.7171970136
-15801.7171595401
-15801.7171345445
-15801.7170844747
-15801.7171367437
-15801.7170957666
-15801.7171063993
-15801.7170129855
-15801.7170773889
-15801.7170521421
-15801.7171186335
-15801.7171444426
-15801.7171773578
-15801.7171869854
-15801.7170903413
-15801.7170017281
-15801.7171064263
-15801.7170939535
-15801.7170213605
-15801.7171298823
-15801.7171360951
-15801.7171820954
-15801.7171071933
-15801.7171278497
-15801.7171060861
-15801.7172161107
-15801.7171297210
-15801.7170250927
-15801.7170761370
-15801.7171340630
-15801.7170193871
-15801.7169913479
-15801.7171576429
-15801.7171539260
-15801.7171150253
-15801.7171596393
-15801.7171417492
-15801.7171392017
-15801.7172735567
-15801.7171117604
-15801.7171495810
-15801.7170845325
-15801.7171898765
-15801.7171373824
-15801.7171372774
-15801.7170253546
-15801.7170715962
-15801.7170554191
-15801.7170824542
-15801.7171085457
-15801.7174009970
-15801.7170757426
-15801.7171336448
-15801.7171685420
-15801.7172384635
-15801.7171326633
-15801.7171359387
-15801.7170872149
-15801.7171203132
-15801.7169497279
-15801.7170951103
-15801.7170873481
-15801.7170578994
-15801.7171797113
-15801.7171258457
-15801.7171288052
-15801.7170694213
-15801.7170809726
-15801.7170932231
-15801.7170545961
-15801.7171645439
-15801.7171292864
-15801.7170924762
-15801.7171451499
-15801.7170974976
-15801.7170762204
-15801.7171627678
-15801.7171263628
-15801.7172244613
-15801.7171094061
-15801.7172205283
-15801.7171661412
-15801.7171327606
-15801.7171295239
-15801.7171743142
-15801.7171497508
-15801.7171314145
-15801.7170193171
-15801.7171713419
-15801.7171749831
-15801.7171663571
-15801.7171438760
-15801.7170768073
-15801.7171960291
-15801.7172241506
-15801.7171272597
-15801.7174011371
-15801.7170738665
-15801.7170979015
-15801.7172075368
-15801.7171987939
-15801.7171426853
-15801.7170878899
-15801.7170476617
-15801.7171347102
-15801.7171028967
-15801.7171016686
-15801.7172290401
-15801.7170882620
-15801.7170621677
-15801.7170529054
-15801.7170951077
-15801.7171346873
-15801.7170231157
-15801.7171236341
-15801.7172297358
-15801.7171577218
-15801.7170537433
-15801.7171713492
-15801.7170416251
-15801.7171578007
-15801.7170410616
-15801.7171606385
-15801.7170987858
-15801.7171865030
-15801.7171707697
-15801.7170522736
-15801.7171310319
-15801.7171020467
-15801.7170670987
-15801.7171305417
-15801.7170950754
-15801.7171649257
-15801.7170611269
-15801.7171793346
-15801.7172117713
-15801.7171897758
-15801.7171237224
-15801.7170259785
-15801.7170782593
-15801.7170760126
-15801.7171140652
-15801.7171485526
-15801.7170784148
-15801.7170645520
-15801.7171234851
-15801.7171834973
-15801.7169990607
-15801.7172076650
-15801.7170935485
-15801.7171273473
-15801.7171846580
-15801.7171330986
-15801.7171223911
-15801.7171513375
-15801.7172224867
-15801.7171683428
-15801.7170709448
-15801.7170351356
-15801.7170249175
-15801.7171579662
-15801.7171006145
-15801.7170321508
-15801.7171875092
-15801.7172033155
-15801.7172268055
-15801.7171313973
-15801.7171526542
-15801.7171270267
-15801.7171385711
-15801.7171548213
-15801.7170803204
-15801.7170898110
-15801.7170727793
-15801.7171680857
-15801.7170374852
-15801.7171572608
-15801.7170503834
-15801.7171898834
-15801.7170470535
-15801.7171637750
-15801.7170058941
-15801.7170974787
-15801.7170652522
-15801.7171484065
-15801.7171472591
-15801.7171255202
-15801.7174009414
-15801.7170610451
-15801.7171535280
-15801.7170378922
-15801.7174003028
-15801.7170422625
-15801.7170373545
-15801.7171803358
-15801.7171563792
-15801.7170361229
-15801.7171850315
-15801.7170310731
-15801.7171971022
-15801.7170215708
-15801.7171564881
-15801.7171664440
-15801.7170574347
-15801.7171538239
-15801.7170644491
-15801.7170311941
-15801.7170933372
-15801.7170995959
-15801.7170253692
-15801.7171989985
-15801.7171735936
-15801.7174007369
-15801.7171508714
-15801.7171349737
-15801.7171223880
-15801.7170411395
-15801.7170622761
-15801.7171426876
-15801.7171308103
-15801.7171245182
-15801.7171177885
-15801.7171383858
-15801.7170925837
-15801.7171516726
-15801.7172049067
-15801.7170650214
-15801.7171261929
-15801.7171736357
-15801.7171681393
-15801.7171305778
-15801.7170496826
-15801.7171654467
-15801.7170895493
-15801.7170938004
-15801.7170987463
-15801.7172207020
-15801.7170616808
-15801.7170927660
-15801.7170289817
-15801.7172569028
-15801.7170971848
-15801.7170545399
-15801.7170695805
-15801.7171056190
-15801.7171643909
-15801.7171244468
-15801.7171429517
-15801.7171044933
-15801.7170617724
-15801.7171081653
-15801.7170640528
-15801.7170172952
-15801.7171172570
-15801.7171365782
-15801.7170698098
-15801.7170537603
-15801.7174007527
-15801.7170858631
-15801.7171250038
-15801.7170773091
-15801.7171288952
-15801.7171813382
-15801.7171955658
-15801.7171525106
-15801.7170799618
-15801.7171188126
-15801.7171441940
-15801.7171086301
-15801.7171413330
-15801.7171555855
-15801.7171459608
-15801.7171179520
-15801.7171439476
-15801.7170075867
-15801.7171380665
-15801.7171219624
-15801.7170921590
-15801.7170542049
-15801.7171326771
-15801.7171631880
-15801.7171725625
-15801.7171158127
-15801.7171861058
-15801.7171465876
-15801.7170659917
-15801.7170006883
-15801.7171472879
-15801.7171031431
-15801.7171456753
-15801.7172327908
-15801.7170874298
-15801.7171886751
-15801.7170869939
-15801.7170959800
-15801.7171247379
-15801.7171272025
-15801.7171147787
-15801.7171347377
-15801.7170686561
-15801.7170102542
-15801.7170990922
-15801.7170758744
-15801.7170370239
-15801.7171222710
-15801.7171889393
-15801.7171786772
-15801.7171283927
-15801.7174010250
-15801.7170019997
-15801.7170625242
-15801.7171402813
-15801.7171722398
-15801.7171913727
-15801.7172172813
-15801.7171904668
-15801.7170457585
-15801.7171316770
-15801.7171171962
-15801.7171348269
-15801.7171663099
-15801.7170160385
-15801.7171745792
-15801.7171055649
-15801.7172612639
-15801.7172441628
-15801.7171191573
-15801.7172434220
-15801.7171879882
-15801.7170544262
-15801.7171386811
-15801.7170892311
-15801.7171416535
-15801.7171027435
-15801.7171157493
-15801.7170898142
-15801.7171937686
-15801.7172014395
-15801.7174007762
-15801.7170758119
-15801.7171942096
-15801.7171383539
-15801.7170254141
-15801.7170052592
-15801.7171331109
-15801.7171728821
-15801.7171255263
-15801.7171688146
-15801.7171791793
-15801.7170735745
-15801.7174009211
-15801.7171283847
-15801.7171008415
-15801.7170748085
-15801.7171154529
-15801.7170437227
-15801.7171970168
-15801.7171414050
-15801.7170812574
-15801.7171856304
-15801.7171358688
-15801.7171016876
-15801.7172011592
-15801.7170139641
-15801.7171602027
-15801.7170647134
-15801.7171069228
-15801.7170557769
-15801.7170068449
-15801.7171971851
-15801.7171571424
-15801.7170773147
-15801.7171387175
-15801.7170031044
-15801.7170052626
-15801.7171764163
-15801.7174012273
-15801.7171745283
-15801.7170520362
-15801.7171202967
-15801.7170912806
-15801.7171074172
-15801.7171229900
-15801.7171821462
-15801.7170650227
-15801.7171019558
-15801.7171588778
-15801.7172444814
-15801.7171670453
-15801.7171800374
-15801.7170825252
-15801.7170304453
-15801.7170478889
-15801.7171035145
-15801.7170921010
-15801.7171148030
-15801.7171297931
-15801.7170890239
-15801.7171625734
-15801.7171338648
-15801.7171367827
-15801.7171764839
-15801.7169810918
-15801.7171435384
-15801.7172190827
-15801.7170982693
-15801.7170132927
-15801.7170969546
-15801.7170824141
-15801.7171570705
-15801.7171237585
-15801.7171652461
-15801.7170269265
-15801.7171495278
-15801.7171140051
-15801.7172326566
-15801.7171780832
-15801.7170855197
-15801.7171013219
-15801.7171773458
-15801.7171747415
-15801.7171529201
-15801.7171087187
-15801.7169928913
-15801.7171720584
-15801.7171177196
-15801.7171028390
-15801.7171108167
-15801.7171582595
-15801.7171327147
-15801.7171170490
-15801.7171607901
-15801.7171583007
-15801.7171862413
-15801.7171557703
-15801.7171329055
-15801.7171264902
-15801.7171603858
-15801.7171298195
-15801.7170995094
-15801.7171775421
-15801.7171894103
-15801.7171937419
-15801.7171598861
-15801.7171063240
-15801.7171763552
-15801.7172166342
-15801.7170922965
-15801.7170727214
-15801.7171255684
-15801.7169812473
-15801.7170257792
-15801.7172042800
-15801.7171355368
-15801.7171700353
-15801.7171838699
-15801.7171563332
-15801.7170869213
-15801.7174020659
-15801.7171982433
-15801.7171350995
-15801.7171663782
-15801.7170481153
-15801.7171434191
-15801.7171294192
-15801.7172028869
-15801.7170654512
-15801.7170979418
-15801.7170545139
-15801.7171027050
-15801.7171928459
-15801.7170402198
-15801.7171640093
-15801.7170595442
-15801.7171377227
-15801.7170724076
-15801.7172062402
-15801.7171640332
-15801.7170676456
-15801.7170131960
-15801.7171161202
-15801.7170967149
-15801.7171779642
-15801.7174010143
-15801.7171107451
-15801.7171000965
-15801.7171292578
-15801.7171898804
-15801.7170515696
-15801.7170635090
-15801.7170476604
-15801.7171056551
-15801.7170433255
-15801.7171216068
-15801.7172174028
-15801.7170435179
-15801.7171921803
-15801.7171017004
-15801.7171721690
-15801.7170314553
-15801.7170166269
-15801.7171199609
-15801.7170843338
-15801.7170576517
-15801.7171184840
-15801.7171119302
-15801.7171086559
-15801.7171326978
-15801.7172058316
-15801.7171581904
-15801.7170742858
-15801.7170702126
-15801.7170691782
-15801.7170838529
-15801.7171271102
-15801.7170876948
-15801.7170691750
-15801.7170689187
-15801.7171202447
-15801.7172163708
-15801.7171594219
-15801.7171190896
-15801.7171249701
-15801.7170671940
-15801.7172025955
-15801.7170643894
-15801.7170899806
-15801.7170530023
-15801.7171774592
-15801.7174008473
-15801.7170485023
-15801.7170336929
-15801.7170822033
-15801.7172329232
-15801.7170194818
-15801.7170856139
-15801.7171614530
-15801.7171739658
-15801.7171522221
-15801.7171474753
-15801.7170270234
-15801.7170316301
-15801.7170824159
-15801.7171461934
-15801.7171807166
-15801.7170717385
-15801.7171343890
-15801.7171340472
-15801.7170553344
-15801.7171068581
-15801.7169947281
-15801.7171378029
-15801.7172147842
-15801.7172091372
-15801.7170072636
-15801.7171206656
-15801.7170779768
-15801.7170628734
-15801.7171783720
-15801.7171893213
-15801.7170162083
-15801.7171650170
-15801.7171112265
-15801.7170857422
-15801.7172796259
-15801.7171116944
-15801.7170807753
-15801.7172190399
-15801.7171477563
-15801.7170963595
-15801.7171142008
-15801.7171629632
-15801.7169983271
-15801.7170941176
-15801.7170931068
-15801.7171156257
-15801.7171301954
-15801.7171046434
-15801.7172080140
-15801.7171990022
-15801.7170853752
-15801.7170692694
-15801.7171741052
-15801.7171464286
-15801.7171348041
-15801.7171444313
-15801.7171973763
-15801.7171096723
-15801.7170870821
-15801.7174016870
-15801.7172486641
-15801.7171217079
-15801.7170880562
-15801.7171433932
-15801.7171211666
-15801.7171454935
-15801.7171151712
-15801.7171195271
-15801.7171205902
-15801.7170449602
-15801.7171757256
-15801.7172926420
-15801.7174001860
-15801.7172113033
-15801.7169544987
-15801.7171122525
-15801.7172068537
-15801.7171795958
-15801.7171842768
-15801.7170401638
-15801.7171798574
-15801.7171255686
-15801.7171630235
-15801.7174011036
-15801.7170236003
-15801.7170614120
-15801.7172421575
-15801.7171681500
-15801.7172471883
-15801.7171457038
-15801.7170851130
-15801.7171918874
-15801.7171939813
-15801.7171807524
-15801.7171359914
-15801.7171261546
-15801.7171028241
-15801.7170465585
-15801.7170753106
-15801.7170536544
-15801.7172861819
-15801.7171061628
-15801.7171246014
-15801.7171832341
-15801.7170938948
-15801.7170443649
-15801.7170965197
-15801.7171104713
-15801.7171916229
-15801.7171287261
-15801.7172177635
-15801.7171514048
-15801.7171165805
-15801.7172217916
-15801.7171364933
-15801.7171869046
-15801.7171402897
-15801.7171499214
-15801.7170658324
-15801.7170308390
-15801.7171293027
-15801.7170758794
-15801.7171915955
-15801.7171161128
-15801.7171179466
-15801.7171143930
-15801.7170142404
-15801.7171988670
-15801.7170707284
-15801.7170752487
-15801.7171330218
-15801.7171383755
-15801.7172366080
-15801.7170415684
-15801.7170419807
-15801.7171315403
-15801.7170616004
-15801.7170795573
-15801.7170774821
-15801.7172237128
-15801.7170986090
-15801.7171655930
-15801.7171355819
-15801.7171039793
-15801.7171382983
-15801.7170798714
-15801.7171646122
-15801.7171178585
-15801.7172195377
-15801.7170580803
-15801.7171974820
-15801.7170733437
-15801.7172126826
-15801.7170863102
-15801.7174003388
-15801.7172723853
-15801.7171508921
-15801.7172014817
-15801.7170351920
-15801.7170976580
-15801.7171185910
-15801.7172302550
-15801.7171435207
-15801.7171185153
-15801.7170525050
-15801.7171664451
-15801.7171779189
-15801.7170747883
-15801.7171658842
-15801.7171270671
-15801.7171286273
-15801.7171756861
-15801.7171947262
-15801.7172039641
-15801.7172440038
-15801.7171319861
-15801.7174014907
-15801.7170968178
-15801.7170657737
-15801.7169932694
-15801.7170758462
-15801.7170931901
-15801.7171973606
-15801.7171750806
-15801.7171967230
-15801.7172066914
-15801.7171676495
-15801.7171287092
-15801.7170623613
-15801.7170703901
-15801.7171102432
-15801.7171927967
-15801.7170413090
-15801.7171404172
-15801.7172018463
-15801.7170923666
-15801.7171223853
-15801.7171896438
-15801.7171690631
-15801.7171306393
-15801.7171679635
-15801.7171495156
-15801.7171341134
-15801.7171658419
-15801.7171027887
-15801.7171429773
-15801.7172021919
-15801.7171128799
-15801.7171630448
-15801.7171076296
-15801.7170735992
-15801.7171529439
-15801.7170354228
-15801.7171510042
-15801.7171763098
-15801.7171880140
-15801.7171599612
-15801.7171105012
-15801.7174011486
-15801.7171657461
-15801.7170880963
-15801.7171591651
-15801.7170279982
-15801.7171470374
-15801.7171353325
-15801.7171155282
-15801.7171421354
-15801.7171737497
-15801.7171673408
-15801.7170617201
-15801.7171586630
-15801.7171332897
-15801.7170832538
-15801.7170834914
-15801.7171465921
-15801.7172167277
-15801.7171875333
-15801.7171240379
-15801.7170145184
-15801.7171037400
-15801.7170451988
-15801.7171786258
-15801.7170557184
-15801.7171442811
-15801.7170703005
-15801.7171128248
-15801.7171193342
-15801.7169840257
-15801.7170107636
-15801.7171374919
-15801.7171296951
-15801.7171015326
-15801.7170109504
-15801.7171678709
-15801.7171562929
-15801.7170608231
-15801.7174009141
-15801.7171200161
-15801.7174006995
-15801.7170514428
-15801.7171893572
-15801.7170546485
-15801.7170142580
-15801.7171609536
-15801.7171339651
-15801.7174004845
-15801.7170859325
-15801.7170813128
-15801.7170812196
-15801.7171977305
-15801.7170903700
-15801.7170971620
-15801.7172180642
-15801.7170493335
-15801.7170656219
-15801.7170618261
-15801.7170814988
-15801.7171427024
-15801.7174009595
-15801.7170433342
-15801.7171717334
-15801.7174017484
-15801.7170930276
-15801.7169855660
-15801.7170795449
-15801.7170776705
-15801.7170489507
-15801.7170967665
-15801.7170192678
-15801.7171416040
-15801.7171200455
-15801.7171059230
-15801.7170432305
-15801.7171936096
-15801.7171982675
-15801.7171593281
-15801.7170664052
-15801.7171385320
-15801.7170981565
-15801.7170757142
-15801.7171675232
-15801.7171884087
-15801.7171511212
-15801.7171386328
-15801.7170482220
-15801.7171256831
-15801.7171191694
-15801.7171041197
-15801.7170225705
-15801.7170595717
-15801.7171161391
-15801.7170643352
-15801.7171818680
-15801.7171317817
-15801.7171555542
-15801.7171635593
-15801.7171415570
-15801.7171384606
-15801.7170570751
-15801.7171667258
-15801.7170978311
-15801.7170981648
-15801.7170644333
-15801.7170165206
-15801.7171632938
-15801.7171302744
-15801.7171132599
-15801.7171231512
-15801.7171341246
-15801.7170760913
-15801.7172472942
-15801.7171408657
-15801.7169974983
-15801.7171855378
-15801.7171016751
-15801.7170396218
-15801.7172680284
-15801.7170851646
-15801.7171550684
-15801.7170809820
-15801.7171133218
-15801.7171278452
-15801.7170692949
-15801.7170782623
-15801.7170818442
-15801.7171995025
-15801.7170677422
-15801.7171961505
-15801.7171132726
-15801.7171817947
-15801.7171062406
-15801.7171855257
-15801.7171849614
-15801.7171664001
-15801.7170510840
-15801.7171616847
-15801.7170567595
-15801.7170995775
-15801.7171363976
-15801.7174011100
-15801.7170544767
-15801.7171964889
-15801.7171351110
-15801.7169951468
-15801.7171811616
-15801.7171085918
-15801.7171289962
-15801.7171758198
-15801.7170748669
-15801.7171771750
-15801.7171590516
-15801.7171626250
-15801.7171546832
-15801.7171385195
-15801.7174013528
-15801.7171396550
-15801.7171574467
-15801.7170833857
-15801.7171808109
-15801.7174011496
-15801.7171726559
-15801.7170868326
-15801.7171661921
-15801.7170703269
-15801.7170352247
-15801.7170981253
-15801.7170694082
-15801.7172139172
-15801.7170845168
-15801.7171795464
-15801.7171648382
-15801.7171124585
-15801.7170276457
-15801.7172644563
-15801.7171472332
-15801.7171462979
-15801.7171614737
-15801.7171837165
-15801.7169734425
-15801.7171126034
-15801.7171880848
-15801.7171399855
-15801.7170724452
-15801.7172991475
-15801.7171187232
-15801.7171727322
-15801.7171219473
-15801.7170480049
-15801.7171194484
-15801.7171053465
-15801.7174016411
-15801.7171233118
-15801.7170845155
-15801.7171340352
-15801.7171422888
-15801.7171997112
-15801.7172215077
-15801.7170927529
-15801.7171497680
-15801.7171667045
-15801.7171736508
-15801.7171957291
-15801.7171409454
-15801.7171650466
-15801.7170654752
-15801.7171564978
-15801.7170899332
-15801.7169838373
-15801.7171270531
-15801.7172604005
-15801.7171678395
-15801.7171618726
-15801.7171437454
-15801.7171166491
-15801.7171290736
-15801.7171171156
-15801.7172562941
-15801.7170955136
-15801.7170513800
-15801.7170562449
-15801.7171117657
-15801.7170847005
-15801.7170796880
-15801.7172038756
-15801.7171012432
-15801.7171368393
-15801.7171594916
-15801.7171245993
-15801.7171112916
-15801.7170338174
-15801.7171564276
-15801.7171641906
-15801.7171397368
-15801.7171002351
-15801.7171580078
-15801.7172290357
-15801.7172028976
-15801.7170459711
-15801.7171314342
-15801.7171300605
-15801.7172147404
-15801.7171486346
-15801.7171685950
-15801.7170111980
-15801.7171446157
-15801.7171004050
-15801.7171671517
-15801.7172260344
-15801.7171272488
-15801.7172377179
-15801.7170756423
-15801.7171665841
-15801.7170527004
-15801.7171532227
-15801.7172189718
-15801.7171323237
-15801.7171669070
-15801.7171388759
-15801.7171046324
-15801.7171400562
-15801.7172194434
-15801.7171769683
-15801.7170998114
-15801.7172329675
-15801.7171123972
-15801.7171166591
-15801.7171941732
-15801.7170076482
-15801.7174009594
-15801.7171890746
-15801.7171580186
-15801.7171181551
-15801.7171181550
-15801.7170577330
-15801.7171034352
-15801.7170859998
-15801.7172217477
-15801.7171904809
-15801.7170371505
-15801.7171692861
-15801.7170724815
-15801.7172025853
-15801.7170744983
-15801.7172064843
-15801.7171900638
-15801.7171225421
-15801.7170176690
-15801.7171272938
-15801.7172199482
-15801.7170440399
-15801.7170395579
-15801.7170699942
-15801.7170583517
-15801.7172306959
-15801.7171259353
-15801.7170681657
-15801.7171120257
-15801.7172135158
-15801.7171519627
-15801.7171222019
-15801.7172211144
-15801.7170040397
-15801.7170691757
-15801.7170387686
-15801.7171181486
-15801.7171226038
-15801.7170794723
-15801.7170400518
-15801.7170816348
-15801.7171463190
-15801.7170804788
-15801.7171465136
-15801.7170601644
-15801.7171137073
-15801.7170674685
-15801.7171732371
-15801.7170423423
-15801.7170753651
-15801.7172214306
-15801.7172245990
-15801.7171442535
-15801.7170627989
-15801.7171421832
-15801.7171698940
-15801.7170975864
-15801.7170751293
-15801.7170783623
-15801.7170448038
-15801.7171790063
-15801.7172066079
-15801.7171081539
-15801.7170788814
-15801.7170939463
-15801.7171509975
-15801.7170785129
-15801.7171670169
-15801.7171072446
-15801.7170507544
-15801.7170959924
-15801.7171914258
-15801.7170728845
-15801.7170921610
-15801.7171469633
-15801.7170882416
-15801.7171444610
-15801.7171208767
-15801.7171600528
-15801.7170504582
-15801.7171777982
-15801.7172087504
-15801.7171966409
-15801.7172090954
-15801.7170758436
-15801.7171412028
-15801.7171938341
-15801.7171604167
-15801.7171982065
-15801.7170822908
-15801.7171757437
-15801.7170996003
-15801.7170805734
-15801.7171289679
-15801.7170124562
-15801.7171628283
-15801.7170707369
-15801.7170925413
-15801.7172006066
-15801.7170831282
-15801.7171184314
-15801.7171224357
-15801.7171728452
-15801.7171860957
-15801.7171265922
-15801.7174016161
-15801.7171643570
-15801.7170390654
-15801.7170314226
-15801.7171193829
-15801.7170962766
-15801.7171431815
-15801.7169986489
-15801.7171133077
-15801.7172075749
-15801.7171056486
-15801.7171143408
-15801.7172289334
-15801.7171784572
-15801.7170913548
-15801.7171678871
-15801.7171034635
-15801.7171486070
-15801.7172257398
-15801.7171126697
-15801.7170414638
-15801.7170408042
-15801.7172623252
-15801.7171642006
-15801.7171585578
-15801.7171322233
-15801.7170467737
-15801.7170547457
-15801.7170963107
-15801.7170713731
-15801.7171718973
-15801.7171832808
-15801.7171938861
-15801.7171684241
-15801.7171794930
-15801.7171909067
-15801.7170231826
-15801.7171187741
-15801.7171218381
-15801.7171944216
-15801.7171658945
-15801.7171353169
-15801.7170557799
-15801.7171829344
-15801.7172304946
-15801.7172048156
-15801.7170060544
-15801.7171950335
-15801.7171623249
-15801.7171677938
-15801.7171830809
-15801.7170671544
-15801.7171035491
-15801.7171331111
-15801.7170981676
-15801.7171566682
-15801.7172583272
-15801.7170724675
-15801.7171285182
-15801.7171261088
-15801.7172241274
-15801.7171195823
-15801.7171700014
-15801.7174021352
-15801.7172345823
-15801.7171484547
-15801.7172140413
-15801.7171393261
-15801.7171006228
-15801.7170868716
-15801.7171449365
-15801.7171727436
-15801.7171704890
-15801.7170524755
-15801.7170349495
-15801.7170758328
-15801.7170937227
-15801.7170118367
-15801.7171442398
-15801.7170912955
-15801.7171746596
-15801.7171032725
-15801.7171662124
-15801.7170756007
-15801.7171834865
-15801.7173270649
-15801.7171029279
-15801.7171532411
-15801.7170691630
-15801.7170214970
-15801.7171331232
-15801.7171102720
-15801.7171058579
-15801.7169996786
-15801.7170999501
-15801.7170094634
-15801.7171307493
-15801.7171082785
-15801.7170163069
-15801.7170976618
-15801.7171810176
-15801.7171633428
-15801.7170893209
-15801.7170778067
-15801.7171315649
-15801.7171575474
-15801.7171539968
-15801.7170966526
-15801.7172875374
-15801.7170825274
-15801.7170878062
-15801.7171676713
-15801.7170612464
-15801.7170752315
-15801.7171769961
-15801.7170754857
-15801.7171163788
-15801.7172088935
-15801.7171328043
-15801.7170841330
-15801.7170652550
-15801.7170166803
-15801.7171995064
-15801.7170982821
-15801.7171995691
-15801.7171202052
-15801.7170790628
-15801.7171846717
-15801.7170947563
-15801.7171772436
-15801.7170944753
-15801.7170935483
-15801.7170651051
-15801.7171002624
-15801.7171193548
-15801.7170855063
-15801.7171451011
-15801.7171664100
-15801.7171310563
-15801.7171909411
-15801.7170761705
-15801.7170815314
-15801.7171232669
-15801.7171736545
-15801.7170805674
-15801.7171190869
-15801.7171124345
-15801.7171101078
-15801.7170329812
-15801.7170069579
-15801.7171893634
-15801.7171358329
-15801.7172440670
-15801.7171251056
-15801.7170994083
-15801.7171391204
-15801.7170330587
-15801.7170668738
-15801.7171593947
-15801.7171178402
-15801.7171256916
-15801.7170397660
-15801.7171058040
-15801.7171930176
-15801.7171224791
-15801.7171244925
-15801.7170925210
-15801.7171559862
-15801.7172192629
-15801.7170782269
-15801.7171304863
-15801.7171315742
-15801.7172252331
-15801.7171288860
-15801.7170817231
-15801.7170721818
-15801.7172473038
-15801.7170383267
-15801.7171246530
-15801.7172149186
-15801.7172142671
-15801.7170728713
-15801.7170788130
-15801.7170546417
-15801.7170818187
-15801.7170337235
-15801.7171458722
-15801.7171315780
-15801.7174010137
-15801.7171025918
-15801.7171179143
-15801.7171184057
-15801.7171628682
-15801.7171034049
-15801.7171062505
-15801.7171574848
-15801.7171118118
-15801.7171646813
-15801.7172845048
-15801.7171855691
-15801.7171151308
-15801.7171667008
-15801.7170878758
-15801.7171461520
-15801.7170907503
-15801.7171035001
-15801.7170509588
-15801.7171142685
-15801.7171685242
-15801.7171356046
-15801.7171520704
-15801.7171785099
-15801.7170488590
-15801.7171319370
-15801.7171620524
-15801.7171246006
-15801.7171358361
-15801.7171361211
-15801.7169877189
-15801.7171251055
-15801.7172149649
-15801.7172215037
-15801.7171118203
-15801.7170345369
-15801.7170706612
-15801.7169716082
-15801.7171366048
-15801.7171487922
-15801.7171665872
-15801.7171727840
-15801.7171229833
-15801.7171074034
-15801.7171113395
-15801.7174016579
-15801.7171610163
-15801.7171443617
-15801.7172032780
-15801.7172555443
-15801.7170681734
-15801.7171757763
-15801.7171765587
-15801.7171223440
-15801.7170780949
-15801.7171498285
-15801.7171984673
-15801.7170170923
-15801.7170830188
-15801.7171674138
-15801.7171136652
-15801.7171409205
-15801.7171326755
-15801.7170979373
-15801.7171524883
-15801.7171363086
-15801.7171181711
-15801.7171466304
-15801.7174013964
-15801.7171240995
-15801.7172188488
-15801.7171654079
-15801.7172632093
-15801.7171343953
-15801.7170521706
-15801.7171169312
-15801.7171492759
-15801.7170579981
-15801.7171843624
-15801.7169990027
-15801.7169660652
-15801.7170974389
-15801.7170757422
-15801.7171418730
-15801.7170799146
-15801.7171085153
-15801.7171674956
-15801.7170972713
-15801.7171364915
-15801.7171727336
-15801.7171284373
-15801.7170768931
-15801.7171813232
-15801.7170685566
-15801.7170603877
-15801.7171126347
-15801.7171796141
-15801.7170646777
-15801.7171200361
-15801.7170395052
-15801.7170501075
-15801.7171778548
-15801.7171716102
-15801.7171805087
-15801.7171886592
-15801.7171548062
-15801.7171443166
-15801.7171661158
-15801.7170291296
-15801.7171854515
-15801.7171304798
-15801.7170630646
-15801.7172207585
-15801.7169942047
-15801.7170667838
-15801.7170230789
-15801.7171074939
-15801.7171490645
-15801.7170404329
-15801.7171980585
-15801.7171978643
-15801.7171968518
-15801.7171138638
-15801.7172009500
-15801.7171564996
-15801.7170758872
-15801.7171858816
-15801.7171085944
-15801.7171781557
-15801.7170615976
-15801.7172021023
-15801.7171319437
-15801.7171838394
-15801.7170692968
-15801.7171121668
-15801.7172021591
-15801.7172653125
-15801.7171479762
-15801.7171504529
-15801.7170295895
-15801.7171487384
-15801.7171418383
-15801.7171302351
-15801.7171110299
-15801.7171140985
-15801.7172360424
-15801.7170562443
-15801.7170647828
-15801.7171629446
-15801.7171143894
-15801.7172189183
-15801.7170708497
-15801.7170914796
-15801.7170778514
-15801.7171091995
-15801.7171918335
-15801.7170455303
-15801.7171125931
-15801.7170477750
-15801.7171967905
-15801.7170633238
-15801.7171569705
-15801.7171591946
-15801.7170403076
-15801.7171957813
-15801.7171506764
-15801.7171339384
-15801.7171941823
-15801.7171832131
-15801.7171087520
-15801.7171922416
-15801.7171205423
-15801.7172209599
-15801.7170379086
-15801.7170954374
-15801.7170789009
-15801.7171284610
-15801.7171380220
-15801.7171303354
-15801.7171772781
-15801.7170629001
-15801.7170231031
-15801.7172100813
-15801.7171271222
-15801.7170440084
-15801.7170346450
-15801.7171777578
-15801.7170992926
-15801.7171364373
-15801.7174001870
-15801.7171826633
-15801.7171517779
-15801.7171867142
-15801.7171010333
-15801.7170799971
-15801.7171250256
-15801.7171236479
-15801.7171456631
-15801.7170788947
-15801.7171174874
-15801.7172096740
-15801.7171430100
-15801.7170128001
-15801.7171761281
-15801.7171606420
-15801.7172336884
-15801.7170798788
-15801.7170393387
-15801.7171652193
-15801.7171475761
-15801.7171135537
-15801.7169931923
-15801.7172217130
-15801.7171217523
-15801.7171412744
-15801.7174011867
-15801.7170757695
-15801.7174005373
-15801.7171142347
-15801.7171096424
-15801.7170998682
-15801.7172220383
-15801.7171395317
-15801.7170346041
-15801.7171241868
-15801.7171023943
-15801.7171555927
-15801.7170106045
-15801.7170749354
-15801.7171291767
-15801.7171781685
-15801.7171613595
-15801.7171137243
-15801.7170159350
-15801.7171339471
-15801.7171463875
-15801.7171857871
-15801.7170776016
-15801.7170366248
-15801.7171927611
-15801.7170934139
-15801.7171839932
-15801.7171078804
-15801.7170980137
-15801.7169373587
-15801.7170375463
-15801.7171892964
-15801.7170357077
-15801.7171258644
-15801.7170425908
-15801.7170680203
-15801.7170832806
-15801.7171656276
-15801.7171115304
-15801.7171109104
-15801.7171569356
-15801.7170821616
-15801.7171677771
-15801.7170502360
-15801.7171867201
-15801.7171619321
-15801.7170515446
-15801.7170866341
-15801.7170722593
-15801.7171166083
-15801.7170792440
-15801.7171762757
-15801.7171922454
-15801.7170573618
-15801.7171921888
-15801.7170573969
-15801.7170875020
-15801.7171441280
-15801.7171686579
-15801.7171370529
-15801.7170459514
-15801.7171611645
-15801.7170154133
-15801.7171115750
-15801.7171153290
-15801.7171341297
-15801.7170987064
-15801.7172045072
-15801.7172130730
-15801.7170265697
-15801.7170792277
-15801.7171528738
-15801.7170942392
-15801.7170786645
-15801.7171735176
-15801.7170467449
-15801.7170015667
-15801.7171949266
-15801.7171263461
-15801.7170704971
-15801.7171298136
-15801.7170858022
-15801.7171114595
-15801.7171432091
-15801.7170881266
-15801.7171846650
-15801.7171497402
-15801.7171647860
-15801.7174012609
-15801.7171251497
-15801.7171795660
-15801.7171400815
-15801.7171133986
-15801.7170819785
-15801.7171119497
-15801.7170710671
-15801.7170919606
-15801.7171945349
-15801.7170637628
-15801.7170284889
-15801.7171755655
-15801.7174019199
-15801.7172005007
-15801.7171487893
-15801.7170445115
-15801.7171207827
-15801.7171599014
-15801.7171617802
-15801.7169898685
-15801.7170499779
-15801.7171352057
-15801.7170170239
-15801.7170686156
-15801.7170664472
-15801.7170347844
-15801.7170099488
-15801.7170547771
-15801.7170976574
-15801.7171851078
-15801.7170827131
-15801.7171200805
-15801.7171367881
-15801.7171960412
-15801.7170829752
-15801.7171817927
-15801.7172174466
-15801.7172245842
-15801.7170565885
-15801.7171219620
-15801.7172447662
-15801.7171076695
-15801.7170666369
-15801.7170864315
-15801.7172104149
-15801.7171859178
-15801.7172481263
-15801.7171451232
-15801.7170481034
-15801.7171239193
-15801.7171545403
-15801.7171506701
-15801.7170794274
-15801.7170986405
-15801.7170734754
-15801.7172419686
-15801.7170609477
-15801.7171933121
-15801.7170585869
-15801.7170979614
-15801.7171513387
-15801.7171541205
-15801.7174016474
-15801.7170987257
-15801.7170727743
-15801.7170970885
-15801.7172755719
-15801.7170745621
-15801.7171159615
-15801.7172070704
-15801.7170288190
-15801.7171976321
-15801.7171163487
-15801.7171443223
-15801.7172143602
-15801.7170568997
-15801.7171137743
-15801.7170445359
-15801.7171068567
-15801.7171916151
-15801.7170518804
-15801.7170117648
-15801.7170793011
-15801.7171493613
-15801.7172463224
-15801.7170596598
-15801.7171383005
-15801.7169890398
-15801.7170925406
-15801.7171231158
-15801.7171605210
-15801.7171564692
-15801.7171642399
-15801.7170779955
-15801.7171423866
-15801.7171923028
-15801.7170775799
-15801.7170568490
-15801.7171072804
-15801.7171712854
-15801.7171168811
-15801.7171331335
-15801.7170409613
-15801.7170939726
-15801.7170933502
-15801.7171824189
-15801.7170247560
-15801.7170794154
-15801.7172073036
-15801.7171870254
-15801.7170907823
-15801.7171326920
-15801.7171764508
-15801.7171328496
-15801.7171962834
-15801.7171198374
-15801.7171662898
-15801.7171092998
-15801.7170984567
-15801.7170300694
-15801.7171544110
-15801.7169989302
-15801.7170561879
-15801.7171885890
-15801.7170269665
-15801.7171399198
-15801.7170925017
-15801.7171113361
-15801.7171724414
-15801.7174013312
-15801.7171240537
-15801.7170766529
-15801.7171307823
-15801.7171281990
-15801.7171004449
-15801.7170511075
-15801.7171213377
-15801.7171531574
-15801.7170617373
-15801.7170425000
-15801.7171265159
-15801.7171337833
-15801.7170512843
-15801.7170591496
-15801.7171164829
-15801.7170505196
-15801.7171559065
-15801.7170911133
-15801.7172445249
-15801.7171622883
-15801.7172145465
-15801.7171320828
-15801.7170891141
-15801.7171008897
-15801.7170565905
-15801.7170954186
-15801.7169980863
-15801.7170592344
-15801.7170885560
-15801.7171278259
-15801.7171124606
-15801.7172247495
-15801.7171201037
-15801.7169814626
-15801.7171013344
-15801.7171445601
-15801.7171287264
-15801.7170314321
-15801.7171900864
-15801.7171747865
-15801.7171051018
-15801.7170886380
-15801.7170953812
-15801.7171358985
-15801.7170603273
-15801.7174004962
-15801.7170067247
-15801.7170058030
-15801.7171691917
-15801.7171540562
-15801.7170376779
-15801.7171307513
-15801.7171497519
-15801.7171801963
-15801.7171812949
-15801.7171581144
-15801.7170209823
-15801.7170908756
-15801.7170267228
-15801.7171475504
-15801.7171033447
-15801.7169570710
-15801.7171798155
-15801.7170948516
-15801.7171609273
-15801.7170316779
-15801.7170691532
-15801.7170571195
-15801.7171091045
-15801.7171650574
-15801.7170969604
-15801.7171037558
-15801.7171418147
-15801.7171633689
-15801.7171089397
-15801.7171935123
-15801.7169966835
-15801.7171288220
-15801.7171251200
-15801.7171995926
-15801.7171222997
-15801.7171774493
-15801.7172255466
-15801.7171066714
-15801.7171389665
-15801.7171640316
-15801.7172064301
-15801.7170712417
-15801.7170289149
-15801.7169885893
-15801.7171493286
-15801.7170889208
-15801.7170757655
-15801.7171419020
-15801.7170822946
-15801.7170884641
-15801.7171462983
-15801.7170460257
-15801.7170824785
-15801.7170434147
-15801.7171112608
-15801.7170836314
-15801.7169912005
-15801.7171137494
-15801.7171392052
-15801.7171937071
-15801.7171767312
-15801.7170125429
-15801.7171968123
-15801.7170419760
-15801.7171900842
-15801.7171342398
-15801.7171460006
-15801.7172089963
-15801.7170627410
-15801.7171127043
-15801.7170787857
-15801.7171033141
-15801.7170599881
-15801.7171549184
-15801.7171087603
-15801.7171752793
-15801.7171442027
-15801.7172026639
-15801.7171908148
-15801.7171406271
-15801.7170905033
-15801.7172056978
-15801.7171264350
-15801.7171267229
-15801.7171110167
-15801.7170420951
-15801.7170791609
-15801.7171552202
-15801.7170883302
-15801.7171368803
-15801.7170368287
-15801.7171776551
-15801.7170372396
-15801.7171373063
-15801.7172491259
-15801.7170648572
-15801.7171667787
-15801.7170957592
-15801.7171158504
-15801.7170453738
-15801.7172724055
-15801.7170132393
-15801.7170923704
-15801.7170806886
-15801.7171959631
-15801.7171689128
-15801.7171424381
-15801.7171065524
-15801.7171708026
-15801.7172363819
-15801.7171033499
-15801.7170605943
-15801.7170168585
-15801.7171239001
-15801.7171608983
-15801.7171495781
-15801.7170428309
-15801.7172419856
-15801.7171103425
-15801.7171851586
-15801.7170658067
-15801.7171955024
-15801.7171265086
-15801.7172214868
-15801.7170240800
-15801.7171236853
-15801.7171696228
-15801.7172462555
-15801.7171310134
-15801.7170475585
-15801.7172088188
-15801.7170993886
-15801.7169915197
-15801.7170867194
-15801.7170734520
-15801.7171194946
-15801.7171596781
-15801.7171583708
-15801.7170808015
-15801.7172221579
-15801.7171457828
-15801.7170658979
-15801.7170876363
-15801.7171741180
-15801.7170937665
-15801.7171535597
-15801.7171239453
-15801.7171369681
-15801.7172493730
-15801.7170885147
-15801.7171365078
-15801.7171877413
-15801.7170424843
-15801.7172164613
-15801.7170735152
-15801.7170320753
-15801.7174011546
-15801.7171666144
-15801.7170979740
-15801.7171766118
-15801.7174007923
-15801.7170520832
-15801.7171917711
-15801.7171695538
-15801.7170538098
-15801.7171347263
-15801.7170786059
-15801.7170845405
-15801.7171148694
-15801.7171316340
-15801.7170387291
-15801.7171675427
-15801.7172728213
-15801.7171275622
-15801.7172200914
-15801.7170637935
-15801.7170903812
-15801.7171782050
-15801.7171494943
-15801.7172029761
-15801.7171141448
-15801.7171287050
-15801.7170763409
-15801.7171027863
-15801.7171136829
-15801.7171715592
-15801.7170808210
-15801.7170753431
-15801.7171682997
-15801.7171465314
-15801.7171650711
-15801.7172359314
-15801.7171156844
-15801.7173999232
-15801.7170909812
-15801.7171334723
-15801.7171343623
-15801.7170854896
-15801.7171206677
-15801.7171397040
-15801.7170907952
-15801.7172022323
-15801.7170254265
-15801.7171450218
-15801.7171712427
-15801.7169976336
-15801.7170696045
-15801.7170976189
-15801.7170848251
-15801.7171106951
-15801.7174005784
-15801.7170727601
-15801.7172191470
-15801.7170992520
-15801.7171186804
-15801.7171687431
-15801.7170352023
-15801.7171650411
-15801.7170962537
-15801.7171791825
-15801.7171194170
-15801.7170998757
-15801.7171181460
-15801.7170602335
-15801.7171489523
-15801.7172287974
-15801.7172358871
-15801.7171134646
-15801.7170388904
-15801.7174008332
-15801.7171868801
-15801.7170983823
-15801.7171484503
-15801.7171657337
-15801.7171026350
-15801.7171486001
-15801.7171074748
-15801.7170771248
-15801.7171461342
-15801.7170770023
-15801.7170872553
-15801.7171347892
-15801.7171579793
-15801.7171179688
-15801.7170802307
-15801.7170736346
-15801.7170948129
-15801.7170652581
-15801.7171806624
-15801.7170208527
-15801.7170862538
-15801.7171251277
-15801.7171227350
-15801.7170811226
-15801.7170859259
-15801.7171096174
-15801.7171645750
-15801.7171343160
-15801.7170620903
-15801.7171255424
-15801.7171396263
-15801.7172224323
-15801.7170857087
-15801.7174005800
-15801.7172218631
-15801.7170951697
-15801.7172029499
-15801.7171362899
-15801.7172104268
-15801.7170580977
-15801.7170788491
-15801.7171041583
-15801.7172007410
-15801.7171913760
-15801.7171380436
-15801.7171874382
-15801.7169897865
-15801.7171962673
-15801.7172168488
-15801.7172409516
-15801.7171695715
-15801.7171220202
-15801.7170489557
-15801.7171815495
-15801.7171929599
-15801.7170923904
-15801.7171245694
-15801.7171250292
-15801.7171421246
-15801.7171073284
-15801.7170928215
-15801.7170902863
-15801.7171586202
-15801.7170538814
-15801.7170934585
-15801.7171001788
-15801.7174007295
-15801.7171457507
-15801.7170536615
-15801.7170349093
-15801.7170871944
-15801.7170456591
-15801.7171177206
-15801.7171568542
-15801.7170522124
-15801.7172279484
-15801.7171446236
-15801.7171186606
-15801.7171322796
-15801.7171894676
-15801.7171439030
-15801.7169800832
-15801.7171183627
-15801.7171131914
-15801.7171600709
-15801.7171465940
-15801.7171619920
-15801.7170809794
-15801.7171225574
-15801.7170070783
-15801.7171237073
-15801.7171824262
-15801.7172155366
-15801.7171577210
-15801.7170544711
-15801.7170391601
-15801.7171705769
-15801.7171358254
-15801.7172393194
-15801.7174011972
-15801.7171644541
-15801.7171077920
-15801.7170901058
-15801.7171889548
-15801.7171037273
-15801.7171467420
-15801.7172877250
-15801.7172321069
-15801.7171220220
-15801.7171375922
-15801.7171024433
-15801.7171858218
-15801.7171008536
-15801.7171151217
-15801.7172060769
-15801.7171283047
-15801.7171187753
-15801.7170582362
-15801.7170942141
-15801.7174014110
-15801.7171560165
-15801.7170243170
-15801.7171596781
-15801.7171084640
-15801.7170967360
-15801.7170692314
-15801.7170429342
-15801.7171032422
-15801.7170462156
-15801.7171967613
-15801.7170378527
-15801.7169590977
-15801.7171639398
-15801.7170531344
-15801.7171703753
-15801.7171431287
-15801.7171170034
-15801.7171623627
-15801.7170455502
-15801.7171963622
-15801.7170736020
-15801.7170844770
-15801.7171864023
-15801.7170853947
-15801.7171890591
-15801.7171828653
-15801.7171140928
-15801.7171794793
-15801.7170633133
-15801.7171932590
-15801.7171569599
-15801.7171192727
-15801.7171901688
-15801.7170866365
-15801.7171653617
-15801.7171137987
-15801.7170885747
-15801.7170949028
-15801.7171511071
-15801.7171487465
-15801.7171712647
-15801.7170184762
-15801.7171640781
-15801.7171430496
-15801.7170291849
-15801.7171672513
-15801.7171726953
-15801.7171395032
-15801.7171634589
-15801.7171529616
-15801.7170929126
-15801.7170949280
-15801.7172406549
-15801.7171894031
-15801.7170874517
-15801.7171019044
-15801.7170716341
-15801.7170419409
-15801.7171281638
-15801.7170275610
-15801.7170867687
-15801.7170574119
-15801.7169901058
-15801.7172249133
-15801.7171030007
-15801.7171154903
-15801.7170992433
-15801.7171079096
-15801.7172473118
-15801.7174012863
-15801.7171424251
-15801.7171948190
-15801.7172935230
-15801.7170266411
-15801.7172111155
-15801.7172174823
-15801.7170452058
-15801.7174008452
-15801.7172145654
-15801.7170143449
-15801.7170801470
-15801.7172017742
-15801.7171195034
-15801.7171764635
-15801.7171891196
-15801.7171263409
-15801.7170346496
-15801.7170912840
-15801.7170719256
-15801.7171165251
-15801.7172245152
-15801.7172511760
-15801.7170531293
-15801.7170227056
-15801.7170508677
-15801.7171634548
-15801.7170585761
-15801.7170843344
-15801.7170135623
-15801.7171289233
-15801.7171775225
-15801.7171070240
-15801.7171323616
-15801.7171089670
-15801.7170975441
-15801.7171182342
-15801.7171527347
-15801.7170719124
-15801.7170064241
-15801.7170873303
-15801.7172058441
-15801.7171805982
-15801.7170961008
-15801.7171002476
-15801.7170114597
-15801.7170569429
-15801.7170633757
-15801.7171362829
-15801.7171042699
-15801.7172094316
-15801.7170842034
-15801.7171152448
-15801.7171427533
-15801.7171932690
-15801.7172251947
-15801.7172025588
-15801.7170242101
-15801.7171286691
-15801.7170174314
-15801.7170475890
-15801.7171991740
-15801.7171771177
-15801.7170058603
-15801.7171580354
-15801.7170725105
-15801.7171170211
-15801.7171909373
-15801.7174009073
-15801.7170813393
-15801.7171788415
-15801.7171175411
-15801.7171144514
-15801.7171693985
-15801.7171194764
-15801.7171078421
-15801.7170597578
-15801.7169719788
-15801.7170435858
-15801.7170561396
-15801.7172355852
-15801.7170413543
-15801.7171193600
-15801.7172146875
-15801.7172090715
-15801.7171723558
-15801.7171628918
-15801.7171480838
-15801.7170966151
-15801.7171517458
-15801.7171369687
-15801.7171128711
-15801.7172294344
-15801.7171519551
-15801.7171651870
-15801.7171144008
-15801.7171303911
-15801.7171320767
-15801.7170178646
-15801.7169859275
-15801.7170786938
-15801.7171314246
-15801.7170783755
-15801.7170161509
-15801.7171634079
-15801.7170672907
-15801.7171158445
-15801.7171243167
-15801.7170987382
-15801.7170305758
-15801.7171824234
-15801.7174016912
-15801.7170080316
-15801.7170945255
-15801.7171315964
-15801.7171652261
-15801.7171906306
-15801.7171416338
-15801.7171761105
-15801.7170696435
-15801.7171899257
-15801.7170223067
-15801.7171098597
-15801.7170596573
-15801.7172142636
-15801.7170163757
-15801.7171312029
-15801.7171054464
-15801.7171280777
-15801.7170890670
-15801.7170106359
-15801.7171006873
-15801.7171149081
-15801.7170923850
-15801.7170440101
-15801.7169856728
-15801.7170793251
-15801.7171304533
-15801.7169794269
-15801.7170985814
-15801.7170681404
-15801.7171612336
-15801.7171140018
-15801.7171909764
-15801.7171336168
-15801.7171330277
-15801.7171929443
-15801.7170485110
-15801.7170886676
-15801.7170260914
-15801.7170997195
-15801.7170952101
-15801.7171568354
-15801.7174006848
-15801.7171260535
-15801.7171128080
-15801.7171996980
-15801.7170444909
-15801.7171428645
-15801.7172303756
-15801.7170713054
-15801.7171514708
-15801.7171183950
-15801.7170847578
-15801.7171644515
-15801.7171424137
-15801.7170892897
-15801.7171775727
-15801.7171330260
-15801.7171015524
-15801.7171387532
-15801.7170814992
-15801.7171054752
-15801.7172033974
-15801.7171315404
-15801.7171160899
-15801.7171335322
-15801.7170789886
-15801.7170821159
-15801.7172214402
-15801.7171300014
-15801.7170785936
-15801.7171674910
-15801.7169845688
-15801.7171322645
-15801.7170236403
-15801.7171582272
-15801.7170214390
-15801.7171598375
-15801.7169976932
-15801.7171261787
-15801.7171023467
-15801.7170551578
-15801.7170269849
-15801.7171073319
-15801.7171070230
-15801.7171941940
-15801.7171060853
-15801.7172151647
-15801.7171571437
-15801.7171967519
-15801.7170436135
-15801.7171490120
-15801.7170707724
-15801.7171136409
-15801.7170461772
-15801.7170990027
-15801.7171637780
-15801.7171616005
-15801.7171613091
-15801.7171327807
-15801.7171329141
-15801.7170964201
-15801.7170968019
-15801.7171601262
-15801.7170468281
-15801.7171172989
-15801.7171333939
-15801.7171798632
-15801.7171247999
-15801.7171867443
-15801.7171433199
-15801.7171241610
-15801.7170406155
-15801.7170470213
-15801.7171523759
-15801.7171697771
-15801.7171064048
-15801.7171493588
-15801.7174006890
-15801.7170974691
-15801.7172041004
-15801.7170567153
-15801.7170805397
-15801.7171250701
-15801.7170650866
-15801.7170609712
-15801.7172319118
-15801.7171301502
-15801.7171605474
-15801.7171163791
-15801.7170941269
-15801.7171022122
-15801.7172394561
-15801.7171598003
-15801.7170678193
-15801.7171455910
-15801.7171117168
-15801.7170959124
-15801.7170764103
-15801.7171583829
-15801.7170351478
-15801.7169978184
-15801.7170354607
-15801.7171655124
-15801.7171263899
-15801.7170943486
-15801.7171562426
-15801.7174007652
-15801.7171705727
-15801.7171438777
-15801.7174002488
-15801.7171012367
-15801.7171473446
-15801.7174008759
-15801.7170740587
-15801.7171420239
-15801.7172091304
-15801.7171657819
-15801.7170930017
-15801.7170248719
-15801.7170732188
-15801.7170866674
-15801.7171411365
-15801.7172807519
-15801.7171229733
-15801.7171661725
-15801.7171108947
-15801.7170690495
-15801.7172105879
-15801.7171954778
-15801.7171563932
-15801.7171008825
-15801.7170587672
-15801.7170242020
-15801.7170729413
-15801.7171606750
-15801.7171596741
-15801.7170899935
-15801.7171125220
-15801.7171509724
-15801.7170169030
-15801.7170749910
-15801.7170240835
-15801.7170836980
-15801.7171386132
-15801.7174001114
-15801.7171575709
-15801.7170678074
-15801.7171484186
-15801.7170905884
-15801.7170581453
-15801.7171381644
-15801.7170514819
-15801.7170862808
-15801.7170061475
-15801.7171741984
-15801.7170835011
-15801.7170981353
-15801.7171058708
-15801.7171099715
-15801.7172320812
-15801.7171134855
-15801.7170728969
-15801.7170625571
-15801.7170005082
-15801.7174015751
-15801.7171802095
-15801.7171124330
-15801.7172121244
-15801.7171641662
-15801.7171698858
-15801.7170110391
-15801.7171808718
-15801.7170802903
-15801.7171464528
-15801.7171208923
-15801.7170702376
-15801.7170652211
-15801.7170697317
-15801.7171182865
-15801.7171452865
-15801.7171490425
-15801.7171132664
-15801.7171228871
-15801.7170755068
-15801.7171318347
-15801.7171230864
-15801.7170335808
-15801.7171323948
-15801.7170944086
-15801.7174018650
-15801.7171602942
-15801.7171485964
-15801.7174016001
-15801.7171258568
-15801.7170930374
-15801.7171175393
-15801.7170278598
-15801.7170944822
-15801.7170979260
-15801.7170517770
-15801.7171416405
-15801.7171335879
-15801.7171327484
-15801.7171893954
-15801.7171361279
-15801.7171699294
-15801.7174009071
-15801.7170942312
-15801.7171056103
-15801.7171778112
-15801.7170750579
-15801.7171813648
-15801.7171594564
-15801.7171233917
-15801.7171687186
-15801.7170627807
-15801.7171375935
-15801.7171896242
-15801.7171336006
-15801.7171242532
-15801.7171242130
-15801.7171661026
-15801.7172103080
-15801.7171599312
-15801.7170245910
-15801.7170486589
-15801.7171660899
-15801.7171575104
-15801.7171586602
-15801.7171315644
-15801.7172059382
-15801.7171171514
-15801.7171086741
-15801.7171058506
-15801.7171116593
-15801.7170118063
-15801.7171478341
-15801.7170887196
-15801.7171408664
-15801.7171158399
-15801.7171287824
-15801.7171359137
-15801.7170808635
-15801.7171221350
-15801.7171640301
-15801.7171139520
-15801.7171218223
-15801.7171559877
-15801.7170821919
-15801.7171447764
-15801.7170658301
-15801.7171353185
-15801.7171387750
-15801.7170877208
-15801.7171382900
-15801.7171612019
-15801.7170845743
-15801.7170952939
-15801.7171277203
-15801.7171614167
-15801.7171479498
-15801.7171745251
-15801.7171557062
-15801.7172063285
-15801.7172295325
-15801.7171496390
-15801.7170841477
-15801.7170368052
-15801.7172242698
-15801.7170708424
-15801.7171267373
-15801.7170643718
-15801.7170497316
-15801.7172197230
-15801.7170890464
-15801.7171406584
-15801.7170988951
-15801.7171165357
-15801.7171854222
-15801.7171335429
-15801.7171400110
-15801.7172075313
-15801.7172302806
-15801.7171401190
-15801.7171191021
-15801.7171678166
-15801.7171848139
-15801.7172446204
-15801.7171780309
-15801.7171969750
-15801.7171157520
-15801.7170051438
-15801.7171172369
-15801.7171501098
-15801.7170228359
-15801.7170469146
-15801.7170279221
-15801.7170353589
-15801.7171223706
-15801.7171502995
-15801.7171618422
-15801.7170938705
-15801.7171326940
-15801.7170980834
-15801.7171522557
-15801.7171724861
-15801.7170566492
-15801.7169903664
-15801.7171571410
-15801.7171368589
-15801.7170764672
-15801.7171645201
-15801.7171061394
-15801.7171633730
-15801.7171521714
-15801.7171809233
-15801.7171701521
-15801.7170183377
-15801.7170833783
-15801.7170471745
-15801.7170270444
-15801.7171461882
-15801.7172345004
-15801.7170531973
-15801.7170865850
-15801.7170833132
-15801.7171472997
-15801.7171738911
-15801.7171008865
-15801.7170553309
-15801.7171539223
-15801.7170943451
-15801.7172013008
-15801.7172026856
-15801.7171932760
-15801.7170857379
-15801.7171995176
-15801.7170504922
-15801.7170281216
-15801.7171669991
-15801.7169893007
-15801.7171430976
-15801.7170823667
-15801.7171383417
-15801.7171373816
-15801.7171186554
-15801.7171136422
-15801.7170477835
-15801.7172758356
-15801.7171299214
-15801.7170710131
-15801.7170807823
-15801.7170895011
-15801.7170146749
-15801.7171465593
-15801.7171456256
-15801.7171032851
-15801.7171749346
-15801.7170289125
-15801.7170650161
-15801.7171425789
-15801.7171490936
-15801.7170151351
-15801.7171391768
-15801.7169689373
-15801.7170660725
-15801.7171639052
-15801.7172661181
-15801.7171262238
-15801.7171479123
-15801.7174000833
-15801.7172040930
-15801.7170466553
-15801.7171593090
-15801.7171225130
-15801.7174006914
-15801.7170871386
-15801.7170895109
-15801.7171463260
-15801.7170643778
-15801.7171057587
-15801.7171202214
-15801.7169956228
-15801.7172052059
-15801.7170744636
-15801.7171445248
-15801.7170246946
-15801.7170353604
-15801.7171393521
-15801.7171611789
-15801.7172416580
-15801.7171900707
-15801.7171167436
-15801.7171101889
-15801.7171125135
-15801.7170280674
-15801.7170906005
-15801.7170014969
-15801.7171188206
-15801.7172364711
-15801.7171793246
-15801.7170792925
-15801.7171288836
-15801.7171056466
-15801.7171370219
-15801.7171078324
-15801.7171101622
-15801.7172369996
-15801.7170935702
-15801.7170173300
-15801.7171550472
-15801.7171495678
-15801.7171344594
-15801.7171700118
-15801.7171254618
-15801.7169937022
-15801.7171430863
-15801.7170331973
-15801.7171076036
-15801.7170655643
-15801.7171254007
-15801.7171446212
-15801.7171139785
-15801.7170164766
-15801.7170779273
-15801.7171482713
-15801.7170694515
-15801.7171038228
-15801.7171191188
-15801.7170414572
-15801.7170558411
-15801.7170912531
-15801.7171801049
-15801.7171257473
-15801.7171855250
-15801.7171025970
-15801.7171488007
-15801.7171047755
-15801.7172379359
-15801.7170697917
-15801.7170707427
-15801.7170547610
-15801.7171652349
-15801.7174020098
-15801.7171112946
-15801.7171274954
-15801.7171555192
-15801.7170552872
-15801.7171359261
-15801.7172126850
-15801.7170455621
-15801.7171460626
-15801.7170700469
-15801.7171356996
-15801.7171057013
-15801.7170248166
-15801.7170139167
-15801.7172149549
-15801.7170195592
-15801.7171421483
-15801.7170634875
-15801.7170989834
-15801.7171240890
-15801.7170948488
-15801.7171559862
-15801.7171541122
-15801.7170148716
-15801.7169916398
-15801.7170596512
-15801.7171129370
-15801.7170539654
-15801.7171133993
-15801.7171423769
-15801.7170971775
-15801.7171607177
-15801.7171390614
-15801.7171509741
-15801.7171322489
-15801.7170932691
-15801.7170768355
-15801.7174005599
-15801.7171419563
-15801.7171630655
-15801.7171542508
-15801.7171550730
-15801.7170569212
-15801.7171863003
-15801.7171860224
-15801.7170977799
-15801.7171742047
-15801.7171275676
-15801.7171019834
-15801.7171651470
-15801.7172505222
-15801.7171177922
-15801.7171318105
-15801.7171705242
-15801.7171223739
-15801.7171015596
-15801.7170864313
-15801.7171346745
-15801.7171150696
-15801.7171076377
-15801.7171140141
-15801.7170629315
-15801.7171638477
-15801.7170863256
-15801.7171459142
-15801.7170657788
-15801.7171267995
-15801.7170802942
-15801.7170816530
-15801.7171546252
-15801.7172176330
-15801.7171127124
-15801.7172122151
-15801.7171068476
-15801.7172108369
-15801.7171708395
-15801.7170522002
-15801.7171497111
-15801.7171250613
-15801.7169377081
-15801.7170593509
-15801.7172054865
-15801.7171283491
-15801.7172461114
-15801.7170909427
-15801.7170823680
-15801.7170584367
-15801.7171024589
-15801.7171214462
-15801.7171346503
-15801.7170386007
-15801.7171292426
-15801.7170891762
-15801.7170935680
-15801.7171833440
-15801.7171854841
-15801.7172569577
-15801.7171146132
-15801.7170492906
-15801.7171820016
-15801.7171057802
-15801.7170702821
-15801.7171990723
-15801.7170476166
-15801.7169947351
-15801.7170096854
-15801.7171303477
-15801.7170707076
-15801.7171674972
-15801.7171190171
-15801.7171805989
-15801.7170509141
-15801.7170101700
-15801.7171487547
-15801.7171244180
-15801.7170516774
-15801.7171785709
-15801.7170704641
-15801.7171926479
-15801.7171027023
-15801.7171164287
-15801.7171211066
-15801.7172018324
-15801.7171116615
-15801.7171225401
-15801.7170746469
-15801.7170776917
-15801.7170683643
-15801.7171072269
-15801.7170748360
-15801.7171463566
-15801.7171496433
-15801.7171014049
-15801.7171429415
-15801.7170933620
-15801.7170802645
-15801.7171367189
-15801.7172418465
-15801.7170964253
-15801.7170429772
-15801.7170905953
-15801.7172239071
-15801.7171786401
-15801.7170409319
-15801.7170886708
-15801.7170616189
-15801.7171474748
-15801.7174010795
-15801.7170060935
-15801.7171166445
-15801.7171215774
-15801.7171117159
-15801.7170528550
-15801.7171212079
-15801.7171591684
-15801.7171895324
-15801.7171402460
-15801.7171473856
-15801.7170938945
-15801.7171055947
-15801.7170808569
-15801.7171801435
-15801.7171559158
-15801.7170976934
-15801.7170780572
-15801.7171352037
-15801.7170664212
-15801.7170512302
-15801.7171144796
-15801.7171021299
-15801.7171150440
-15801.7170131408
-15801.7170402850
-15801.7172066754
-15801.7171049831
-15801.7171142400
-15801.7172636152
-15801.7171072184
-15801.7172016355
-15801.7171189894
-15801.7171018665
-15801.7170819369
-15801.7172236251
-15801.7171597037
-15801.7171079573
-15801.7171416214
-15801.7170844374
-15801.7170870726
-15801.7171668400
-15801.7171266824
-15801.7171662771
-15801.7171027670
-15801.7171339136
-15801.7171972693
-15801.7171651015
-15801.7169854495
-15801.7171933164
-15801.7170647908
-15801.7171021686
-15801.7171256805
-15801.7170267995
-15801.7170692479
-15801.7170804082
-15801.7170511320
-15801.7172517577
-15801.7170726703
-15801.7172043117
-15801.7171453582
-15801.7170562024
-15801.7171152256
-15801.7171199942
-15801.7171514325
-15801.7170127560
-15801.7170945509
-15801.7171961112
-15801.7171274905
-15801.7174005103
-15801.7170748931
-15801.7170751334
-15801.7171220707
-15801.7171915977
-15801.7170516273
-15801.7170318616
-15801.7170772268
-15801.7170932045
-15801.7170144509
-15801.7170495581
-15801.7174015015
-15801.7172454077
-15801.7170560052
-15801.7171349101
-15801.7170168990
-15801.7170613353
-15801.7171322675
-15801.7170824849
-15801.7170528780
-15801.7171005246
-15801.7170718958
-15801.7170910715
-15801.7172003402
-15801.7171092516
-15801.7171461335
-15801.7171330235
-15801.7171675383
-15801.7172402434
-15801.7170915758
-15801.7171822892
-15801.7171504905
-15801.7171693289
-15801.7171580778
-15801.7171593989
-15801.7170979945
-15801.7170940985
-15801.7171045648
-15801.7170731293
-15801.7171821382
-15801.7171260527
-15801.7172113213
-15801.7171931055
-15801.7171413651
-15801.7171360087
-15801.7171848141
-15801.7171863835
-15801.7170624795
-15801.7171559111
-15801.7171737404
-15801.7170232761
-15801.7174016039
-15801.7171694152
-15801.7170875327
-15801.7171928962
-15801.7171533994
-15801.7170747710
-15801.7170948841
-15801.7171796750
-15801.7172266408
-15801.7169979077
-15801.7171695184
-15801.7170834746
-15801.7170755812
-15801.7170918558
-15801.7171593553
-15801.7171046733
-15801.7171372003
-15801.7171412808
-15801.7171190900
-15801.7171028113
-15801.7170914727
-15801.7170211127
-15801.7171440810
-15801.7170531575
-15801.7170281449
-15801.7171601157
-15801.7171546340
-15801.7171622667
-15801.7170318143
-15801.7171628414
-15801.7170847423
-15801.7172340067
-15801.7171478617
-15801.7170428270
-15801.7171912160
-15801.7171975793
-15801.7171282777
-15801.7171674579
-15801.7171664982
-15801.7170419191
-15801.7170554385
-15801.7169908942
-15801.7170947942
-15801.7171502797
-15801.7170795891
-15801.7170889698
-15801.7171756886
-15801.7171511244
-15801.7171971724
-15801.7171527533
-15801.7170861636
-15801.7171888051
-15801.7171046822
-15801.7171766783
-15801.7171252324
-15801.7170731541
-15801.7171385079
-15801.7170718567
-15801.7172090122
-15801.7172441820
-15801.7170950662
-15801.7170479559
-15801.7171723244
-15801.7171179402
-15801.7170619321
-15801.7172017693
-15801.7171438357
-15801.7171422487
-15801.7174013829
-15801.7170212819
-15801.7171387470
-15801.7170238452
-15801.7171862626
-15801.7171518449
-15801.7170998769
-15801.7172846889
-15801.7171375828
-15801.7171960585
-15801.7171339420
-15801.7170727195
-15801.7171223970
-15801.7171429509
-15801.7169499239
-15801.7172415541
-15801.7170900097
-15801.7170932194
-15801.7171641196
-15801.7171557408
-15801.7170584147
-15801.7170702294
-15801.7171872760
-15801.7171193469
-15801.7171337815
-15801.7171263651
-15801.7171866997
-15801.7170801197
-15801.7171600286
-15801.7171666924
-15801.7170325009
-15801.7170960182
-15801.7171384348
-15801.7171452837
-15801.7171586836
-15801.7172223067
-15801.7171292965
-15801.7171711690
-15801.7169977892
-15801.7171320638
-15801.7170419352
-15801.7171584454
-15801.7171351644
-15801.7171081121
-15801.7170396142
-15801.7171250360
-15801.7170918609
-15801.7170544604
-15801.7171180565
-15801.7171463101
-15801.7171268203
-15801.7171061374
-15801.7171312229
-15801.7171949919
-15801.7170601199
-15801.7171084350
-15801.7171153833
-15801.7171996294
-15801.7171535976
-15801.7170612886
-15801.7171323754
-15801.7170956477
-15801.7170738220
-15801.7171445130
-15801.7170509430
-15801.7169970616
-15801.7171432423
-15801.7171195847
-15801.7171256068
-15801.7171088614
-15801.7172669086
-15801.7170948525
-15801.7171453201
-15801.7172033190
-15801.7171094314
-15801.7170521993
-15801.7171605104
-15801.7170912734
-15801.7171002609
-15801.7171237070
-15801.7171592861
-15801.7171383241
-15801.7172387389
-15801.7171058940
-15801.7169980909
-15801.7170427228
-15801.7171796676
-15801.7170818628
-15801.7171757164
-15801.7170826850
-15801.7171188180
-15801.7171911876
-15801.7171351313
-15801.7170540344
-15801.7171157411
-15801.7171583386
-15801.7170747985
-15801.7171018293
-15801.7171304825
-15801.7171419076
-15801.7170925393
-15801.7170781378
-15801.7170506828
-15801.7171375506
-15801.7172051243
-15801.7170833641
-15801.7171537533
-15801.7171666034
-15801.7171090619
-15801.7171551680
-15801.7171058071
-15801.7170335679
-15801.7170994868
-15801.7171543796
-15801.7170059784
-15801.7171347411
-15801.7171557082
-15801.7170811779
-15801.7171409004
-15801.7171496908
-15801.7171587842
-15801.7171026086
-15801.7171234709
-15801.7171935958
-15801.7171006722
-15801.7171511474
-15801.7170699787
-15801.7171346426
-15801.7170859745
-15801.7170745549
-15801.7172477366
-15801.7171933932
-15801.7171494398
-15801.7171889042
-15801.7172703484
-15801.7171423111
-15801.7171757352
-15801.7171749407
-15801.7171274540
-15801.7170829884
-15801.7171277423
-15801.7172217950
-15801.7171887539
-15801.7170705288
-15801.7171691724
-15801.7170776894
-15801.7171114343
-15801.7170915451
-15801.7172017137
-15801.7171146197
-15801.7172094739
-15801.7172073902
-15801.7172290095
-15801.7170980400
-15801.7170994937
-15801.7171419212
-15801.7171154618
-15801.7170727706
-15801.7171705979
-15801.7171110604
-15801.7170522843
-15801.7169918034
-15801.7170944373
-15801.7170623907
-15801.7171080203
-15801.7171048445
-15801.7170526019
-15801.7171954652
-15801.7171502319
-15801.7169664627
-15801.7172153800
-15801.7171692842
-15801.7170821481
-15801.7170838264
-15801.7171415117
-15801.7170134844
-15801.7171440409
-15801.7171769353
-15801.7170838821
-15801.7170732310
-15801.7171516770
-15801.7171337070
-15801.7171747455
-15801.7171341011
-15801.7171129886
-15801.7171006515
-15801.7170743372
-15801.7170850139
-15801.7170788917
-15801.7174002574
-15801.7171202413
-15801.7170985836
-15801.7170901693
-15801.7171911258
-15801.7171019648
-15801.7171024659
-15801.7172125509
-15801.7170919709
-15801.7171613852
-15801.7171399805
-15801.7170593607
-15801.7171324640
-15801.7171133033
-15801.7171628186
-15801.7172649639
-15801.7171559926
-15801.7171019982
-15801.7170941770
-15801.7170756251
-15801.7171405289
-15801.7172068712
-15801.7170604334
-15801.7171892923
-15801.7171531822
-15801.7170942676
-15801.7171308687
-15801.7170787263
-15801.7173999519
-15801.7170585267
-15801.7171607567
-15801.7170146551
-15801.7170340941
-15801.7170991470
-15801.7174006316
-15801.7171484029
-15801.7171523201
-15801.7170552398
-15801.7170323714
-15801.7171387252
-15801.7171127642
-15801.7171193443
-15801.7171128364
-15801.7169555504
-15801.7170495272
-15801.7174021400
-15801.7171634198
-15801.7170967275
-15801.7172156980
-15801.7170532410
-15801.7172686507
-15801.7171449746
-15801.7171818387
-15801.7171980739
-15801.7171932412
-15801.7170072072
-15801.7170482364
-15801.7170512859
-15801.7170737517
-15801.7170439255
-15801.7171873589
-15801.7171736734
-15801.7170062301
-15801.7171108463
-15801.7171131815
-15801.7171376746
-15801.7171216563
-15801.7172165590
-15801.7170672863
-15801.7171503931
-15801.7171182582
-15801.7171193940
-15801.7170748043
-15801.7171551091
-15801.7171558223
-15801.7171129031
-15801.7171742334
-15801.7173998942
-15801.7170494787
-15801.7170671291
-15801.7171550404
-15801.7171317337
-15801.7171223343
-15801.7174012016
-15801.7171417616
-15801.7171666671
-15801.7171178835
-15801.7172024277
-15801.7171211106
-15801.7171802847
-15801.7171421192
-15801.7171729501
-15801.7171536130
-15801.7170491380
-15801.7171411049
-15801.7172216557
-15801.7171209150
-15801.7171481553
-15801.7170696660
-15801.7171868841
-15801.7171477789
-15801.7170328786
-15801.7171542096
-15801.7172156513
-15801.7170612327
-15801.7170871775
-15801.7171946702
-15801.7171239995
-15801.7172338804
-15801.7171337014
-15801.7170409619
-15801.7171505614
-15801.7170535303
-15801.7171291844
-15801.7171515541
-15801.7171218575
-15801.7171301095
-15801.7170070349
-15801.7170537853
-15801.7171402826
-15801.7170712104
-15801.7172270589
-15801.7170209000
-15801.7171758476
-15801.7170410689
-15801.7171606218
-15801.7172006207
-15801.7170646653
-15801.7170207631
-15801.7171763496
-15801.7170859210
-15801.7171343708
-15801.7170845283
-15801.7171084472
-15801.7171197873
-15801.7170713210
-15801.7170461011
-15801.7171199402
-15801.7170851348
-15801.7171097469
-15801.7171605948
-15801.7172024224
-15801.7170852721
-15801.7172170066
-15801.7172218843
-15801.7170779760
-15801.7171864026
-15801.7171914403
-15801.7171215123
-15801.7170171309
-15801.7171162832
-15801.7171542356
-15801.7171071219
-15801.7170954646
-15801.7173998593
-15801.7172040464
-15801.7171613079
-15801.7170850030
-15801.7171502571
-15801.7171090693
-15801.7171784121
-15801.7171921746
-15801.7172277715
-15801.7172330497
-15801.7171522738
-15801.7170429288
-15801.7170896320
-15801.7171646939
-15801.7170643323
-15801.7171239005
-15801.7174015999
-15801.7171344569
-15801.7170812724
-15801.7171187364
-15801.7170639281
-15801.7170984826
-15801.7170993975
-15801.7171780652
-15801.7170969117
-15801.7170687839
-15801.7172011442
-15801.7171938641
-15801.7170879007
-15801.7172455724
-15801.7171346999
-15801.7171604405
-15801.7171012073
-15801.7170787486
-15801.7172261729
-15801.7171506006
-15801.7171364806
-15801.7170638264
-15801.7172478594
-15801.7171013170
-15801.7171374464
-15801.7170717471
-15801.7170279145
-15801.7170524073
-15801.7171107935
-15801.7172063836
-15801.7170830851
-15801.7170376056
-15801.7171544738
-15801.7171101216
-15801.7170696240
-15801.7171251448
-15801.7170977711
-15801.7171621480
-15801.7171700663
-15801.7170611749
-15801.7170887310
-15801.7171347429
-15801.7171532124
-15801.7170814418
-15801.7172009352
-15801.7170411407
-15801.7171145869
-15801.7170795141
-15801.7172579775
-15801.7171497706
-15801.7171628449
-15801.7170579494
-15801.7170404116
-15801.7170789467
-15801.7170964602
-15801.7171410963
-15801.7170258720
-15801.7170945773
-15801.7171310135
-15801.7170996279
-15801.7171452171
-15801.7171073218
-15801.7170315992
-15801.7171466453
-15801.7171901815
-15801.7171255642
-15801.7170686992
-15801.7171924687
-15801.7171819784
-15801.7170976266
-15801.7171211690
-15801.7171180376
-15801.7171230614
-15801.7170599751
-15801.7171805457
-15801.7171176151
-15801.7170895068
-15801.7171237738
-15801.7171319997
-15801.7171944862
-15801.7171217677
-15801.7171849702
-15801.7171191892
-15801.7170955456
-15801.7170935213
-15801.7171442101
-15801.7170898765
-15801.7170604088
-15801.7171673401
-15801.7171879027
-15801.7170638032
-15801.7171133852
-15801.7171600069
-15801.7171299683
-15801.7170532448
-15801.7172360976
-15801.7170644288
-15801.7171697054
-15801.7170534990
-15801.7170699679
-15801.7170126329
-15801.7170410674
-15801.7170703273
-15801.7171368157
-15801.7171993171
-15801.7171357140
-15801.7172137559
-15801.7171325792
-15801.7170448139
-15801.7171027802
-15801.7171337288
-15801.7171754173
-15801.7170770113
-15801.7171652716
-15801.7172250174
-15801.7171417198
-15801.7171512269
-15801.7172419347
-15801.7171736724
-15801.7174009672
-15801.7171545323
-15801.7171623734
-15801.7171551354
-15801.7170980018
-15801.7170869307
-15801.7171633216
-15801.7171587947
-15801.7171641930
-15801.7171966795
-15801.7171211231
-15801.7170270941
-15801.7170764123
-15801.7170740338
-15801.7171999252
-15801.7170634224
-15801.7170264339
-15801.7172113828
-15801.7170308558
-15801.7172145960
-15801.7170740196
-15801.7170037096
-15801.7171732016
-15801.7171331742
-15801.7170559454
-15801.7171788578
-15801.7171131132
-15801.7172019289
-15801.7172001455
-15801.7171481979
-15801.7172258072
-15801.7172220526
-15801.7170229466
-15801.7171081991
-15801.7171455669
-15801.7171492654
-15801.7171963991
-15801.7171649041
-15801.7170175140
-15801.7171359623
-15801.7171216046
-15801.7171829142
-15801.7172642301
-15801.7170642344
-15801.7170485204
-15801.7170842326
-15801.7171088423
-15801.7171128688
-15801.7171094228
-15801.7171090378
-15801.7170331631
-15801.7170734336
-15801.7170969363
-15801.7170670963
-15801.7170470314
-15801.7171455291
-15801.7170887065
-15801.7171753342
-15801.7171466320
-15801.7170828496
-15801.7171415461
-15801.7171545628
-15801.7172705573
-15801.7170591010
-15801.7171451012
-15801.7174007416
-15801.7170826782
-15801.7170707198
-15801.7170843076
-15801.7171491797
-15801.7171310131
-15801.7170527627
-15801.7170863363
-15801.7170731163
-15801.7171820585
-15801.7170479908
-15801.7170159044
-15801.7171436332
-15801.7172073511
-15801.7171555032
-15801.7171152959
-15801.7172011812
-15801.7172186167
-15801.7171585029
-15801.7170475629
-15801.7170599245
-15801.7171447392
-15801.7171819435
-15801.7170706378
-15801.7171396639
-15801.7169759908
-15801.7171071407
-15801.7171892881
-15801.7171408741
-15801.7171834343
-15801.7170381553
-15801.7171513406
-15801.7171901016
-15801.7171426189
-15801.7171389120
-15801.7171844615
-15801.7171318950
-15801.7171479318
-15801.7172568657
-15801.7171226372
-15801.7170901177
-15801.7171294332
-15801.7170654909
-15801.7172090530
-15801.7171941337
-15801.7170753987
-15801.7170462365
-15801.7171743279
-15801.7171587127
-15801.7171473292
-15801.7171689151
-15801.7170345746
-15801.7171557724
-15801.7170450893
-15801.7170354516
-15801.7170791201
-15801.7170742888
-15801.7170687187
-15801.7171005153
-15801.7170689009
-15801.7171462749
-15801.7172129482
-15801.7171545744
-15801.7170205063
-15801.7170011182
-15801.7170542640
-15801.7171168749
-15801.7171562303
-15801.7170893703
-15801.7171107031
-15801.7171464183
-15801.7170585111
-15801.7170632076
-15801.7171302753
-15801.7171284067
-15801.7170679071
-15801.7170958667
-15801.7170395352
-15801.7171614308
-15801.7170615976
-15801.7171712714
-15801.7171052981
-15801.7174012891
-15801.7170525878
-15801.7171118430
-15801.7172445672
-15801.7170853591
-15801.7170242153
-15801.7169703875
-15801.7171633808
-15801.7170485188
-15801.7170801589
-15801.7171903984
-15801.7170909544
-15801.7171379015
-15801.7171521003
-15801.7170364853
-15801.7174017271
-15801.7171647133
-15801.7171694017
-15801.7171247098
-15801.7171164026
-15801.7171262341
-15801.7171495497
-15801.7171646070
-15801.7171971736
-15801.7171043091
-15801.7171494403
-15801.7171649769
-15801.7171497182
-15801.7171317388
-15801.7172011688
-15801.7171017849
-15801.7171773022
-15801.7170855574
-15801.7171227421
-15801.7171173533
-15801.7170880096
-15801.7171701389
-15801.7171480217
-15801.7171732603
-15801.7171191961
-15801.7171329367
-15801.7170758993
-15801.7171614655
-15801.7174020436
-15801.7171764866
-15801.7170257668
-15801.7171240540
-15801.7171645780
-15801.7169525768
-15801.7171465595
-15801.7170960218
-15801.7171605171
-15801.7170919036
-15801.7170584637
-15801.7171055551
-15801.7171218739
-15801.7172264128
-15801.7170986890
-15801.7172058682
-15801.7170815651
-15801.7170969325
-15801.7170393827
-15801.7170779996
-15801.7171582642
-15801.7172394310
-15801.7171369356
-15801.7171289165
-15801.7172127697
-15801.7170168286
-15801.7170506690
-15801.7171305695
-15801.7171233529
-15801.7171560832
-15801.7172074440
-15801.7171453584
-15801.7170927854
-15801.7171136884
-15801.7170825711
-15801.7171501119
-15801.7171676323
-15801.7171002533
-15801.7174010406
-15801.7170724920
-15801.7171415797
-15801.7171222177
-15801.7170789870
-15801.7171676879
-15801.7172481672
-15801.7171708806
-15801.7172232901
-15801.7170259402
-15801.7171554138
-15801.7170564729
-15801.7171721570
-15801.7170542401
-15801.7172120785
-15801.7171298084
-15801.7171638391
-15801.7171234232
-15801.7171182193
-15801.7172166229
-15801.7169972505
-15801.7170332674
-15801.7171355667
-15801.7172100856
-15801.7172025041
-15801.7170665861
-15801.7170589630
-15801.7172127652
-15801.7174001206
-15801.7170212719
-15801.7170544331
-15801.7171464714
-15801.7171676950
-15801.7170697830
-15801.7171703837
-15801.7170647562
-15801.7170502771
-15801.7170807238
-15801.7171226388
-15801.7170000867
-15801.7174004075
-15801.7170894604
-15801.7171320937
-15801.7171628056
-15801.7172362050
-15801.7171091136
-15801.7170552029
-15801.7170769064
-15801.7170549515
-15801.7172264939
-15801.7171937767
-15801.7170261531
-15801.7171306472
-15801.7171248564
-15801.7171027655
-15801.7174006665
-15801.7170290596
-15801.7171042410
-15801.7170939697
-15801.7170792594
-15801.7170775379
-15801.7171112604
-15801.7170870723
-15801.7170436423
-15801.7170039224
-15801.7171827361
-15801.7171695415
-15801.7171586267
-15801.7172214859
-15801.7170838972
-15801.7172469809
-15801.7170733483
-15801.7171634189
-15801.7171598908
-15801.7170038908
-15801.7171412588
-15801.7171236028
-15801.7170955902
-15801.7171567662
-15801.7172111935
-15801.7171298660
-15801.7171675633
-15801.7170272797
-15801.7172466287
-15801.7170423161
-15801.7170807247
-15801.7171686889
-15801.7171578065
-15801.7171987444
-15801.7172247563
-15801.7171254089
-15801.7170547434
-15801.7170906358
-15801.7170905030
-15801.7171485139
-15801.7171802948
-15801.7171393753
-15801.7171493869
-15801.7171028644
-15801.7171687126
-15801.7170940324
-15801.7171109474
-15801.7170956291
-15801.7171270919
-15801.7171529301
-15801.7170831091
-15801.7170613607
-15801.7172078606
-15801.7171801965
-15801.7171484881
-15801.7170748181
-15801.7170593682
-15801.7170849235
-15801.7170891967
-15801.7171093268
-15801.7170981625
-15801.7171663096
-15801.7174011463
-15801.7172013554
-15801.7170271433
-15801.7171606713
-15801.7170918503
-15801.7170975690
-15801.7170630263
-15801.7171859802
-15801.7170969468
-15801.7171722660
-15801.7171408070
-15801.7171326856
-15801.7170675967
-15801.7171308551
-15801.7171347683
-15801.7171635256
-15801.7171062271
-15801.7170586741
-15801.7170099061
-15801.7170833193
-15801.7171533709
-15801.7170450644
-15801.7170671032
-15801.7170895204
-15801.7171455881
-15801.7170983393
-15801.7171137831
-15801.7172995801
-15801.7171989382
-15801.7171791147
-15801.7170911352
-15801.7170316038
-15801.7171626326
-15801.7171810669
-15801.7170377738
-15801.7170998033
-15801.7171075512
-15801.7170740947
-15801.7170976600
-15801.7172110989
-15801.7171953635
-15801.7170868343
-15801.7171277881
-15801.7171634578
-15801.7172347884
-15801.7170854491
-15801.7170288675
-15801.7170295298
-15801.7170151765
-15801.7170918710
-15801.7169691799
-15801.7171577603
-15801.7170914876
-15801.7171251258
-15801.7170457984
-15801.7169951903
-15801.7170833402
-15801.7171556418
-15801.7171521725
-15801.7170019482
-15801.7171416171
-15801.7171278521
-15801.7171599928
-15801.7170788376
-15801.7171011144
-15801.7171485421
-15801.7171372601
-15801.7170946322
-15801.7170622622
-15801.7170512210
-15801.7171865269
-15801.7171288809
-15801.7171616955
-15801.7171132167
-15801.7169844852
-15801.7171487201
-15801.7170926820
-15801.7170878175
-15801.7171290266
-15801.7171313172
-15801.7170892336
-15801.7170863572
-15801.7171338890
-15801.7171321099
-15801.7171498330
-15801.7169907977
-15801.7170979163
-15801.7171384213
-15801.7171097875
-15801.7171393536
-15801.7170292299
-15801.7170771445
-15801.7170023052
-15801.7171536182
-15801.7171211703
-15801.7169664971
-15801.7172803452
-15801.7171405878
-15801.7171678776
-15801.7171145116
-15801.7171718221
-15801.7171504661
-15801.7172215412
-15801.7172160960
-15801.7174012517
-15801.7170862440
-15801.7171412145
-15801.7170625676
-15801.7172040980
-15801.7171556252
-15801.7171566607
-15801.7170335936
-15801.7171498482
-15801.7171596823
-15801.7170988285
-15801.7171466844
-15801.7170964252
-15801.7170523433
-15801.7171656817
-15801.7171302957
-15801.7172074787
-15801.7170352213
-15801.7170971728
-15801.7171863476
-15801.7171222410
-15801.7171624321
-15801.7172358443
-15801.7172126335
-15801.7169932091
-15801.7171388857
-15801.7170807338
-15801.7171264629
-15801.7171267702
-15801.7170107696
-15801.7171859700
-15801.7170199390
-15801.7172087136
-15801.7171154253
-15801.7172220818
-15801.7171591468
-15801.7170811461
-15801.7170508491
-15801.7170236293
-15801.7170162239
-15801.7171600391
-15801.7171618301
-15801.7170897883
-15801.7170901226
-15801.7174015554
-15801.7171928878
-15801.7170254115
-15801.7171262075
-15801.7171195930
-15801.7171513773
-15801.7171159183
-15801.7171159748
-15801.7172091754
-15801.7170951182
-15801.7170766568
-15801.7172033829
-15801.7170984254
-15801.7171272208
-15801.7170594951
-15801.7170311299
-15801.7170948942
-15801.7170546006
-15801.7171511054
-15801.7172401655
-15801.7170916491
-15801.7171094750
-15801.7172093887
-15801.7172061485
-15801.7172161700
-15801.7170455852
-15801.7171332044
-15801.7174015230
-15801.7171332522
-15801.7170964436
-15801.7170660816
-15801.7171218141
-15801.7171914877
-15801.7170870803
-15801.7171987428
-15801.7171909293
-15801.7171591016
-15801.7171720906
-15801.7171768164
-15801.7170563208
-15801.7171469716
-15801.7170952721
-15801.7170500888
-15801.7171087444
-15801.7170601617
-15801.7171279120
-15801.7171663386
-15801.7171001483
-15801.7172495257
-15801.7171139323
-15801.7170681320
-15801.7171307522
-15801.7171862260
-15801.7171088835
-15801.7171391186
-15801.7171186152
-15801.7171034023
-15801.7171753988
-15801.7171663332
-15801.7172568143
-15801.7171601125
-15801.7171695907
-15801.7170961509
-15801.7170498823
-15801.7171014978
-15801.7171544385
-15801.7172077683
-15801.7170600512
-15801.7171793011
-15801.7171950405
-15801.7171413001
-15801.7171572810
-15801.7170254202
-15801.7170533238
-15801.7170990941
-15801.7171516964
-15801.7172137269
-15801.7170297128
-15801.7172361520
-15801.7172219638
-15801.7170386652
-15801.7171981035
-15801.7170519931
-15801.7171784994
-15801.7171033990
-15801.7171378203
-15801.7174015812
-15801.7170761073
