-3124.2658612600
-3124.2658626000
-3124.2658611500
-3124.2658624100
-3124.2658648900
-3124.2658631000
-3124.2658603800
-3124.2658661300
-3124.2658587900
-3124.2658659200
-3124.2658673300
-3124.2658612500
-3124.2658657000
-3124.2658608400
-3124.2658609200
-3124.2658546100
-3124.2658606500
-3124.2658602800
-3124.2658605000
-3124.2658606100
-3124.2658663400
-3124.2658542500
-3124.2658492100
-3124.2658483800
-3124.2658592400
-3124.2658552800
-3124.2658549700
-3124.2658594300
-3124.2658538100
-3124.2658527600
-3124.2658499900
-3124.2658528500
-3124.2658515400
-3124.2658530300
-3124.2658516300
-3124.2658551800
-3124.2658505400
-3124.2658556700
-3124.2658561200
-3124.2658469100
-3124.2658540300
-3124.2658530700
-3124.2658550600
-3124.2658573900
-3124.2658568700
-3124.2658570700
-3124.2658535300
-3124.2658560800
-3124.2658537600
-3124.2658577400
-3124.2658522000
-3124.2658528300
-3124.2658548400
-3124.2658526100
-3124.2658539400
-3124.2658563000
-3124.2658571300
-3124.2658494400
-3124.2658543800
-3124.2658553900
-3124.2658524600
-3124.2658517900
-3124.2658556800
-3124.2658502000
-3124.2658537000
-3124.2658514200
-3124.2658517500
-3124.2658498600
-3124.2658507900
-3124.2658511000
-3124.2658554700
-3124.2658522700
-3124.2658585700
-3124.2658508200
-3124.2658532500
-3124.2658556100
-3124.2658537300
-3124.2658514900
-3124.2658583200
-3124.2658562900
-3124.2658504400
-3124.2658519200
-3124.2658530500
-3124.2658481900
-3124.2658579000
-3124.2658471100
-3124.2658527400
-3124.2658580300
-3124.2658563900
-3124.2658578300
-3124.2658531700
-3124.2658543600
-3124.2658564300
-3124.2658547600
-3124.2658576400
-3124.2658523300
-3124.2658533400
-3124.2658533600
-3124.2658531200
-3124.2658558100
-3124.2658517200
-3124.2658510000
-3124.2658490300
-3124.2658583100
-3124.2658485800
-3124.2658596000
-3124.2658527500
-3124.2658489700
-3124.2658551400
-3124.2658592700
-3124.2658490400
-3124.2658557800
-3124.2658557500
-3124.2658548200
-3124.2658548600
-3124.2658548300
-3124.2658547900
-3124.2658547800
-3124.2658548100
-3124.2658547700
-3124.2658548000
-3124.2658548700
-3124.2658548500
-3124.2658548800
-3124.2658547500
-3124.2658549100
-3124.2658549000
-3124.2658548900
-3124.2658549200
-3124.2658547400
-3124.2637714100
-3124.2634095700
-3124.2641067400
-3124.2641558200
-3124.2646632900
-3124.2633768300
-3124.2614786700
-3124.2648149200
-3124.2635631300
-3124.2621795500
-3124.2613787100
-3124.2643392500
-3124.2627857500
-3124.2630247500
-3124.2638994200
-3124.2627844800
-3124.2631078900
-3124.2642938900
-3124.2638978600
-3124.2634559700
-3124.2637914700
-3124.2642790800
-3124.2608342700
-3124.2621920700
-3124.2616720700
-3124.2637784200
-3124.2633936800
-3124.2640457100
-3124.2632323700
-3124.2630667300
-3124.2641273800
-3124.2635022800
-3124.2638418400
-3124.2631222800
-3124.2630897600
-3124.2628751600
-3124.2631654000
-3124.2620873200
-3124.2633243200
-3124.2647560200
-3124.2634761800
-3124.2629905800
-3124.2641480300
-3124.2633166000
-3124.2628803800
-3124.2613596600
-3124.2620937800
-3124.2635374700
-3124.2614744600
-3124.2647918500
-3124.2637470700
-3124.2634588900
-3124.2631630400
-3124.2645867500
-3124.2614913000
-3124.2645070000
-3124.2652112500
-3124.2624661900
-3124.2630658000
-3124.2623336900
-3124.2648211700
-3124.2642447800
-3124.2637106600
-3124.2643667200
-3124.2627273100
-3124.2645360000
-3124.2642340600
-3124.2634144100
-3124.2640057700
-3124.2618628400
-3124.2631451400
-3124.2647403300
-3124.2632107700
-3124.2622994600
-3124.2628591500
-3124.2619904200
-3124.2633343200
-3124.2632544800
-3124.2634038900
-3124.2644099200
-3124.2646578100
-3124.2608737900
-3124.2641280900
-3124.2622303400
-3124.2635409800
-3124.2638098300
-3124.2643356000
-3124.2635104800
-3124.2627036200
-3124.2618094100
-3124.2635397700
-3124.2620153200
-3124.2615568400
-3124.2619613800
-3124.2649961500
-3124.2641531900
-3124.2635991300
-3124.2647915400
-3124.2634599500
-3124.2639181000
-3124.2638530900
-3124.2635823600
-3124.2641994700
-3124.2634791900
-3124.2643420900
-3124.2633431200
-3124.2633297400
-3124.2632845100
-3124.2634409800
-3124.2634645700
-3124.2642205800
-3124.2634709200
-3124.2639490100
-3124.2633119300
-3124.2649765300
-3124.2634188300
-3124.2634357200
-3124.2608128700
-3124.2636043200
-3124.2636566100
-3124.2644396900
-3124.2625116900
-3124.2638771200
-3124.2625322300
-3124.2631428500
-3124.2639769600
-3124.2635175800
-3124.2621032100
-3124.2630596300
-3124.2618666200
-3124.2644762400
-3124.2640020500
-3124.2643891800
-3124.2632602200
-3124.2625182800
-3124.2634213300
-3124.2639119100
-3124.2645872000
-3124.2637711000
-3124.2615737700
-3124.2630544800
-3124.2629036300
-3124.2617765600
-3124.2610676100
-3124.2597580700
-3124.2587131000
-3124.2596974300
-3124.2631556000
-3124.2614741500
-3124.2596740300
-3124.2634896400
-3124.2605408300
-3124.2604162400
-3124.2620229000
-3124.2615844100
-3124.2602115100
-3124.2613037500
-3124.2614672400
-3124.2612705300
-3124.2636616000
-3124.2568578400
-3124.2579553100
-3124.2581563600
-3124.2619014100
-3124.2621030200
-3124.2601800300
-3124.2604928300
-3124.2612834400
-3124.2614696400
-3124.2586526400
-3124.2558854600
-3124.2633835300
-3124.2589222900
-3124.2573849500
-3124.2624499700
-3124.2625503200
-3124.2597802900
-3124.2599540500
-3124.2615631700
-3124.2613976100
-3124.2580470700
-3124.2606848300
-3124.2632040700
-3124.2604020100
-3124.2615242100
-3124.2613705700
-3124.2600497700
-3124.2615245900
-3124.2621657900
-3124.2593617300
-3124.2630865900
-3124.2621149400
-3124.2570574800
-3124.2612818700
-3124.2625858600
-3124.2597325900
-3124.2629782200
-3124.2614001800
-3124.2611643000
-3124.2606903100
-3124.2603829700
-3124.2607559200
-3124.2608898900
-3124.2584362900
-3124.2631804500
-3124.2565119400
-3124.2613561500
-3124.2632691900
-3124.2605641000
-3124.2614209500
-3124.2585969400
-3124.2568311500
-3124.2628063900
-3124.2623297600
-3124.2611490000
-3124.2610788300
-3124.2612462900
-3124.2587153400
-3124.2610131800
-3124.2632566200
-3124.2621294600
-3124.2584145200
-3124.2612227300
-3124.2618380500
-3124.2607499900
-3124.2603817300
-3124.2612713800
-3124.2622150600
-3124.2614241400
-3124.2624609700
-3124.2599593900
-3124.2625877900
-3124.2615275400
-3124.2568874700
-3124.2658045900
-3124.2657986500
-3124.2658092400
-3124.2657545900
-3124.2657502700
-3124.2656725700
-3124.2657772100
-3124.2658394500
-3124.2657592600
-3124.2658012500
-3124.2658149300
-3124.2658363200
-3124.2658115200
-3124.2657801400
-3124.2657674800
-3124.2656984900
-3124.2656511700
-3124.2657467500
-3124.2657194300
-3124.2657831800
-3124.2657184800
-3124.2656856800
-3124.2657755200
-3124.2657585600
-3124.2658539200
-3124.2657085200
-3124.2657948500
-3124.2658039400
-3124.2658305600
-3124.2657263500
-3124.2658205600
-3124.2658242800
-3124.2657738500
-3124.2658125700
-3124.2658513500
-3124.2656741200
-3124.2656920100
-3124.2657912700
-3124.2658543500
-3124.2657874800
-3124.2658122400
-3124.2657324600
-3124.2658212200
-3124.2657740700
-3124.2657376100
-3124.2657828000
-3124.2657829900
-3124.2657425300
-3124.2658395600
-3124.2658394400
-3124.2657102900
-3124.2657263100
-3124.2657649500
-3124.2658247700
-3124.2657497200
-3124.2657962400
-3124.2657058800
-3124.2658239300
-3124.2658457500
-3124.2658269500
-3124.2657304400
-3124.2658132200
-3124.2658153100
-3124.2658491200
-3124.2658347500
-3124.2657618700
-3124.2657601400
-3124.2658238000
-3124.2657901200
-3124.2658008900
-3124.2658075600
-3124.2657520700
-3124.2657244800
-3124.2657917200
-3124.2657826300
-3124.2658288700
-3124.2658265900
-3124.2658168600
-3124.2658393000
-3124.2657352900
-3124.2657891800
-3124.2658086000
-3124.2658335500
-3124.2657553900
-3124.2658152100
-3124.2657076900
-3124.2657930600
-3124.2657921700
-3124.2657961100
-3124.2657802600
-3124.2658245400
-3124.2657744500
-3124.2657499800
-3124.2657058300
-3124.2657323400
-3124.2657957500
-3124.2657987300
-3124.2658000400
-3124.2658439400
-3124.2657956800
-3124.2657852100
-3124.2658078000
-3124.2657395200
-3124.2657707600
-3124.2657463800
-3124.2658040900
-3124.2657889600
-3124.2658035100
-3124.2658080000
-3124.2657589900
-3124.2656994300
-3124.2657691100
-3124.2657946000
-3124.2658391600
-3124.2657808000
-3124.2658159500
-3124.2658157300
-3124.2658437300
-3124.2657446700
-3124.2657461900
-3124.2656977600
-3124.2656036400
-3124.2658380900
-3124.2656638100
-3124.2656410200
-3124.2657428900
-3124.2657530100
-3124.2655694300
-3124.2657105400
-3124.2656625700
-3124.2656880800
-3124.2657009900
-3124.2657522400
-3124.2658206100
-3124.2657721100
-3124.2656511000
-3124.2656998500
-3124.2657092300
-3124.2657610000
-3124.2657295900
-3124.2656380400
-3124.2656204200
-3124.2657143600
-3124.2656636500
-3124.2655509100
-3124.2657368500
-3124.2657576900
-3124.2655917400
-3124.2657080500
-3124.2656271100
-3124.2657207300
-3124.2656623000
-3124.2656806600
-3124.2657092200
-3124.2656956200
-3124.2656773900
-3124.2657339500
-3124.2657224300
-3124.2657163900
-3124.2656998800
-3124.2657442100
-3124.2656408200
-3124.2656072500
-3124.2657626000
-3124.2657243000
-3124.2657251900
-3124.2656493300
-3124.2656500700
-3124.2656875100
-3124.2657420400
-3124.2656327800
-3124.2657023500
-3124.2656727600
-3124.2656654700
-3124.2656999300
-3124.2656585700
-3124.2656591300
-3124.2656940800
-3124.2656746500
-3124.2657061600
-3124.2657421700
-3124.2656558000
-3124.2657218000
-3124.2656939600
-3124.2655343700
-3124.2656909500
-3124.2657697300
-3124.2655397400
-3124.2656499200
-3124.2656834100
-3124.2656378500
-3124.2657038100
-3124.2658028500
-3124.2657785900
-3124.2655083500
-3124.2656974300
-3124.2657261600
-3124.2656102300
-3124.2656605600
-3124.2656827400
-3124.2655847900
-3124.2655529400
-3124.2655579600
-3124.2656435400
-3124.2657001300
-3124.2655922900
-3124.2655931000
-3124.2656779900
-3124.2656556600
-3124.2655422800
-3124.2657223900
-3124.2657240800
-3124.2657645900
-3124.2657048800
-3124.2656137800
-3124.2657460700
-3124.2656355900
-3124.2657098700
-3124.2657389900
-3124.2656580200
-3124.2657024100
-3124.2657043300
-3124.2657689700
-3124.2657101500
-3124.2657065300
-3124.2657390600
-3124.2656188400
-3124.2656574700
-3124.2657672300
-3124.2655352600
-3124.2656792000
-3124.2657700900
-3124.2657001800
-3124.2657372900
-3124.2655600300
-3124.2657176500
-3124.2658262900
-3124.2656209300
-3124.2657058700
-3124.2656869800
-3124.2656446500
-3124.2656077000
-3124.2655847600
-3124.2657857000
-3124.2655354400
-3124.2655594000
-3124.2656539800
-3124.2656056000
-3124.2655737300
-3124.2655956200
-3124.2657090300
-3124.2655675200
-3124.2657602100
-3124.2657444000
-3124.2657376500
-3124.2657517400
-3124.2656773500
-3124.2656643800
-3124.2657111800
-3124.2657245900
-3124.2657093100
-3124.2656475500
-3124.2656708000
-3124.2656559200
-3124.2656747700
-3124.2657197000
-3124.2656725400
-3124.2656808900
-3124.2656080400
-3124.2657102800
-3124.2656191900
-3124.2657512300
-3124.2656394600
-3124.2656975500
-3124.2657842700
-3124.2658022600
-3124.2657567100
-3124.2657871000
-3124.2656682300
-3124.2657283500
-3124.2656413100
-3124.2657348000
-3124.2657703900
-3124.2657416200
-3124.2655796600
-3124.2657714800
-3124.2657912800
-3124.2657126700
-3124.2656568300
-3124.2655157400
-3124.2657654200
-3124.2656857100
-3124.2655926400
-3124.2655685200
-3124.2657575100
-3124.2657756500
-3124.2656722100
-3124.2656504000
-3124.2656106000
-3124.2656427100
-3124.2657448300
-3124.2656915800
-3124.2656422000
-3124.2656960400
-3124.2657338900
-3124.2657358900
-3124.2655997700
-3124.2655901100
-3124.2656967500
-3124.2656407600
-3124.2656795100
-3124.2657236200
-3124.2655755400
-3124.2656671700
-3124.2657574300
-3124.2657112400
-3124.2655837200
-3124.2657572000
-3124.2656926100
-3124.2656194400
-3124.2658014100
-3124.2657053600
-3124.2656119500
-3124.2656590500
-3124.2656756900
-3124.2656322700
-3124.2657195800
-3124.2657151000
-3124.2656192400
-3124.2657105700
-3124.2656602800
-3124.2657790000
-3124.2657578400
-3124.2656046500
-3124.2657119600
-3124.2656270100
-3124.2657315200
-3124.2657379400
-3124.2657034500
-3124.2655392600
-3124.2656165700
-3124.2657006200
-3124.2657022300
-3124.2657412000
-3124.2656895200
-3124.2655817300
-3124.2655676600
-3124.2657360200
-3124.2657222200
-3124.2656640800
-3124.2655687300
-3124.2657000800
-3124.2657440500
-3124.2656637400
-3124.2657514100
-3124.2655457900
-3124.2656271700
-3124.2657331400
-3124.2657231800
-3124.2657497000
-3124.2656624900
-3124.2656750900
-3124.2657000200
-3124.2657112900
-3124.2657808500
-3124.2656947900
-3124.2657368100
-3124.2657561200
-3124.2656064900
-3124.2655589500
-3124.2656694500
-3124.2656827100
-3124.2656849200
-3124.2656976300
-3124.2656203600
-3124.2656775500
-3124.2657228500
-3124.2656589000
-3124.2656095200
-3124.2657426700
-3124.2656562900
-3124.2656767400
-3124.2657102000
-3124.2656872400
-3124.2657617700
-3124.2657529500
-3124.2657469900
-3124.2657707100
-3124.2656254100
-3124.2655642100
-3124.2656649300
-3124.2656789400
-3124.2656746300
-3124.2656667000
-3124.2658267200
-3124.2656346600
-3124.2656307100
-3124.2656547700
-3124.2656913900
-3124.2656140900
-3124.2657328800
-3124.2657401000
-3124.2655879000
-3124.2656881700
-3124.2657245200
-3124.2655478600
-3124.2656246200
-3124.2656052700
-3124.2656866800
-3124.2656377600
-3124.2656484400
-3124.2657472900
-3124.2657535900
-3124.2656646700
-3124.2656691100
-3124.2657367400
-3124.2657141800
-3124.2656594900
-3124.2656266900
-3124.2657152500
-3124.2654995300
-3124.2657426100
-3124.2657030200
-3124.2656053000
-3124.2655923900
-3124.2656305900
-3124.2655169600
-3124.2657142400
-3124.2656361600
-3124.2657180900
-3124.2654950000
-3124.2656916100
-3124.2656490700
-3124.2656138000
-3124.2657584800
-3124.2657249900
-3124.2658095900
-3124.2656344600
-3124.2656709500
-3124.2656989600
-3124.2657838700
-3124.2656822400
-3124.2656402100
-3124.2655686200
-3124.2656076100
-3124.2657155100
-3124.2656836000
-3124.2657802700
-3124.2656384700
-3124.2656179800
-3124.2656382800
-3124.2657629900
-3124.2656468500
-3124.2656250200
-3124.2656695000
-3124.2656320100
-3124.2657692200
-3124.2657234300
-3124.2656635200
-3124.2657482200
-3124.2656524500
-3124.2656744800
-3124.2656403200
-3124.2657037500
-3124.2657585300
-3124.2656612000
-3124.2655984400
-3124.2656638500
-3124.2657305800
-3124.2656202800
-3124.2656285100
-3124.2656249700
-3124.2657020000
-3124.2656687400
-3124.2656494600
-3124.2657156400
-3124.2657468000
-3124.2657387400
-3124.2655631200
-3124.2658132800
-3124.2656393500
-3124.2656669400
-3124.2656597000
-3124.2657598600
-3124.2657514200
-3124.2657909100
-3124.2657275000
-3124.2656784900
-3124.2657017600
-3124.2656571400
-3124.2656695400
-3124.2656419300
-3124.2656636600
-3124.2657332700
-3124.2656221700
-3124.2657352100
-3124.2656341400
-3124.2656593400
-3124.2657532600
-3124.2657413400
-3124.2657272900
-3124.2657031700
-3124.2656300400
-3124.2656589200
-3124.2655225000
-3124.2657548800
-3124.2656756700
-3124.2656306300
-3124.2655837500
-3124.2656604800
-3124.2656015800
-3124.2656497500
-3124.2655881800
-3124.2657254400
-3124.2656190700
-3124.2657251800
-3124.2657402300
-3124.2656885400
-3124.2655679100
-3124.2655374600
-3124.2656509900
-3124.2657105300
-3124.2656565700
-3124.2657116300
-3124.2657297500
-3124.2656929500
-3124.2657264800
-3124.2657163600
-3124.2658621600
-3124.2658623000
-3124.2658589500
-3124.2658601800
-3124.2658598100
-3124.2658576200
-3124.2658600400
-3124.2658617400
-3124.2658627300
-3124.2658645300
-3124.2658649100
-3124.2658612100
-3124.2658627400
-3124.2658628400
-3124.2658581500
-3124.2658618000
-3124.2658647000
-3124.2658591000
-3124.2658648100
-3124.2658613700
-3124.2656693000
-3124.2656863700
-3124.2657431000
-3124.2656145500
-3124.2656743800
-3124.2656715000
-3124.2656037700
-3124.2656851000
-3124.2656353300
-3124.2656592700
-3124.2656832000
-3124.2656151000
-3124.2657073800
-3124.2656254700
-3124.2657281400
-3124.2655484400
-3124.2657870400
-3124.2656855900
-3124.2656255700
-3124.2657507200
-3124.2656397000
-3124.2655610600
-3124.2657397800
-3124.2656477400
-3124.2656647400
-3124.2656490800
-3124.2656814700
-3124.2656699300
-3124.2655888300
-3124.2657215600
-3124.2656483900
-3124.2657132700
-3124.2656680200
-3124.2658073900
-3124.2655551300
-3124.2657306000
-3124.2657309900
-3124.2656018500
-3124.2654821800
-3124.2656438800
-3124.2656346200
-3124.2657103900
-3124.2633092900
-3124.2639153100
-3124.2632871600
-3124.2630173500
-3124.2637026200
-3124.2636871900
-3124.2622480900
-3124.2627305300
-3124.2641847900
-3124.2634542200
-3124.2639295700
-3124.2651198400
-3124.2643339400
-3124.2632595000
-3124.2642049600
-3124.2630073500
-3124.2630628400
-3124.2644957100
-3124.2634677200
-3124.2633581700
-3124.2641785000
-3124.2624580200
-3124.2632866400
-3124.2633993400
-3124.2629742900
-3124.2636399800
-3124.2658636100
-3124.2658611700
-3124.2658543000
-3124.2658653300
-3124.2658628700
-3124.2658611600
-3124.2658615200
-3124.2658601500
-3124.2658590500
-3124.2658621000
-3124.2658609700
-3124.2658622900
-3124.2658682700
-3124.2658623900
-3124.2658581600
-3124.2633964700
-3124.2641382800
-3124.2628389800
-3124.2640683600
-3124.2602870500
-3124.2633055500
-3124.2624756100
-3124.2630049800
-3124.2639205700
-3124.2641072800
-3124.2624977900
-3124.2629710900
-3124.2638886700
-3124.2628287900
-3124.2658600600
-3124.2658578400
-3124.2658561300
-3124.2658639800
-3124.2658615300
-3124.2658651200
-3124.2658619700
-3124.2658614600
-3124.2658648500
-3124.2658651000
-3124.2658640500
-3124.2658659100
-3124.2658618600
-3124.2658646300
-3124.2658593300
-3124.2658658300
-3124.2658590400
-3124.2658600100
-3124.2658631600
-3124.2658571500
-3124.2646029300
-3124.2637897900
-3124.2622563400
-3124.2646943600
-3124.2628707900
-3124.2632532300
-3124.2642292500
-3124.2623591000
-3124.2631130800
-3124.2629892400
-3124.2624665500
-3124.2645245900
-3124.2633704800
-3124.2643161100
-3124.2641248800
-3124.2638077400
-3124.2626776200
-3124.2629537700
-3124.2643559200
-3124.2634670000
-3124.2631625200
-3124.2656401100
-3124.2657456100
-3124.2655734600
-3124.2656754600
-3124.2656849800
-3124.2657374100
-3124.2657686500
-3124.2656928900
-3124.2656970500
-3124.2589037000
-3124.2604213100
-3124.2595369600
-3124.2620778800
-3124.2596291800
-3124.2657578200
-3124.2657014500
-3124.2658021200
-3124.2658228200
-3124.2658041700
-3124.2657568700
-3124.2657428600
-3124.2656450800
-3124.2656033600
-3124.2656774400
-3124.2656184100
-3124.2656551500
-3124.2657847800
-3124.2656910500
-3124.2656882200
-3124.2657632000
-3124.2655986200
-3124.2656964600
-3124.2656509300
-3124.2656049100
-3124.2656935400
-3124.2655039300
-3124.2656406100
-3124.2656457000
-3124.2658349900
-3124.2657626600
-3124.2656200000
-3124.2657634300
-3124.2657833500
-3124.2657199800
-3124.2657525900
-3124.2656364400
-3124.2656000600
-3124.2656150800
-3124.2656840400
-3124.2658614200
-3124.2658631500
-3124.2658626900
-3124.2658600200
-3124.2658581100
-3124.2658613400
-3124.2658638000
-3124.2658624800
-3124.2658598400
-3124.2658590300
-3124.2658636200
-3124.2658616100
-3124.2658632700
-3124.2658562000
-3124.2658583000
-3124.2658596300
-3124.2658589600
-3124.2658616200
-3124.2658623100
-3124.2658606400
-3124.2657065400
-3124.2656500200
-3124.2656030500
-3124.2657547500
-3124.2655678900
-3124.2657590400
-3124.2654904300
-3124.2657941500
