-15801.6544904241
-15801.6544878737
-15801.6544738732
-15801.6545091273
-15801.6544916944
-15801.6545016063
-15801.6545220828
-15801.6545385022
-15801.6544668285
-15801.6545501201
-15801.6544489167
-15801.6545197739
-15801.6545117345
-15801.6545308961
-15801.6545153153
-15801.6545318660
-15801.6545092847
-15801.6545381862
-15801.6508869954
-15801.6516066387
-15801.6503398079
-15801.6538113122
-15801.6530242254
-15801.6531939053
-15801.6507986160
-15801.6528637774
-15801.6516114678
-15801.6530807523
-15801.6512992069
-15801.6505794306
-15801.6526041861
-15801.6530911442
-15801.6530867921
-15801.6502126389
-15801.6517731206
-15801.6519104827
-15801.6509492890
-15801.6504926882
-15801.6504675514
-15801.6528462324
-15801.6510162930
-15801.6520447922
-15801.6515192695
-15801.6521385627
-15801.6523340755
-15801.6521945894
-15801.6519647243
-15801.6510982787
-15801.6518457065
-15801.6515043602
-15801.6545295179
-15801.6544953025
-15801.6545147796
-15801.6545060392
-15801.6545296090
-15801.6544616406
-15801.6545196080
-15801.6544848148
-15801.6545058769
-15801.6544677753
-15801.6545386482
-15801.6544832452
-15801.6544972649
-15801.6545267461
-15801.6545348030
-15801.6545310363
-15801.6545496743
-15801.6545111539
-15801.6545165815
-15801.6545328848
-15801.6545555767
-15801.6545069610
-15801.6545172807
-15801.6545000876
-15801.6545152397
-15801.6545396781
-15801.6544978589
-15801.6544991863
-15801.6545232544
-15801.6545136964
-15801.6545023328
-15801.6545307055
-15801.6545504843
-15801.6545536970
-15801.6544861702
-15801.6545200033
-15801.6545172402
-15801.6545302703
-15801.6545003636
-15801.6544402247
-15801.6544342010
-15801.6544390262
-15801.6544369395
-15801.6544489209
-15801.6544453428
-15801.6544291432
-15801.6544394894
-15801.6544361567
-15801.6544445064
-15801.6544228760
-15801.6544412665
-15801.6544459544
-15801.6544336937
-15801.6544302224
-15801.6544430445
-15801.6544447594
-15801.6544351253
-15801.6544288299
-15801.6544409073
-15801.6544283190
-15801.6544364714
-15801.6544401093
-15801.6544325182
-15801.6544400357
-15801.6544355258
-15801.6544426818
-15801.6544297667
-15801.6544554325
-15801.6544333425
-15801.6544375255
-15801.6544369062
-15801.6544378374
-15801.6544444611
-15801.6544479422
-15801.6544453718
-15801.6544409129
-15801.6544402976
-15801.6544246048
-15801.6544384551
-15801.6544275247
-15801.6545440666
-15801.6545172691
-15801.6545028317
-15801.6545265348
-15801.6544445395
-15801.6545389434
-15801.6545382509
-15801.6545000457
-15801.6544800026
-15801.6545192584
-15801.6545267501
-15801.6544841483
-15801.6544474728
-15801.6545346135
-15801.6544840844
-15801.6545180649
-15801.6545157501
-15801.6545256230
-15801.6545433292
-15801.6544692244
-15801.6545211647
-15801.6544812656
-15801.6544653536
-15801.6545260614
-15801.6545241950
-15801.6545146843
-15801.6545103449
-15801.6545219096
-15801.6545050819
-15801.6544927374
-15801.6544646166
-15801.6545411800
-15801.6545006001
-15801.6545312834
-15801.6545223087
-15801.6545372687
-15801.6545395270
-15801.6544887151
-15801.6544756037
-15801.6545112545
-15801.6545171184
-15801.6544697063
-15801.6545390051
-15801.6545402217
-15801.6544881169
-15801.6545351928
-15801.6545031752
-15801.6544970577
-15801.6545044839
-15801.6544776969
-15801.6545108784
-15801.6544953507
-15801.6545187420
-15801.6544999754
-15801.6545062568
-15801.6545001274
-15801.6545166871
-15801.6545430340
-15801.6545470142
-15801.6545134610
-15801.6545214764
-15801.6545622208
-15801.6544851511
-15801.6545578720
-15801.6545167956
-15801.6544716597
-15801.6545428494
-15801.6544438008
-15801.6545322213
-15801.6544984201
-15801.6544716640
-15801.6545197892
-15801.6545271071
-15801.6544431710
-15801.6544926868
-15801.6544629409
-15801.6544990913
-15801.6545276103
-15801.6545044837
-15801.6545343126
-15801.6545155521
-15801.6544853012
-15801.6545007080
-15801.6545184352
-15801.6545526562
-15801.6545228720
-15801.6545098865
-15801.6545300349
-15801.6545259671
-15801.6545309271
-15801.6544988363
-15801.6545331162
-15801.6544566866
-15801.6545469981
-15801.6545055294
-15801.6545357940
-15801.6545163075
-15801.6544834081
-15801.6545166865
-15801.6545178645
-15801.6545336416
-15801.6545252462
-15801.6545166664
-15801.6545124177
-15801.6544999641
-15801.6545099119
-15801.6545256778
-15801.6544862961
-15801.6545009053
-15801.6545127011
-15801.6545179213
-15801.6545075801
-15801.6544818910
-15801.6544947453
-15801.6544887538
-15801.6545111032
-15801.6545386692
-15801.6545304526
-15801.6544985634
-15801.6544941052
-15801.6545150673
-15801.6545249948
-15801.6545693137
-15801.6545104040
-15801.6545427939
-15801.6545367517
-15801.6545324073
-15801.6544962174
-15801.6544414879
-15801.6545624535
-15801.6545439469
-15801.6545162791
-15801.6545430956
-15801.6544567300
-15801.6545480190
-15801.6545089225
-15801.6544686122
-15801.6545508707
-15801.6545306057
-15801.6545279320
-15801.6544643810
-15801.6544954663
-15801.6545138247
-15801.6545116138
-15801.6545241962
-15801.6544852729
-15801.6545324002
-15801.6545517089
-15801.6545001769
-15801.6545202920
-15801.6544960926
-15801.6545091497
-15801.6545515129
-15801.6545174138
-15801.6545433956
-15801.6544965349
-15801.6545449621
-15801.6545169451
-15801.6545278534
-15801.6544702619
-15801.6545168610
-15801.6545311829
-15801.6545410011
-15801.6545395202
-15801.6544901028
-15801.6544706935
-15801.6544670583
-15801.6545047623
-15801.6545283975
-15801.6545347096
-15801.6545184296
-15801.6545249575
-15801.6544994943
-15801.6545080757
-15801.6544908364
-15801.6544643497
-15801.6544945052
-15801.6545125905
-15801.6545231965
-15801.6545185376
-15801.6545435666
-15801.6545390886
-15801.6544917005
-15801.6545125652
-15801.6544839399
-15801.6545268220
-15801.6545293376
-15801.6544990949
-15801.6545043762
-15801.6545165643
-15801.6545307669
-15801.6545421941
-15801.6545285186
-15801.6544607490
-15801.6544653580
-15801.6545443494
-15801.6544990538
-15801.6544807703
-15801.6544381349
-15801.6545010417
-15801.6545157505
-15801.6545134873
-15801.6545152318
-15801.6545215700
-15801.6545225676
-15801.6545392761
-15801.6545075643
-15801.6545150661
-15801.6545363294
-15801.6545294333
-15801.6545153634
-15801.6545310446
-15801.6545264197
-15801.6545119956
-15801.6544651986
-15801.6545308463
-15801.6545156722
-15801.6545030521
-15801.6545251547
-15801.6545122037
-15801.6545075975
-15801.6544710388
-15801.6545103596
-15801.6545083121
-15801.6545193819
-15801.6545066718
-15801.6545038059
-15801.6545300945
-15801.6545292887
-15801.6544429179
-15801.6545283584
-15801.6545238771
-15801.6545025766
-15801.6545484356
-15801.6544996431
-15801.6545067186
-15801.6545126435
-15801.6545344137
-15801.6545183893
-15801.6545279233
-15801.6545174287
-15801.6545007752
-15801.6545035605
-15801.6544959122
-15801.6545022261
-15801.6545294010
-15801.6544934642
-15801.6545355815
-15801.6545171015
-15801.6545045359
-15801.6545072958
-15801.6545401800
-15801.6544791024
-15801.6544941812
-15801.6545216827
-15801.6545166306
-15801.6544543616
-15801.6545275923
-15801.6545359432
-15801.6544869538
-15801.6544818402
-15801.6545059280
-15801.6545383288
-15801.6544977360
-15801.6544962533
-15801.6545162640
-15801.6545201966
-15801.6545064504
-15801.6544980879
-15801.6545249521
-15801.6545196301
-15801.6545130399
-15801.6545264863
-15801.6545333837
-15801.6544927386
-15801.6545078107
-15801.6544386788
-15801.6544966587
-15801.6545149061
-15801.6544606834
-15801.6544927290
-15801.6544967516
-15801.6545104721
-15801.6545183752
-15801.6544998737
-15801.6545115035
-15801.6545140647
-15801.6545102587
-15801.6545273948
-15801.6545064304
-15801.6544762085
-15801.6545289473
-15801.6545014376
-15801.6544897350
-15801.6544900083
-15801.6545615359
-15801.6544984289
-15801.6545351843
-15801.6545566323
-15801.6545081216
-15801.6545416313
-15801.6545378973
-15801.6545267325
-15801.6545532753
-15801.6544788677
-15801.6544694396
-15801.6545389460
-15801.6544905166
-15801.6544927172
-15801.6544620149
-15801.6545442934
-15801.6544895796
-15801.6544701444
-15801.6544997310
-15801.6545157358
-15801.6545023253
-15801.6545148346
-15801.6545632177
-15801.6544822310
-15801.6544675419
-15801.6545242844
-15801.6545112571
-15801.6545089063
-15801.6544866878
-15801.6545147571
-15801.6545321652
-15801.6545059526
-15801.6544974200
-15801.6545490339
-15801.6545076493
-15801.6544979405
-15801.6545397115
-15801.6545410038
-15801.6545120638
-15801.6545141716
-15801.6545258057
-15801.6545297241
-15801.6545231136
-15801.6544781608
-15801.6545266147
-15801.6545255023
-15801.6545163720
-15801.6545392248
-15801.6545176478
-15801.6544421280
-15801.6545298092
-15801.6544550749
-15801.6545344956
-15801.6545307209
-15801.6544771614
-15801.6544732876
-15801.6545083392
-15801.6545261955
-15801.6545133992
-15801.6544808498
-15801.6544510897
-15801.6544929564
-15801.6545469048
-15801.6545128072
-15801.6544596915
-15801.6545230024
-15801.6545400088
-15801.6545355975
-15801.6545535436
-15801.6545402578
-15801.6545181029
-15801.6545425232
-15801.6544916204
-15801.6544844116
-15801.6544792449
-15801.6545226135
-15801.6545257834
-15801.6545204854
-15801.6545254063
-15801.6544485473
-15801.6544995161
-15801.6544477231
-15801.6545098191
-15801.6544783664
-15801.6545368949
-15801.6545391482
-15801.6544923609
-15801.6545193074
-15801.6545402286
-15801.6545161322
-15801.6545266595
-15801.6544668339
-15801.6545261005
-15801.6545255014
-15801.6545342049
-15801.6544742922
-15801.6544810368
-15801.6545165568
-15801.6545433386
-15801.6545294480
-15801.6544969738
-15801.6545026971
-15801.6545402312
-15801.6544995648
-15801.6544705459
-15801.6544889596
-15801.6544487928
-15801.6545045463
-15801.6545387934
-15801.6545237416
-15801.6545145674
-15801.6545225107
-15801.6544464668
-15801.6545318295
-15801.6545284782
-15801.6545229467
-15801.6545020869
-15801.6545304288
-15801.6545186998
-15801.6545416548
-15801.6545235341
-15801.6545116427
-15801.6544690045
-15801.6544856163
-15801.6545136597
-15801.6545319022
-15801.6544900481
-15801.6544867561
-15801.6544839036
-15801.6544791099
-15801.6544736987
-15801.6545303413
-15801.6545187017
-15801.6545471284
-15801.6545221877
-15801.6545054627
-15801.6545116368
-15801.6544879980
-15801.6545383520
-15801.6545048976
-15801.6544693391
-15801.6545428701
-15801.6545180645
-15801.6545477489
-15801.6545404976
-15801.6545252923
-15801.6545258908
-15801.6545154102
-15801.6545179148
-15801.6545059007
-15801.6544590899
-15801.6545599867
-15801.6545278453
-15801.6545109174
-15801.6545436197
-15801.6545538789
-15801.6545080345
-15801.6545512469
-15801.6545345073
-15801.6545416003
-15801.6545509032
-15801.6544901754
-15801.6544753604
-15801.6545347422
-15801.6544927505
-15801.6545221826
-15801.6545028001
-15801.6545221095
-15801.6545055393
-15801.6545375363
-15801.6545088377
-15801.6545449724
-15801.6544949381
-15801.6545192771
-15801.6545046349
-15801.6544958308
-15801.6544872387
-15801.6545214234
-15801.6545304863
-15801.6545246984
-15801.6545250325
-15801.6544948815
-15801.6545312628
-15801.6544427384
-15801.6545145421
-15801.6545252140
-15801.6544800555
-15801.6545008870
-15801.6545451074
-15801.6545060599
-15801.6545032229
-15801.6545304675
-15801.6545182579
-15801.6545158323
-15801.6545090027
-15801.6545251253
-15801.6545067812
-15801.6545334189
-15801.6544915363
-15801.6545457098
-15801.6545017970
-15801.6545118839
-15801.6544783652
-15801.6545298398
-15801.6545463952
-15801.6545053735
-15801.6545298042
-15801.6545135075
-15801.6545328499
-15801.6544753311
-15801.6545314232
-15801.6545136318
-15801.6545173998
-15801.6544726483
-15801.6545430068
-15801.6544647948
-15801.6544754004
-15801.6545268698
-15801.6545262574
-15801.6544862011
-15801.6545133850
-15801.6545234525
-15801.6545041621
-15801.6545174270
-15801.6545229925
-15801.6545004331
-15801.6545061949
-15801.6545458345
-15801.6544964589
-15801.6544425872
-15801.6545047767
-15801.6545181585
-15801.6545119475
-15801.6545454886
-15801.6544950124
-15801.6545244011
-15801.6544953157
-15801.6545122082
-15801.6545302769
-15801.6544747713
-15801.6545434357
-15801.6545020441
-15801.6545584819
-15801.6545112082
-15801.6545277064
-15801.6545211799
-15801.6544976328
-15801.6545212020
-15801.6545075971
-15801.6545273891
-15801.6545277608
-15801.6545373287
-15801.6544566720
-15801.6545514368
-15801.6545216642
-15801.6545190388
-15801.6544946638
-15801.6545126175
-15801.6544739828
-15801.6544792564
-15801.6545120657
-15801.6544911838
-15801.6545236347
-15801.6544982797
-15801.6545343203
-15801.6545347002
-15801.6545165266
-15801.6545214440
-15801.6545402555
-15801.6545062246
-15801.6545203679
-15801.6545160829
-15801.6545284817
-15801.6545261080
-15801.6545392032
-15801.6544854841
-15801.6545047092
-15801.6545390019
-15801.6545288749
-15801.6545584099
-15801.6544925952
-15801.6545152777
-15801.6545131015
-15801.6545314205
-15801.6545507083
-15801.6544969812
-15801.6545042907
-15801.6545215263
-15801.6545355025
-15801.6545405075
-15801.6544826232
-15801.6544871940
-15801.6545249991
-15801.6545167814
-15801.6544532792
-15801.6544979102
-15801.6545502073
-15801.6545385368
-15801.6545379525
-15801.6545033841
-15801.6545178552
-15801.6545427980
-15801.6545430785
-15801.6544735764
-15801.6545225860
-15801.6545422337
-15801.6545079585
-15801.6545392195
-15801.6545315954
-15801.6545326211
-15801.6545406586
-15801.6545313420
-15801.6544753675
-15801.6545537912
-15801.6544641038
-15801.6545085355
-15801.6545270014
-15801.6545456712
-15801.6544938285
-15801.6545260602
-15801.6544437170
-15801.6544853483
-15801.6544717411
-15801.6545070030
-15801.6544428994
-15801.6544864236
-15801.6544763570
-15801.6545252050
-15801.6544826096
-15801.6544854676
-15801.6544956474
-15801.6545035003
-15801.6545263132
-15801.6544835839
-15801.6544493577
-15801.6545385823
-15801.6545213141
-15801.6545133589
-15801.6545466923
-15801.6545396618
-15801.6545151739
-15801.6545045853
-15801.6544696623
-15801.6544810124
-15801.6545283052
-15801.6544425092
-15801.6544995778
-15801.6544747550
-15801.6545184862
-15801.6544435291
-15801.6545279018
-15801.6545396956
-15801.6545229812
-15801.6544991834
-15801.6545488646
-15801.6544968603
-15801.6545114655
-15801.6545515859
-15801.6545122155
-15801.6545259841
-15801.6545357894
-15801.6544727666
-15801.6545403859
-15801.6545295727
-15801.6544941620
-15801.6545033744
-15801.6545331450
-15801.6545067445
-15801.6545016286
-15801.6545081041
-15801.6544788079
-15801.6545062321
-15801.6544560922
-15801.6545108126
-15801.6545232665
-15801.6545034645
-15801.6544983293
-15801.6545201228
-15801.6545238368
-15801.6544947409
-15801.6545077212
-15801.6545347731
-15801.6545455841
-15801.6545032546
-15801.6545064131
-15801.6545155284
-15801.6544977189
-15801.6545255143
-15801.6545190226
-15801.6544823838
-15801.6544431333
-15801.6545209312
-15801.6544774086
-15801.6545327868
-15801.6545589737
-15801.6545297168
-15801.6545104421
-15801.6545421545
-15801.6545432953
-15801.6545439090
-15801.6545013859
-15801.6544802138
-15801.6545524688
-15801.6544662227
-15801.6545241145
-15801.6545130335
-15801.6545347104
-15801.6544619684
-15801.6545197229
-15801.6544921527
-15801.6545266478
-15801.6544940545
-15801.6544844603
-15801.6545068542
-15801.6545408792
-15801.6544843305
-15801.6545478667
-15801.6544545579
-15801.6545395659
-15801.6544967347
-15801.6545236958
-15801.6544925475
-15801.6545328743
-15801.6544827409
-15801.6545168679
-15801.6545214030
-15801.6545089259
-15801.6545152625
-15801.6545466127
-15801.6545184587
-15801.6545157633
-15801.6545180131
-15801.6545286119
-15801.6544901717
-15801.6545362754
-15801.6544972392
-15801.6544930767
-15801.6545485475
-15801.6545511923
-15801.6545488022
-15801.6545358192
-15801.6544417768
-15801.6545336306
-15801.6545044244
-15801.6545312688
-15801.6545135043
-15801.6545374247
-15801.6545347054
-15801.6545209244
-15801.6544738814
-15801.6545326034
-15801.6545375555
-15801.6545171558
-15801.6545391513
-15801.6544595413
-15801.6544872685
-15801.6545013161
-15801.6545237963
-15801.6545612597
-15801.6545129456
-15801.6545262042
-15801.6545320708
-15801.6545254116
-15801.6545245932
-15801.6544824630
-15801.6544952390
-15801.6545259743
-15801.6545311651
-15801.6545093571
-15801.6545016687
-15801.6545010602
-15801.6544423141
-15801.6545204074
-15801.6544869863
-15801.6545136701
-15801.6544838727
-15801.6545168740
-15801.6544848474
-15801.6545251711
-15801.6545080122
-15801.6545260900
-15801.6544929823
-15801.6545296580
-15801.6544443724
-15801.6545076536
-15801.6545388393
-15801.6545251870
-15801.6545260178
-15801.6545351741
-15801.6545359388
-15801.6545217922
-15801.6544956205
-15801.6545254082
-15801.6545285375
-15801.6545331894
-15801.6545150746
-15801.6544849635
-15801.6545313317
-15801.6544740787
-15801.6545088892
-15801.6545127499
-15801.6545105521
-15801.6545552813
-15801.6545262938
-15801.6544829543
-15801.6544112830
-15801.6545029418
-15801.6545160116
-15801.6544970270
-15801.6544422070
-15801.6545082745
-15801.6545324072
-15801.6545051326
-15801.6544953780
-15801.6545360136
-15801.6545210839
-15801.6545491282
-15801.6545014181
-15801.6545348169
-15801.6545289128
-15801.6545288982
-15801.6545177211
-15801.6545266999
-15801.6544726465
-15801.6544784823
-15801.6545229885
-15801.6544860797
-15801.6545371871
-15801.6545227022
-15801.6545050132
-15801.6545388615
-15801.6545413277
-15801.6544740472
-15801.6544916797
-15801.6545208239
-15801.6544582191
-15801.6545214513
-15801.6545414365
-15801.6544567369
-15801.6545096089
-15801.6544841740
-15801.6545234451
-15801.6545370044
-15801.6545087569
-15801.6545247142
-15801.6544723924
-15801.6545388126
-15801.6545198018
-15801.6545304094
-15801.6545334068
-15801.6545115677
-15801.6545239694
-15801.6545033326
-15801.6545098589
-15801.6545086164
-15801.6545024149
-15801.6544937681
-15801.6545566133
-15801.6545108362
-15801.6545087562
-15801.6544998698
-15801.6545186995
-15801.6545188236
-15801.6544658004
-15801.6544928959
-15801.6545284925
-15801.6545432180
-15801.6544943511
-15801.6545252775
-15801.6545509093
-15801.6544677786
-15801.6544638349
-15801.6545015491
-15801.6545126894
-15801.6545268902
-15801.6545428855
-15801.6545416892
-15801.6545067590
-15801.6545289939
-15801.6545335851
-15801.6544973414
-15801.6545119013
-15801.6545181044
-15801.6545143710
-15801.6545177399
-15801.6544710069
-15801.6545301208
-15801.6545169898
-15801.6544931900
-15801.6545210563
-15801.6545128502
-15801.6544436580
-15801.6544953595
-15801.6545368228
-15801.6545292862
-15801.6545220447
-15801.6545244057
-15801.6544963071
-15801.6545182914
-15801.6544853009
-15801.6545089829
-15801.6545486431
-15801.6545120063
-15801.6545214394
-15801.6545132957
-15801.6544936666
-15801.6545326181
-15801.6545027099
-15801.6544918967
-15801.6545117464
-15801.6545439789
-15801.6545069908
-15801.6545184156
-15801.6545425866
-15801.6545221400
-15801.6545422818
-15801.6544428686
-15801.6545103754
-15801.6545428928
-15801.6544651668
-15801.6544895831
-15801.6545281851
-15801.6545383128
-15801.6545188574
-15801.6545000451
-15801.6545174864
-15801.6545086680
-15801.6545090383
-15801.6544595061
-15801.6545438924
-15801.6544751948
-15801.6545350592
-15801.6544976063
-15801.6544633849
-15801.6545402396
-15801.6545541463
-15801.6544977977
-15801.6544934621
-15801.6544707485
-15801.6544713512
-15801.6545290925
-15801.6545078464
-15801.6545209813
-15801.6544994616
-15801.6545055177
-15801.6545456209
-15801.6544890507
-15801.6545326402
-15801.6544822033
-15801.6545298584
-15801.6545353481
-15801.6545170177
-15801.6545152106
-15801.6545459167
-15801.6545367169
-15801.6544988935
-15801.6544948049
-15801.6544989504
-15801.6545045948
-15801.6545193938
-15801.6544984086
-15801.6545165830
-15801.6544430939
-15801.6545044588
-15801.6545150507
-15801.6544952236
-15801.6545365073
-15801.6544589945
-15801.6545086297
-15801.6544993314
-15801.6545131258
-15801.6545074784
-15801.6545237169
-15801.6545012515
-15801.6545185441
-15801.6545024439
-15801.6545055355
-15801.6545200973
-15801.6545375561
-15801.6545124634
-15801.6544065510
-15801.6545348157
-15801.6545100563
-15801.6545131291
-15801.6545296423
-15801.6545478922
-15801.6545004547
-15801.6544905756
-15801.6545163767
-15801.6544525479
-15801.6545243896
-15801.6545361499
-15801.6544974668
-15801.6544644959
-15801.6545009271
-15801.6545297976
-15801.6544995805
-15801.6545540720
-15801.6545256225
-15801.6545123882
-15801.6545259874
-15801.6544985788
-15801.6545147129
-15801.6544481185
-15801.6544743654
-15801.6544592439
-15801.6544708088
-15801.6545131549
-15801.6545195406
-15801.6545109355
-15801.6545028220
-15801.6545240558
-15801.6545247921
-15801.6544975645
-15801.6544703100
-15801.6545249530
-15801.6545380721
-15801.6544911584
-15801.6545002026
-15801.6545328057
-15801.6545281696
-15801.6544810433
-15801.6544438591
-15801.6545040859
-15801.6544886688
-15801.6545261247
-15801.6545499294
-15801.6545322957
-15801.6545258777
-15801.6545381746
-15801.6545359312
-15801.6545176989
-15801.6544779671
-15801.6545391531
-15801.6545212462
-15801.6544432091
-15801.6544943808
-15801.6545151172
-15801.6544637082
-15801.6544787579
-15801.6545430246
-15801.6545315428
-15801.6544546573
-15801.6545360371
-15801.6544912276
-15801.6545167795
-15801.6544430729
-15801.6545074847
-15801.6545085295
-15801.6545223027
-15801.6545402558
-15801.6545435001
-15801.6545356246
-15801.6544958559
-15801.6545285589
-15801.6545384914
-15801.6545466167
-15801.6544726506
-15801.6545022650
-15801.6545333685
-15801.6545145129
-15801.6545337229
-15801.6545220938
-15801.6544834430
-15801.6545385133
-15801.6545006214
-15801.6545098605
-15801.6545182492
-15801.6544706282
-15801.6545113642
-15801.6545335798
-15801.6544839354
-15801.6545123333
-15801.6545081207
-15801.6545241270
-15801.6545335408
-15801.6545277238
-15801.6545009423
-15801.6545060517
-15801.6544731001
-15801.6544570097
-15801.6545044059
-15801.6544843157
-15801.6545058681
-15801.6545008282
-15801.6545338796
-15801.6545063206
-15801.6545119539
-15801.6545067154
-15801.6545314506
-15801.6545405745
-15801.6545267526
-15801.6545059889
-15801.6545137371
-15801.6544952128
-15801.6545121957
-15801.6545145501
-15801.6544532565
-15801.6544740683
-15801.6545427859
-15801.6545103396
-15801.6544971832
-15801.6545280654
-15801.6544628739
-15801.6544998806
-15801.6545137171
-15801.6544666316
-15801.6544914554
-15801.6545445999
-15801.6545376822
-15801.6545387289
-15801.6545153503
-15801.6545021870
-15801.6545191046
-15801.6545083284
-15801.6545028189
-15801.6545409828
-15801.6544424953
-15801.6545433545
-15801.6545332943
-15801.6544840677
-15801.6545160833
-15801.6545349664
-15801.6544862963
-15801.6545059038
-15801.6545092243
-15801.6545329429
-15801.6545424898
-15801.6545136014
-15801.6545194245
-15801.6544867785
-15801.6544766680
-15801.6545063339
-15801.6544712456
-15801.6544630371
-15801.6545458042
-15801.6545130795
-15801.6545282840
-15801.6545337480
-15801.6544432901
-15801.6545008814
-15801.6544775182
-15801.6544252160
-15801.6544971533
-15801.6545224310
-15801.6545331468
-15801.6545317980
-15801.6545233920
-15801.6545155681
-15801.6545082114
-15801.6544613004
-15801.6545317776
-15801.6544742092
-15801.6544985242
-15801.6545315458
-15801.6545348176
-15801.6545314607
-15801.6545078575
-15801.6545265545
-15801.6545018334
-15801.6545221289
-15801.6545067302
-15801.6545070681
-15801.6544672711
-15801.6544937092
-15801.6545373556
-15801.6544882426
-15801.6544848143
-15801.6545219215
-15801.6545402391
-15801.6545396745
-15801.6545191169
-15801.6545234222
-15801.6545067648
-15801.6545148997
-15801.6545315984
-15801.6544864611
-15801.6545130636
-15801.6544463162
-15801.6545277710
-15801.6545343240
-15801.6544431985
-15801.6545003311
-15801.6545183732
-15801.6544806783
-15801.6545123766
-15801.6545428944
-15801.6545297608
-15801.6545341176
-15801.6545327881
-15801.6545005980
-15801.6544926901
-15801.6545501951
-15801.6544891235
-15801.6544842154
-15801.6545110400
-15801.6545304821
-15801.6545167926
-15801.6544950180
-15801.6545296827
-15801.6544826719
-15801.6545142656
-15801.6545220586
-15801.6545057294
-15801.6544898771
-15801.6545204971
-15801.6545277646
-15801.6544870148
-15801.6545343526
-15801.6544793057
-15801.6544818125
-15801.6544919959
-15801.6545245566
-15801.6544945586
-15801.6544996256
-15801.6544766761
-15801.6545090406
-15801.6545379520
-15801.6544882677
-15801.6544430284
-15801.6545180327
-15801.6544423029
-15801.6544721811
-15801.6545126583
-15801.6545186920
-15801.6545173070
-15801.6544883473
-15801.6545025131
-15801.6544423841
-15801.6544965318
-15801.6545173559
-15801.6545031435
-15801.6545258811
-15801.6545198651
-15801.6544525523
-15801.6545215709
-15801.6544853629
-15801.6545574272
-15801.6544756586
-15801.6545137821
-15801.6545233984
-15801.6544424049
-15801.6544949496
-15801.6545207442
-15801.6544438661
-15801.6545067084
-15801.6544754445
-15801.6545318191
-15801.6545455495
-15801.6544927183
-15801.6545140692
-15801.6545024422
-15801.6544794605
-15801.6545229924
-15801.6544897278
-15801.6544531404
-15801.6545287742
-15801.6545307611
-15801.6544847798
-15801.6545399264
-15801.6544785676
-15801.6545062674
-15801.6544580758
-15801.6545202988
-15801.6545297919
-15801.6545042749
-15801.6544865548
-15801.6545272116
-15801.6545038617
-15801.6545063695
-15801.6545137748
-15801.6544856411
-15801.6545372036
-15801.6545160468
-15801.6544966466
-15801.6545207353
-15801.6545514083
-15801.6545334423
-15801.6545349739
-15801.6544737858
-15801.6545141607
-15801.6545007153
-15801.6545167544
-15801.6545082178
-15801.6544953266
-15801.6545210727
-15801.6545192927
-15801.6545130129
-15801.6545204133
-15801.6545242032
-15801.6544458840
-15801.6545004661
-15801.6544760629
-15801.6545401164
-15801.6545177475
-15801.6544922195
-15801.6545289982
-15801.6545249143
-15801.6545347758
-15801.6545584074
-15801.6545266146
-15801.6545296903
-15801.6545116074
-15801.6545152859
-15801.6544953153
-15801.6545388531
-15801.6545043579
-15801.6545011989
-15801.6544863954
-15801.6545341997
-15801.6544715916
-15801.6544921154
-15801.6545319271
-15801.6545000713
-15801.6545351875
-15801.6545132102
-15801.6544860988
-15801.6545121429
-15801.6545138721
-15801.6545013188
-15801.6545164591
-15801.6545124936
-15801.6544428483
-15801.6544473559
-15801.6545457854
-15801.6544909558
-15801.6545226410
-15801.6545480745
-15801.6544884707
-15801.6544926397
-15801.6544972489
-15801.6545079071
-15801.6545375283
-15801.6544845207
-15801.6545153572
-15801.6544918936
-15801.6544718292
-15801.6544441656
-15801.6545273756
-15801.6545240737
-15801.6545043848
-15801.6544823425
-15801.6544433295
-15801.6544711960
-15801.6544946783
-15801.6545356007
-15801.6545100805
-15801.6545291208
-15801.6544937481
-15801.6545162549
-15801.6544893783
-15801.6545343620
-15801.6545159449
-15801.6545271234
-15801.6545378892
-15801.6545265781
-15801.6545173510
-15801.6545053184
-15801.6545159605
-15801.6544483267
-15801.6544769499
-15801.6545019636
-15801.6545352376
-15801.6545213416
-15801.6545110302
-15801.6545073341
-15801.6545061276
-15801.6544988886
-15801.6545125909
-15801.6545101291
-15801.6545283839
-15801.6545092308
-15801.6545093187
-15801.6544431267
-15801.6545032941
-15801.6545253695
-15801.6545196293
-15801.6545114840
-15801.6545533040
-15801.6545527518
-15801.6545322060
-15801.6544816829
-15801.6544729661
-15801.6545252287
-15801.6545050980
-15801.6545141028
-15801.6545191601
-15801.6545006137
-15801.6544888122
-15801.6545359605
-15801.6544995226
-15801.6545337617
-15801.6545235202
-15801.6545185498
-15801.6545234345
-15801.6545416430
-15801.6545033655
-15801.6545282890
-15801.6544933770
-15801.6545089824
-15801.6545305965
-15801.6545247726
-15801.6545091171
-15801.6544796524
-15801.6545245776
-15801.6544906154
-15801.6545215912
-15801.6545419411
-15801.6544785823
-15801.6545431499
-15801.6545044769
-15801.6545221870
-15801.6545001952
-15801.6545515381
-15801.6545408880
-15801.6545502621
-15801.6545393045
-15801.6545073962
-15801.6545474575
-15801.6545526360
-15801.6544816815
-15801.6544835731
-15801.6545244031
-15801.6545180636
-15801.6545513398
-15801.6545235612
-15801.6545234070
-15801.6545345513
-15801.6544706549
-15801.6545092898
-15801.6545332212
-15801.6545494474
-15801.6545080816
-15801.6545226901
-15801.6545434125
-15801.6544727304
-15801.6544827338
-15801.6545438514
-15801.6544918938
-15801.6545031994
-15801.6545333640
-15801.6544693717
-15801.6545048983
-15801.6545426656
-15801.6545481520
-15801.6545277338
-15801.6545040670
-15801.6545260494
-15801.6545386986
-15801.6545237182
-15801.6545190346
-15801.6544418611
-15801.6544940998
-15801.6544996071
-15801.6545235272
-15801.6545220394
-15801.6545224058
-15801.6545447824
-15801.6545295718
-15801.6545177914
-15801.6544928071
-15801.6545147718
-15801.6545360386
-15801.6544717926
-15801.6544743849
-15801.6545074456
-15801.6545458657
-15801.6545432696
-15801.6545174031
-15801.6544979388
-15801.6545343375
-15801.6545367721
-15801.6545431420
-15801.6545204616
-15801.6545120123
-15801.6545265252
-15801.6545420170
-15801.6545183974
-15801.6544999986
-15801.6545176139
-15801.6545295015
-15801.6545289839
-15801.6544812654
-15801.6544931804
-15801.6544503731
-15801.6545288041
-15801.6545080442
-15801.6545451703
-15801.6545223123
-15801.6544785348
-15801.6545068418
-15801.6545287698
-15801.6544710566
-15801.6544686698
-15801.6544778950
-15801.6545217590
-15801.6544689808
-15801.6544942257
-15801.6545426229
-15801.6545008400
-15801.6545131693
-15801.6545252809
-15801.6545374982
-15801.6545431119
-15801.6545052224
-15801.6545478297
-15801.6545110779
-15801.6544929007
-15801.6544845439
-15801.6544960350
-15801.6544973552
-15801.6544660097
-15801.6545206007
-15801.6544910903
-15801.6545287989
-15801.6545431571
-15801.6545266024
-15801.6544949579
-15801.6544956178
-15801.6545135391
-15801.6545168382
-15801.6544836745
-15801.6545288610
-15801.6544839469
-15801.6545068036
-15801.6545369650
-15801.6545088116
-15801.6545032201
-15801.6545352361
-15801.6545268159
-15801.6545285627
-15801.6545313024
-15801.6545303306
-15801.6545109084
-15801.6545311460
-15801.6545484612
-15801.6545148382
-15801.6545357260
-15801.6545300833
-15801.6545419299
-15801.6544818991
-15801.6545482247
-15801.6545361100
-15801.6545098097
-15801.6545427103
-15801.6545423375
-15801.6545328324
-15801.6544971815
-15801.6545367968
-15801.6544760406
-15801.6545181704
-15801.6545321014
-15801.6545011931
-15801.6545301223
-15801.6545242986
-15801.6545501968
-15801.6544432774
-15801.6544793677
-15801.6545327955
-15801.6545013412
-15801.6545417026
-15801.6545012973
-15801.6544962102
-15801.6545122890
-15801.6545007377
-15801.6545081270
-15801.6545057891
-15801.6545113825
-15801.6545462010
-15801.6545192343
-15801.6545354671
-15801.6545344220
-15801.6545299744
-15801.6545206206
-15801.6545440312
-15801.6545107069
-15801.6545091979
-15801.6544842990
-15801.6545239343
-15801.6545255337
-15801.6544903882
-15801.6544963844
-15801.6545105941
-15801.6545333366
-15801.6544946657
-15801.6544683495
-15801.6545139007
-15801.6545403570
-15801.6544489338
-15801.6545331030
-15801.6545400333
-15801.6545377488
-15801.6545214939
-15801.6545308492
-15801.6545443033
-15801.6545132123
-15801.6545170075
-15801.6544756567
-15801.6545490076
-15801.6545318237
-15801.6544955069
-15801.6545212001
-15801.6544901019
-15801.6545285211
-15801.6545108097
-15801.6545427630
-15801.6544972592
-15801.6545258242
-15801.6545012111
-15801.6544958355
-15801.6545049807
-15801.6544824040
-15801.6545073951
-15801.6544993901
-15801.6545202317
-15801.6545171650
-15801.6544891721
-15801.6545632292
-15801.6545085294
-15801.6544432685
-15801.6545446918
-15801.6545280312
-15801.6545366200
-15801.6545605486
-15801.6544984628
-15801.6545060729
-15801.6545331899
-15801.6545439864
-15801.6544940983
-15801.6545212419
-15801.6544554723
-15801.6545037046
-15801.6545232002
-15801.6545293804
-15801.6545185953
-15801.6544948367
-15801.6544998075
-15801.6544805454
-15801.6545219510
-15801.6544665342
-15801.6544404472
-15801.6545469254
-15801.6545145003
-15801.6545028343
-15801.6545107938
-15801.6545404243
-15801.6544989196
-15801.6545146209
-15801.6545082888
-15801.6544393197
-15801.6545512799
-15801.6544738846
-15801.6545431658
-15801.6545306332
-15801.6545069374
-15801.6545181947
-15801.6545087781
-15801.6545087363
-15801.6544957744
-15801.6545136141
-15801.6545439931
-15801.6545324136
-15801.6545194144
-15801.6545233447
-15801.6545007181
-15801.6545114746
-15801.6545187007
-15801.6545238223
-15801.6544881655
-15801.6545242136
-15801.6544943767
-15801.6545155248
-15801.6545023071
-15801.6545129319
-15801.6544944411
-15801.6545386426
-15801.6545129473
-15801.6545104680
-15801.6545202369
-15801.6544935938
-15801.6545052035
-15801.6544948515
-15801.6544565239
-15801.6545357639
-15801.6545366974
-15801.6545589702
-15801.6545322380
-15801.6544523494
-15801.6545368404
-15801.6544749344
-15801.6545142479
-15801.6545006507
-15801.6544987998
-15801.6545039562
-15801.6545015886
-15801.6545099546
-15801.6545452399
-15801.6545343827
-15801.6545087355
-15801.6545168168
-15801.6545289957
-15801.6545089418
-15801.6544549904
-15801.6545256035
-15801.6545225986
-15801.6545125427
-15801.6545261134
-15801.6545149009
-15801.6545258303
-15801.6545120086
-15801.6545014365
-15801.6545217774
-15801.6545232462
-15801.6544795921
-15801.6544947602
-15801.6545187626
-15801.6545043745
-15801.6545061626
-15801.6545156900
-15801.6545308747
-15801.6545214963
-15801.6545382731
-15801.6545339007
-15801.6545005794
-15801.6544830529
-15801.6545210510
-15801.6545070219
-15801.6545243634
-15801.6545111820
-15801.6545133661
-15801.6545187758
-15801.6545059863
-15801.6545178800
-15801.6545236917
-15801.6545106623
-15801.6545462368
-15801.6545211747
-15801.6545316262
-15801.6544917376
-15801.6545196636
-15801.6544823652
-15801.6545148898
-15801.6545031504
-15801.6545344633
-15801.6544437527
-15801.6545078069
-15801.6545417402
-15801.6545385901
-15801.6545420821
-15801.6545234309
-15801.6545124832
-15801.6545320807
-15801.6545241944
-15801.6545003140
-15801.6545340521
-15801.6545411116
-15801.6544902820
-15801.6545336231
-15801.6545319722
-15801.6545288072
-15801.6544981078
-15801.6545350444
-15801.6545194398
-15801.6545004460
-15801.6545481789
-15801.6545071472
-15801.6545342972
-15801.6545455658
-15801.6544896018
-15801.6545304638
-15801.6545325758
-15801.6545112623
-15801.6545457154
-15801.6545124393
-15801.6545372135
-15801.6545502614
-15801.6545453444
-15801.6545372155
-15801.6545208574
-15801.6545063731
-15801.6545255033
-15801.6545419525
-15801.6545492679
-15801.6545353452
-15801.6545248529
-15801.6545428720
-15801.6545507470
-15801.6545164347
-15801.6545251436
-15801.6544441557
-15801.6545139491
-15801.6545194716
-15801.6545435206
-15801.6544932986
-15801.6545545205
-15801.6544902613
-15801.6545408294
-15801.6545278339
-15801.6545023176
-15801.6545387872
-15801.6545175746
-15801.6545291564
-15801.6545310519
-15801.6545220019
-15801.6544967494
-15801.6545001686
-15801.6545097952
-15801.6545271758
-15801.6545142805
-15801.6545352574
-15801.6545414821
-15801.6545123818
-15801.6544436537
-15801.6545393404
-15801.6545257936
-15801.6544687769
-15801.6545348214
-15801.6545052620
-15801.6545433653
-15801.6545228417
-15801.6544664821
-15801.6544664843
-15801.6545245873
-15801.6544924105
-15801.6544538677
-15801.6545011414
-15801.6544977132
-15801.6544716643
-15801.6544738241
-15801.6545093036
-15801.6544758024
-15801.6545302900
-15801.6545342289
-15801.6545194071
-15801.6545161808
-15801.6545065903
-15801.6545248582
-15801.6544939150
-15801.6545128509
-15801.6544778779
-15801.6545163666
-15801.6545228340
-15801.6544656657
-15801.6544974934
-15801.6544977094
-15801.6545463358
-15801.6544606662
-15801.6545358186
-15801.6545573881
-15801.6545354872
-15801.6545269033
-15801.6545421296
-15801.6545386867
-15801.6544862292
-15801.6545199347
-15801.6544788703
-15801.6544882558
-15801.6545197163
-15801.6545090804
-15801.6545056070
-15801.6544964428
-15801.6544853630
-15801.6545078116
-15801.6545034109
-15801.6545596902
-15801.6545362719
-15801.6544856265
-15801.6545577353
-15801.6545412064
-15801.6544750830
-15801.6545325793
-15801.6545231406
-15801.6545438686
-15801.6544917142
-15801.6545461421
-15801.6545472784
-15801.6545285966
-15801.6544630572
-15801.6544720818
-15801.6545361440
-15801.6545198394
-15801.6545293484
-15801.6545098044
-15801.6545305901
-15801.6544527508
-15801.6545160275
-15801.6545293421
-15801.6544870021
-15801.6545034341
-15801.6545249032
-15801.6544915637
-15801.6545059486
-15801.6545344769
-15801.6544647338
-15801.6545261641
-15801.6545174050
-15801.6545247298
-15801.6545399846
-15801.6544985541
-15801.6545340784
-15801.6545131532
-15801.6545136355
-15801.6545002362
-15801.6545126156
-15801.6545430666
-15801.6545223835
-15801.6545373583
-15801.6544807570
-15801.6545215395
-15801.6545173937
-15801.6545391618
-15801.6544935715
-15801.6545468742
-15801.6544971917
-15801.6544965990
-15801.6545388519
-15801.6545200812
-15801.6545316805
-15801.6545078815
-15801.6544976549
-15801.6545238952
-15801.6545459130
-15801.6545541256
-15801.6545363090
-15801.6545061568
-15801.6545168471
-15801.6545476617
-15801.6545301098
-15801.6545107787
-15801.6544499898
-15801.6545292601
-15801.6544885367
-15801.6545286422
-15801.6544423157
-15801.6545084112
-15801.6544925056
-15801.6544909192
-15801.6545461460
-15801.6545012060
-15801.6545144321
-15801.6545136103
-15801.6545300843
-15801.6545006133
-15801.6545159911
-15801.6544883463
-15801.6545297968
-15801.6544908033
-15801.6545253755
-15801.6545285506
-15801.6545581489
-15801.6544898046
-15801.6545057293
-15801.6545296376
-15801.6545007391
-15801.6545215752
-15801.6545255960
-15801.6545443411
-15801.6545285721
-15801.6545227171
-15801.6544430703
-15801.6545232666
-15801.6544431853
-15801.6544911012
-15801.6545290849
-15801.6544921369
-15801.6544979206
-15801.6545272263
-15801.6544874811
-15801.6545211390
-15801.6544944228
-15801.6545117937
-15801.6544693113
-15801.6545342115
-15801.6545561267
-15801.6545264803
-15801.6545137273
-15801.6545251592
-15801.6545214489
-15801.6544966560
-15801.6544887417
-15801.6545173765
-15801.6544460168
-15801.6545299881
-15801.6545029254
-15801.6545085007
-15801.6545304001
-15801.6545093627
-15801.6545295141
-15801.6544907016
-15801.6544486280
-15801.6545351390
-15801.6545249612
-15801.6545300056
-15801.6545232957
-15801.6545214373
-15801.6545213345
-15801.6544982463
-15801.6545347353
-15801.6545104181
-15801.6544809119
-15801.6544445711
-15801.6544774856
-15801.6544795926
-15801.6545535034
-15801.6545222576
-15801.6545519836
-15801.6544848590
-15801.6545220185
-15801.6545528463
-15801.6545139833
-15801.6545425249
-15801.6544791987
-15801.6545015533
-15801.6545389214
-15801.6544836262
-15801.6545434436
-15801.6545213115
-15801.6545251487
-15801.6545316847
-15801.6545383293
-15801.6545376678
-15801.6544927525
-15801.6545252751
-15801.6545109129
-15801.6545181750
-15801.6545064735
-15801.6545472161
-15801.6545143058
-15801.6544893179
-15801.6545262157
-15801.6545129465
-15801.6545176282
-15801.6545292540
-15801.6545370693
-15801.6545375789
-15801.6544578115
-15801.6544987190
-15801.6545075172
-15801.6545030894
-15801.6545211029
-15801.6545349004
-15801.6545358771
-15801.6545357737
-15801.6544635270
-15801.6545522897
-15801.6544904684
-15801.6545121019
-15801.6544431149
-15801.6545054050
-15801.6545337746
-15801.6545243614
-15801.6545200205
-15801.6545243982
-15801.6545110309
-15801.6544561006
-15801.6545455149
-15801.6545173303
-15801.6544971752
-15801.6545432463
-15801.6545081720
-15801.6544443884
-15801.6545070619
-15801.6544887491
-15801.6545392594
-15801.6545076248
-15801.6544887239
-15801.6544937651
-15801.6545386162
-15801.6544668406
-15801.6545624904
-15801.6545205425
-15801.6545226759
-15801.6544887483
-15801.6545185720
-15801.6545058924
-15801.6545084210
-15801.6544734141
-15801.6545020469
-15801.6544874256
-15801.6544934606
-15801.6545464048
-15801.6545083288
-15801.6545048450
-15801.6545383985
-15801.6545417820
-15801.6544792078
-15801.6545312997
-15801.6545165940
-15801.6545100154
-15801.6545342405
-15801.6545263248
-15801.6544816805
-15801.6545103843
-15801.6545208260
-15801.6545443586
-15801.6545002614
-15801.6545163827
-15801.6545361811
-15801.6545316434
-15801.6545108358
-15801.6545104336
-15801.6544959834
-15801.6544517512
-15801.6544868284
-15801.6545136065
-15801.6545350490
-15801.6544701473
-15801.6544997945
-15801.6545549489
-15801.6545265921
-15801.6544428879
-15801.6545027796
-15801.6545323155
-15801.6544721890
-15801.6545389365
-15801.6545396749
-15801.6545177982
-15801.6545240105
-15801.6545100972
-15801.6545375763
-15801.6545092678
-15801.6545535899
-15801.6544914339
-15801.6544610750
-15801.6545269010
-15801.6545102478
-15801.6544967449
-15801.6545569347
-15801.6545313005
-15801.6544701750
-15801.6544722555
-15801.6545302189
-15801.6544622186
-15801.6545401796
-15801.6545226347
-15801.6545054336
-15801.6545288810
-15801.6545076450
-15801.6545070295
-15801.6544911888
-15801.6545325258
-15801.6545504792
-15801.6544679780
-15801.6545309334
-15801.6544835771
-15801.6544812958
-15801.6544712742
-15801.6545369049
-15801.6544997384
-15801.6545031680
-15801.6544967634
-15801.6545126543
-15801.6545161282
-15801.6545220636
-15801.6545057779
-15801.6544920666
-15801.6545356294
-15801.6545163342
-15801.6544792580
-15801.6544845764
-15801.6545524470
-15801.6545009920
-15801.6545585152
-15801.6544771995
-15801.6545195924
-15801.6545237825
-15801.6545392719
-15801.6545183009
-15801.6544738682
-15801.6544393511
-15801.6545406633
-15801.6545363637
-15801.6545581026
-15801.6545051721
-15801.6544880168
-15801.6545165970
-15801.6545438644
-15801.6544435887
-15801.6545228453
-15801.6545107153
-15801.6544678388
-15801.6545370771
-15801.6545273030
-15801.6545352530
-15801.6544889968
-15801.6544963439
-15801.6545362265
-15801.6544502240
-15801.6544990782
-15801.6545369099
-15801.6544845533
-15801.6544576177
-15801.6545304270
-15801.6545269212
-15801.6545321032
-15801.6545505730
-15801.6544854490
-15801.6544575588
-15801.6544972308
-15801.6545212470
-15801.6544807088
-15801.6545152314
-15801.6545141185
-15801.6545405092
-15801.6545087068
-15801.6545432835
-15801.6545436557
-15801.6545405369
-15801.6545182431
-15801.6545356919
-15801.6544909007
-15801.6545451064
-15801.6545429817
-15801.6545212673
-15801.6545501526
-15801.6544949506
-15801.6545221385
-15801.6544899898
-15801.6545071226
-15801.6545347143
-15801.6545212524
-15801.6545236712
-15801.6545318512
-15801.6544424202
-15801.6544954532
-15801.6544856936
-15801.6544877809
-15801.6545380317
-15801.6544794023
-15801.6545031103
-15801.6544802882
-15801.6545028481
-15801.6545040435
-15801.6545272465
-15801.6545437373
-15801.6544991814
-15801.6544869926
-15801.6545118380
-15801.6545168093
-15801.6545111216
-15801.6545600593
-15801.6545379956
-15801.6545039129
-15801.6545105580
-15801.6545195271
-15801.6545044039
-15801.6545255103
-15801.6545417269
-15801.6545166622
-15801.6544385624
-15801.6545187762
-15801.6545282200
-15801.6544614005
-15801.6545151770
-15801.6545081592
-15801.6545347840
-15801.6545246171
-15801.6545179165
-15801.6545440374
-15801.6545549347
-15801.6545412058
-15801.6545212555
-15801.6545150968
-15801.6545257116
-15801.6545426305
-15801.6544906700
-15801.6545292157
-15801.6544955476
-15801.6545184934
-15801.6544760130
-15801.6545162583
-15801.6545153069
-15801.6544844346
-15801.6544963761
-15801.6545340361
-15801.6544770297
-15801.6544641615
-15801.6545256279
-15801.6545093764
-15801.6545502054
-15801.6545152452
-15801.6545133602
-15801.6545136257
-15801.6545209591
-15801.6545216826
-15801.6545229964
-15801.6545156779
-15801.6545158701
-15801.6545350832
-15801.6545406296
-15801.6545674064
-15801.6545276808
-15801.6545026666
-15801.6544961105
-15801.6545453224
-15801.6545307218
-15801.6544507401
-15801.6545383535
-15801.6544916487
-15801.6545557762
-15801.6545098139
-15801.6545376343
-15801.6545239783
-15801.6545231036
-15801.6545215317
-15801.6545465527
-15801.6545119137
-15801.6545067095
-15801.6545231330
-15801.6544967962
-15801.6545026560
-15801.6545079718
-15801.6545437805
-15801.6544737068
-15801.6545129533
-15801.6544992246
-15801.6545290556
-15801.6545410309
-15801.6545243330
-15801.6544796216
-15801.6545380323
-15801.6545265680
-15801.6545132539
-15801.6545304613
-15801.6545093579
-15801.6545045549
-15801.6545349634
-15801.6545054942
-15801.6545155574
-15801.6545438666
-15801.6545184170
-15801.6545493469
-15801.6545303749
-15801.6544915596
-15801.6545154762
-15801.6545392558
-15801.6545134619
-15801.6544824168
-15801.6545424382
-15801.6545073779
-15801.6545122137
-15801.6545479277
-15801.6545329446
-15801.6545117424
-15801.6545258815
-15801.6545362179
-15801.6545493425
-15801.6545020037
-15801.6544810615
-15801.6544914488
-15801.6544620840
-15801.6545570078
-15801.6544750359
-15801.6545160315
-15801.6545044959
-15801.6545523358
-15801.6545057583
-15801.6545214201
-15801.6544857606
-15801.6545293730
-15801.6544837714
-15801.6544948204
-15801.6545187482
-15801.6545273807
-15801.6545224783
-15801.6545096430
-15801.6545299158
-15801.6545344250
-15801.6545266229
-15801.6545160730
-15801.6544941679
-15801.6545182678
-15801.6545408375
-15801.6544923496
-15801.6545090663
-15801.6545434641
-15801.6544850878
-15801.6545376036
-15801.6545364998
-15801.6544875019
-15801.6544422900
-15801.6545119642
-15801.6545175557
-15801.6544715933
-15801.6544425600
-15801.6545383621
-15801.6544942909
-15801.6544505104
-15801.6545224967
-15801.6545088708
-15801.6545151244
-15801.6544939109
-15801.6545337123
-15801.6545562154
-15801.6544815533
-15801.6545402548
-15801.6545399745
-15801.6544999871
-15801.6545252998
-15801.6545110874
-15801.6545121831
-15801.6544979264
-15801.6545213052
-15801.6545051720
-15801.6545354429
-15801.6545005300
-15801.6544686944
-15801.6545372515
-15801.6545238832
-15801.6545258015
-15801.6544872883
-15801.6545145239
-15801.6545428675
-15801.6545324746
-15801.6545235040
-15801.6545381364
-15801.6545102717
-15801.6544423554
-15801.6545163749
-15801.6545039988
-15801.6545198513
-15801.6545329318
-15801.6544886926
-15801.6545282834
-15801.6545377638
-15801.6545125762
-15801.6545291070
-15801.6545321412
-15801.6545257145
-15801.6545002134
-15801.6545503695
-15801.6545002393
-15801.6545203814
-15801.6545117222
-15801.6544420649
-15801.6544861169
-15801.6545486739
-15801.6544882794
-15801.6545139984
-15801.6545556473
-15801.6545271981
-15801.6544996328
-15801.6544899625
-15801.6545304479
-15801.6545227172
-15801.6544882749
-15801.6545266012
-15801.6545252167
-15801.6545239470
-15801.6545389791
-15801.6545024627
-15801.6545258379
-15801.6545001525
-15801.6544436016
-15801.6545280845
-15801.6544992651
-15801.6545056497
-15801.6545165074
-15801.6544898799
-15801.6545396615
-15801.6545298033
-15801.6545062110
-15801.6545035104
-15801.6545306743
-15801.6544855638
-15801.6545465601
-15801.6545443042
-15801.6545291291
-15801.6544814516
-15801.6544965678
-15801.6545305664
-15801.6544958782
-15801.6545348723
-15801.6545294100
-15801.6545151856
-15801.6544797426
-15801.6544521310
-15801.6545001670
-15801.6544993285
-15801.6545225639
-15801.6545375378
-15801.6545199175
-15801.6545117281
-15801.6545179416
-15801.6544835545
-15801.6545149853
-15801.6545107200
-15801.6544428376
-15801.6545119612
-15801.6545203083
-15801.6545345273
-15801.6545200801
-15801.6545360666
-15801.6544684881
-15801.6544828251
-15801.6545481734
-15801.6545136434
-15801.6545380669
-15801.6545311374
-15801.6545393635
-15801.6544850141
-15801.6545341910
-15801.6545212805
-15801.6545299623
-15801.6545286280
-15801.6545421979
-15801.6544718213
-15801.6545283745
-15801.6544995822
-15801.6545310106
-15801.6545223844
-15801.6545021970
-15801.6544939609
-15801.6545034546
-15801.6544352622
-15801.6545167724
-15801.6545201023
-15801.6545445119
-15801.6545021714
-15801.6545218493
-15801.6544427526
-15801.6545506689
-15801.6544896814
-15801.6544902127
-15801.6544999747
-15801.6545385636
-15801.6545212464
-15801.6545206099
-15801.6544899780
-15801.6545235735
-15801.6544913719
-15801.6545004722
-15801.6545544447
-15801.6545314824
-15801.6545323453
-15801.6545198234
-15801.6545314480
-15801.6545076402
-15801.6545107544
-15801.6544928468
-15801.6545460176
-15801.6545270971
-15801.6545376382
-15801.6544858763
-15801.6545094920
-15801.6545149473
-15801.6545219203
-15801.6545452938
-15801.6545164905
-15801.6544472553
-15801.6545151644
-15801.6544925511
-15801.6545078130
-15801.6544431022
-15801.6545174353
-15801.6545231207
-15801.6545087613
-15801.6545376864
-15801.6545116598
-15801.6545301534
-15801.6545549470
-15801.6545229396
-15801.6545123554
-15801.6545414368
-15801.6544975088
-15801.6545236526
-15801.6545285626
-15801.6545434631
-15801.6545367540
-15801.6545366997
-15801.6545265183
-15801.6545053142
-15801.6545049422
-15801.6544432207
-15801.6544833398
-15801.6545080364
-15801.6545298844
-15801.6545172029
-15801.6545629729
-15801.6545140024
-15801.6545054741
-15801.6545287157
-15801.6545205926
-15801.6545440744
-15801.6544808375
-15801.6544781609
-15801.6545303399
-15801.6545217706
-15801.6545237851
-15801.6544887181
-15801.6545307565
-15801.6544898213
-15801.6545056442
-15801.6545435016
-15801.6545240733
-15801.6545367401
-15801.6545270222
-15801.6545351877
-15801.6545061757
-15801.6545098282
-15801.6545460112
-15801.6545363289
-15801.6545346797
-15801.6545392287
-15801.6544574199
-15801.6545392069
-15801.6544956030
-15801.6545550422
-15801.6545095929
-15801.6545370309
-15801.6545313248
-15801.6544500363
-15801.6545302061
-15801.6545140512
-15801.6544866413
-15801.6544812738
-15801.6545221147
-15801.6545282001
-15801.6544987848
-15801.6545415249
-15801.6545112190
-15801.6545297880
-15801.6545129492
-15801.6544345635
-15801.6544927167
-15801.6545157445
-15801.6544926723
-15801.6545490712
-15801.6545170010
-15801.6545214107
-15801.6544819103
-15801.6545035078
-15801.6545252628
-15801.6544842580
-15801.6545133026
-15801.6544829745
-15801.6545115333
-15801.6545053438
-15801.6544734265
-15801.6545164763
-15801.6545186799
-15801.6545290804
-15801.6545311839
-15801.6544432138
-15801.6545312616
-15801.6545022497
-15801.6545573335
-15801.6545239070
-15801.6545328981
-15801.6545592640
-15801.6545082788
-15801.6544428556
-15801.6545132832
-15801.6544999009
-15801.6544886718
-15801.6545136298
-15801.6545236374
-15801.6545212469
-15801.6545328242
-15801.6545220669
-15801.6545095873
-15801.6545446353
-15801.6545210297
-15801.6545078325
-15801.6545181619
-15801.6545152821
-15801.6544939379
-15801.6545467581
-15801.6544931087
-15801.6545186336
-15801.6544667554
-15801.6545045358
-15801.6544916469
-15801.6544456927
-15801.6545490080
-15801.6544817454
-15801.6545167732
-15801.6545087292
-15801.6545238485
-15801.6545211497
-15801.6545170918
-15801.6544973104
-15801.6545043648
-15801.6545291225
-15801.6545200131
-15801.6545248903
-15801.6545109783
-15801.6545283790
-15801.6545016256
-15801.6545191458
-15801.6544856829
-15801.6545338298
-15801.6545187740
-15801.6544991029
-15801.6545028860
-15801.6545219536
-15801.6544888485
-15801.6545020454
-15801.6545263171
-15801.6545331921
-15801.6544752911
-15801.6545480763
-15801.6544893299
-15801.6545166270
-15801.6544922919
-15801.6545153233
-15801.6545267200
-15801.6544996251
-15801.6544813387
-15801.6545001732
-15801.6545337636
-15801.6544432467
-15801.6545307911
-15801.6544940432
-15801.6545162915
-15801.6544666963
-15801.6545475884
-15801.6545509589
-15801.6544936283
-15801.6545154148
-15801.6544946890
-15801.6545157890
-15801.6545149418
-15801.6545427246
-15801.6544981355
-15801.6545340260
-15801.6545030049
-15801.6545243125
-15801.6545531883
-15801.6545229006
-15801.6545324751
-15801.6545453042
-15801.6545099731
-15801.6545193533
-15801.6545569692
-15801.6545440067
-15801.6545194684
-15801.6545324091
-15801.6545323754
-15801.6545127914
-15801.6545290322
-15801.6545236679
-15801.6545106199
-15801.6545240264
-15801.6544937180
-15801.6545001318
-15801.6544975925
-15801.6545097553
-15801.6545267561
-15801.6545215653
-15801.6545369096
-15801.6544946128
-15801.6545004047
-15801.6545023697
-15801.6544434487
-15801.6545124792
-15801.6545301682
-15801.6544835043
-15801.6544963882
-15801.6545545453
-15801.6545107875
-15801.6545169568
-15801.6545201000
-15801.6545139220
-15801.6544935955
-15801.6545236036
-15801.6545079678
-15801.6545416421
-15801.6545125134
-15801.6545459040
-15801.6545141708
-15801.6545325362
-15801.6545113735
-15801.6544985614
-15801.6545257792
-15801.6545308050
-15801.6544917801
-15801.6544420216
-15801.6545248753
-15801.6545242549
-15801.6544829323
-15801.6545018996
-15801.6545104613
-15801.6544452436
-15801.6544744346
-15801.6545228128
-15801.6545292198
-15801.6544749216
-15801.6545422327
-15801.6545154931
-15801.6544936189
-15801.6544945920
-15801.6545326366
-15801.6545180965
-15801.6545071144
-15801.6545351841
-15801.6544422738
-15801.6545457837
-15801.6545144611
-15801.6545158245
-15801.6545531072
-15801.6545256220
-15801.6545482960
-15801.6544592924
-15801.6544758951
-15801.6545091694
-15801.6545302234
-15801.6545172561
-15801.6545194931
-15801.6545047455
-15801.6545164263
-15801.6545097004
-15801.6544985253
-15801.6545106140
-15801.6545346199
-15801.6545419686
-15801.6545295799
-15801.6545099157
-15801.6545331255
-15801.6545375836
-15801.6545286123
-15801.6544908162
-15801.6545360536
-15801.6544793873
-15801.6545275886
-15801.6544738628
-15801.6545304991
-15801.6545247355
-15801.6545218474
-15801.6545187861
-15801.6544959975
-15801.6544977701
-15801.6544991372
-15801.6545068308
-15801.6544665644
-15801.6545140045
-15801.6544737669
-15801.6545286577
-15801.6545052280
-15801.6545340962
-15801.6545113576
-15801.6545361084
-15801.6545466700
-15801.6545415698
-15801.6545133727
-15801.6545438526
-15801.6544925707
-15801.6545247446
-15801.6544608377
-15801.6544772507
-15801.6544944410
-15801.6545512102
-15801.6545126760
-15801.6545102475
-15801.6545282408
-15801.6545429443
-15801.6545221221
-15801.6544985696
-15801.6545183787
-15801.6545328597
-15801.6545377247
-15801.6545409092
-15801.6545078391
-15801.6545128461
-15801.6544920402
-15801.6545375196
-15801.6545317394
-15801.6545439639
-15801.6545274797
-15801.6545021103
-15801.6545126306
-15801.6544757735
-15801.6544433696
-15801.6544940914
-15801.6545191913
-15801.6545469942
-15801.6545303793
-15801.6544954468
-15801.6544911343
-15801.6544812657
-15801.6545316141
-15801.6545043246
-15801.6545229699
-15801.6545093709
-15801.6545205161
-15801.6545303745
-15801.6545125668
-15801.6545481722
-15801.6545156133
-15801.6545111346
-15801.6544856576
-15801.6545377392
-15801.6544930280
-15801.6545525186
-15801.6545379289
-15801.6545275631
-15801.6544996938
-15801.6545043307
-15801.6545069670
-15801.6544802881
-15801.6544706961
-15801.6544434153
-15801.6545207805
-15801.6544918209
-15801.6544417079
-15801.6545621174
-15801.6544682934
-15801.6544429591
-15801.6545200654
-15801.6544731898
-15801.6545502512
-15801.6545095508
-15801.6545304506
-15801.6544706839
-15801.6545273870
-15801.6544955587
-15801.6545092791
-15801.6545232159
-15801.6545153302
-15801.6544964287
-15801.6545370234
-15801.6544918538
-15801.6545125236
-15801.6544735012
-15801.6544702337
-15801.6545285209
-15801.6544726818
-15801.6545162734
-15801.6545408650
-15801.6545204567
-15801.6545147389
-15801.6545095846
-15801.6545334946
-15801.6544997473
-15801.6544847750
-15801.6545195940
-15801.6545163430
-15801.6545349441
-15801.6545267447
-15801.6544431724
-15801.6545587191
-15801.6545408399
-15801.6545356926
-15801.6544607509
-15801.6545117835
-15801.6545267045
-15801.6544760916
-15801.6544950312
-15801.6545355481
-15801.6544812072
-15801.6545116019
-15801.6545175536
-15801.6544813260
-15801.6545117942
-15801.6545365198
-15801.6544793307
-15801.6544673967
-15801.6545282308
-15801.6545218528
-15801.6544438539
-15801.6545447597
-15801.6545174943
-15801.6545255319
-15801.6544838327
-15801.6545192741
-15801.6545046249
-15801.6545230181
-15801.6544735396
-15801.6544762557
-15801.6544548627
-15801.6544807981
-15801.6544819585
-15801.6544944561
-15801.6545094077
-15801.6545089638
-15801.6545217114
-15801.6544989296
-15801.6545501053
-15801.6545079196
-15801.6545020486
-15801.6545165388
-15801.6544372269
-15801.6545254703
-15801.6545341317
-15801.6544441389
-15801.6545262100
-15801.6545394935
-15801.6544434816
-15801.6545330153
-15801.6545115930
-15801.6545068903
-15801.6544937847
-15801.6545313855
-15801.6545185698
-15801.6545154700
-15801.6545139644
-15801.6544823332
-15801.6545030962
-15801.6545050292
-15801.6544953718
-15801.6545313534
-15801.6544426107
-15801.6545396706
-15801.6544906396
-15801.6545358154
-15801.6544983923
-15801.6545193208
-15801.6545232515
-15801.6545297461
-15801.6545126677
-15801.6545362344
-15801.6545151588
-15801.6545329921
-15801.6544953196
-15801.6545475106
-15801.6545379320
-15801.6545347185
-15801.6545313825
-15801.6545315472
-15801.6544991116
-15801.6545026323
-15801.6545028622
-15801.6545464964
-15801.6544689770
-15801.6545274426
-15801.6545233907
-15801.6544855849
-15801.6544820998
-15801.6545288224
-15801.6544513965
-15801.6544748725
-15801.6544691443
-15801.6544717313
-15801.6545282861
-15801.6545079837
-15801.6545480948
-15801.6545258071
-15801.6545064158
-15801.6545363028
-15801.6545529554
-15801.6545399194
-15801.6545078163
-15801.6545357476
-15801.6545212527
-15801.6545005072
-15801.6544857294
-15801.6545248939
-15801.6545142405
-15801.6545288189
-15801.6545025778
-15801.6544782635
-15801.6545154975
-15801.6545121318
-15801.6545394906
-15801.6545100772
-15801.6545033906
-15801.6545132300
-15801.6545317494
-15801.6544571979
-15801.6545146251
-15801.6545553987
-15801.6545327867
-15801.6545451848
-15801.6545448428
-15801.6544779634
-15801.6545419472
-15801.6545436318
-15801.6545442074
-15801.6545180590
-15801.6544900104
-15801.6544562462
-15801.6544967072
-15801.6545053806
-15801.6544899610
-15801.6544990733
-15801.6545136996
-15801.6545252666
-15801.6545305865
-15801.6545359065
-15801.6545211768
-15801.6544871503
-15801.6545253243
-15801.6544894796
-15801.6545196566
-15801.6545345839
-15801.6545087435
-15801.6545094957
-15801.6545295320
-15801.6544943790
-15801.6545046478
-15801.6544929900
-15801.6545450057
-15801.6545261382
-15801.6545074911
-15801.6545013179
-15801.6544895114
-15801.6545163039
-15801.6544832747
-15801.6545235583
-15801.6545172355
-15801.6545577057
-15801.6545399438
-15801.6544772933
-15801.6544971525
-15801.6544987426
-15801.6545557039
-15801.6544838692
-15801.6545522103
-15801.6544820371
-15801.6545288334
-15801.6545508290
-15801.6545121406
-15801.6545475698
-15801.6545088592
-15801.6545116212
-15801.6545268020
-15801.6545134245
-15801.6545225470
-15801.6545192145
-15801.6545124964
-15801.6545360557
-15801.6544887245
-15801.6545232502
-15801.6544905633
-15801.6545170144
-15801.6544980152
-15801.6545310722
-15801.6545300613
-15801.6545464873
-15801.6545146237
-15801.6545405507
-15801.6545358699
-15801.6545437289
-15801.6544879779
-15801.6545397417
-15801.6544773861
-15801.6545077527
-15801.6545008440
-15801.6545212535
-15801.6545089491
-15801.6545299764
-15801.6544683103
-15801.6544998080
-15801.6545372706
-15801.6544740179
-15801.6545397172
-15801.6544979323
-15801.6545180221
-15801.6545321125
-15801.6544851925
-15801.6545006537
-15801.6545145151
-15801.6545297800
-15801.6545139977
-15801.6544566345
-15801.6545341851
-15801.6545148411
-15801.6544778254
-15801.6544984300
-15801.6544338997
-15801.6545298028
-15801.6544918959
-15801.6544938864
-15801.6545102381
-15801.6544937094
-15801.6544428298
-15801.6545160959
-15801.6544854057
-15801.6544937880
-15801.6544991671
-15801.6544428201
-15801.6545192701
-15801.6545373818
-15801.6545236601
-15801.6544697111
-15801.6545293371
-15801.6544701465
-15801.6545015875
-15801.6545257984
-15801.6545321597
-15801.6545390897
-15801.6544738400
-15801.6545274968
-15801.6545192533
-15801.6545356829
-15801.6545269115
-15801.6545387511
-15801.6545313127
-15801.6544783504
-15801.6545531951
-15801.6545015302
-15801.6544743078
-15801.6545160855
-15801.6545262736
-15801.6545081726
-15801.6545621276
-15801.6545365099
-15801.6545164454
-15801.6545559613
-15801.6545057302
-15801.6545294970
-15801.6545210440
-15801.6545051841
-15801.6545272055
-15801.6544993234
-15801.6545214967
-15801.6545174481
-15801.6545273788
-15801.6544823698
-15801.6544957056
-15801.6545161216
-15801.6544791883
-15801.6544765351
-15801.6545278923
-15801.6544807920
-15801.6544822693
-15801.6545108091
-15801.6544972204
-15801.6544676211
-15801.6545322228
-15801.6545337564
-15801.6545268321
-15801.6544869355
-15801.6545303331
-15801.6545252115
-15801.6545247039
-15801.6544937314
-15801.6544928903
-15801.6545188749
-15801.6545404653
-15801.6545233513
-15801.6545452920
-15801.6545031001
-15801.6545501375
-15801.6545328569
-15801.6544635381
-15801.6544985889
-15801.6544583701
-15801.6544437462
-15801.6545162464
-15801.6545191749
-15801.6545320478
-15801.6544972017
-15801.6545269691
-15801.6545111953
-15801.6545131232
-15801.6545421555
-15801.6544912411
-15801.6545112990
-15801.6545126438
-15801.6545173382
-15801.6545078140
-15801.6544713383
-15801.6545404185
-15801.6544847816
-15801.6545206901
-15801.6545257854
-15801.6545066118
-15801.6545277367
-15801.6545178165
-15801.6545144356
-15801.6545332473
-15801.6544790238
-15801.6544858422
-15801.6545289928
-15801.6544998008
-15801.6545271125
-15801.6545100601
-15801.6544929008
-15801.6545309798
-15801.6545297690
-15801.6544950782
-15801.6545010245
-15801.6545471243
-15801.6545011370
-15801.6544429500
-15801.6545287593
-15801.6544778102
-15801.6544939568
-15801.6545095712
-15801.6544846084
-15801.6545389235
-15801.6545154817
-15801.6545100731
-15801.6545047934
-15801.6545074674
-15801.6544725616
-15801.6545157738
-15801.6545286281
-15801.6545437155
-15801.6545135787
-15801.6545341115
-15801.6544520744
-15801.6545297248
-15801.6545373125
-15801.6545069564
-15801.6544456230
-15801.6545414387
-15801.6545175307
-15801.6544956983
-15801.6544919051
-15801.6545179169
-15801.6545178278
-15801.6545286585
-15801.6544997521
-15801.6544811848
-15801.6545161757
-15801.6545069348
-15801.6544854762
-15801.6545474818
-15801.6545225686
-15801.6545048652
-15801.6544934087
-15801.6545505264
-15801.6545228740
-15801.6545511808
-15801.6545264296
-15801.6545065186
-15801.6545076531
-15801.6545186458
-15801.6545129049
-15801.6545308532
-15801.6544903481
-15801.6545287342
-15801.6545535053
-15801.6545117682
-15801.6545163380
-15801.6545300679
-15801.6545176884
-15801.6545019370
-15801.6544978817
-15801.6545274835
-15801.6545285060
-15801.6545248967
-15801.6545396893
-15801.6545129713
-15801.6544937684
-15801.6545142327
-15801.6544999096
-15801.6544790308
-15801.6545453043
-15801.6545207266
-15801.6544970913
-15801.6545474433
-15801.6545516958
-15801.6545043189
-15801.6545473681
-15801.6545206669
-15801.6545283582
-15801.6545067600
-15801.6545347735
-15801.6545329082
-15801.6545096417
-15801.6544761048
-15801.6545070563
-15801.6545072809
-15801.6545065821
-15801.6545471609
-15801.6545372743
-15801.6545407359
-15801.6544769428
-15801.6545395953
-15801.6544922758
-15801.6545029199
-15801.6544887656
-15801.6544709081
-15801.6545132812
-15801.6544910219
-15801.6544943771
-15801.6545384828
-15801.6544929806
-15801.6545086151
-15801.6544741901
-15801.6545025934
-15801.6545285549
-15801.6545294983
-15801.6544842313
-15801.6544569010
-15801.6545240914
-15801.6545151203
-15801.6545248253
-15801.6545282881
-15801.6545085426
-15801.6545543658
-15801.6545193206
-15801.6544436868
-15801.6544966795
-15801.6545130449
-15801.6545413702
-15801.6545161247
-15801.6545340515
-15801.6545016506
-15801.6545225230
-15801.6544905467
-15801.6545345437
-15801.6545411891
-15801.6544799702
-15801.6544988390
-15801.6544631996
-15801.6544878498
-15801.6545031249
-15801.6545268326
-15801.6544802598
-15801.6545411617
-15801.6544928916
-15801.6545086296
-15801.6545461374
-15801.6545007033
-15801.6545486619
-15801.6545030929
-15801.6545360000
-15801.6545341592
-15801.6545237255
-15801.6545057989
-15801.6545250505
-15801.6545338329
-15801.6545516117
-15801.6545032103
-15801.6544938351
-15801.6545161446
-15801.6545493462
-15801.6544519620
-15801.6545264576
-15801.6545052029
-15801.6545221960
-15801.6545064648
-15801.6545082012
-15801.6545282808
-15801.6545374137
-15801.6544805142
-15801.6545437830
-15801.6545250544
-15801.6545191405
-15801.6545344999
-15801.6544937996
-15801.6545038291
-15801.6545140781
-15801.6545373067
-15801.6545321402
-15801.6544552135
-15801.6545311139
-15801.6545108319
-15801.6545344940
-15801.6545041798
-15801.6544837831
-15801.6545293301
-15801.6545032517
-15801.6544986675
-15801.6544643368
-15801.6545574898
-15801.6544707582
-15801.6544936126
-15801.6545246806
-15801.6545124472
-15801.6544422820
-15801.6545181571
-15801.6544895788
-15801.6545277970
-15801.6544755786
-15801.6545301795
-15801.6545113903
-15801.6545018363
-15801.6545268709
-15801.6545107208
-15801.6545247042
-15801.6544431041
-15801.6545120107
-15801.6544541012
-15801.6544987388
-15801.6544861135
-15801.6544765415
-15801.6545231229
-15801.6545056498
-15801.6545397820
-15801.6545543785
-15801.6545138452
-15801.6544983301
-15801.6545370659
-15801.6545214054
-15801.6545328168
-15801.6545574494
-15801.6545405272
-15801.6545416909
-15801.6545352160
-15801.6545454245
-15801.6544728600
-15801.6545225899
-15801.6545280256
-15801.6545331601
-15801.6545201224
-15801.6545407075
-15801.6545107284
-15801.6545360646
-15801.6545291685
-15801.6544825887
-15801.6545134932
-15801.6545504445
-15801.6545196324
-15801.6544728213
-15801.6545128947
-15801.6545152132
-15801.6544985002
-15801.6544925262
-15801.6545114675
-15801.6545369494
-15801.6544436649
-15801.6545031853
-15801.6545121071
-15801.6545473187
-15801.6545327419
-15801.6545007036
-15801.6545194749
-15801.6544983620
-15801.6545263629
-15801.6545308477
-15801.6545347960
-15801.6545401620
-15801.6544980912
-15801.6544923563
-15801.6545141339
-15801.6545252643
-15801.6544933899
-15801.6545448033
-15801.6545391020
-15801.6545001895
-15801.6544881502
-15801.6545012683
-15801.6544906269
-15801.6545218810
-15801.6544746486
-15801.6544985860
-15801.6544703493
-15801.6544976598
-15801.6545332953
-15801.6545003670
-15801.6545191242
-15801.6545083611
-15801.6545297449
-15801.6545049125
-15801.6545075416
-15801.6545232274
-15801.6544892447
-15801.6545443363
-15801.6544911069
-15801.6545201893
-15801.6544742106
-15801.6545152720
-15801.6545631914
-15801.6545359700
-15801.6545250329
-15801.6545409576
-15801.6545240096
-15801.6545351250
-15801.6545404241
-15801.6545003087
-15801.6545136035
-15801.6545092918
-15801.6545266994
-15801.6545066717
-15801.6545456308
-15801.6545053066
-15801.6545453099
-15801.6545236329
-15801.6545202584
-15801.6545298932
-15801.6545042782
-15801.6545285667
-15801.6545320622
-15801.6545084124
-15801.6545226413
-15801.6545276439
-15801.6545012479
-15801.6545376770
-15801.6544433135
-15801.6544757656
-15801.6545380666
-15801.6545219343
-15801.6545189720
-15801.6545096777
-15801.6545199684
-15801.6545239593
-15801.6545211353
-15801.6545320927
-15801.6545329571
-15801.6545000648
-15801.6545045616
-15801.6545150161
-15801.6544448206
-15801.6545329859
-15801.6544884347
-15801.6544980262
-15801.6545095124
-15801.6545271643
-15801.6544905280
-15801.6545057802
-15801.6545319006
-15801.6545381959
-15801.6545168891
-15801.6545290662
-15801.6545294041
-15801.6544799434
-15801.6545399742
-15801.6545295795
-15801.6545222173
-15801.6545158296
-15801.6545320620
-15801.6544721691
-15801.6545097358
-15801.6545120707
-15801.6545628496
-15801.6545453536
-15801.6545292875
-15801.6544973893
-15801.6545385503
-15801.6545268896
-15801.6545350435
-15801.6545218991
-15801.6544541359
-15801.6544879419
-15801.6545223938
-15801.6545148688
-15801.6544942612
-15801.6545441750
-15801.6544899360
-15801.6544955717
-15801.6545220138
-15801.6545308686
-15801.6545101103
-15801.6545233895
-15801.6545230560
-15801.6545155876
-15801.6545195363
-15801.6545096324
-15801.6545178848
-15801.6545002188
-15801.6545008450
-15801.6545460956
-15801.6545127321
-15801.6544803746
-15801.6545107492
-15801.6544991485
-15801.6545301948
-15801.6545418728
-15801.6545384180
-15801.6545288149
-15801.6544686600
-15801.6545458429
-15801.6545400647
-15801.6545192202
-15801.6545593276
-15801.6544763685
-15801.6545380544
-15801.6545138987
-15801.6544658957
-15801.6545187068
-15801.6545310109
-15801.6545109249
-15801.6545130170
-15801.6544979932
-15801.6544851363
-15801.6545373615
-15801.6545088107
-15801.6544989131
-15801.6545488705
-15801.6545343179
-15801.6545205843
-15801.6545058549
-15801.6545384879
-15801.6545470984
-15801.6545279696
-15801.6545345366
-15801.6545244667
-15801.6545418994
-15801.6545185153
-15801.6544742899
-15801.6545129534
-15801.6545065935
-15801.6545308522
-15801.6544847096
-15801.6545366414
-15801.6545116785
-15801.6545147872
-15801.6544855539
-15801.6545315298
-15801.6544612585
-15801.6545148983
-15801.6545170488
-15801.6545051586
-15801.6545468204
-15801.6545161912
-15801.6545068761
-15801.6545363896
-15801.6544893240
-15801.6545218008
-15801.6545395259
-15801.6544803399
-15801.6545491706
-15801.6544889383
-15801.6545015184
-15801.6545134445
-15801.6545324924
-15801.6545018054
-15801.6544778886
-15801.6545260750
-15801.6544934193
-15801.6545333936
-15801.6545543775
-15801.6545521180
-15801.6545320713
-15801.6545286872
-15801.6544984773
-15801.6544644802
-15801.6545444442
-15801.6545182532
-15801.6545234045
-15801.6545376784
-15801.6545073223
-15801.6545525204
-15801.6544700185
-15801.6545089469
-15801.6544892164
-15801.6545326392
-15801.6545073520
-15801.6545128308
-15801.6545361204
-15801.6545312853
-15801.6545029756
-15801.6544641145
-15801.6545212526
-15801.6545240865
-15801.6545554918
-15801.6545613766
-15801.6544926714
-15801.6544977697
-15801.6545405882
-15801.6545183385
-15801.6545058957
-15801.6545074018
-15801.6545336738
-15801.6545323615
-15801.6545311024
-15801.6544620613
-15801.6544644846
-15801.6545377204
-15801.6545142969
-15801.6545005430
-15801.6545095252
-15801.6544945908
-15801.6545151065
-15801.6545068802
-15801.6545134422
-15801.6545286003
-15801.6545278178
-15801.6544878164
-15801.6545157397
-15801.6545376704
-15801.6545021757
-15801.6545250235
-15801.6545098450
-15801.6545193192
-15801.6545347368
-15801.6545205783
-15801.6544433596
-15801.6545235654
-15801.6544993472
-15801.6545227332
-15801.6545243904
-15801.6545352907
-15801.6545203696
-15801.6544945410
-15801.6544946597
-15801.6545373624
-15801.6545122994
-15801.6545030583
-15801.6545058786
-15801.6545049698
-15801.6545149045
-15801.6545518156
-15801.6544816542
-15801.6544998901
-15801.6545235269
-15801.6545176840
-15801.6544723928
-15801.6545213406
-15801.6544956680
-15801.6544988862
-15801.6545288292
-15801.6545394422
-15801.6545050331
-15801.6545351938
-15801.6544419369
-15801.6545163003
-15801.6545351686
-15801.6545073669
-15801.6544588047
-15801.6545083399
-15801.6544431446
-15801.6545166544
-15801.6545278119
-15801.6544976014
-15801.6544806411
-15801.6545040897
-15801.6545290846
-15801.6545485358
-15801.6544974383
-15801.6545240405
-15801.6545172819
-15801.6544439407
-15801.6545579094
-15801.6545146429
-15801.6545388550
-15801.6544982645
-15801.6545330035
-15801.6545146749
-15801.6544936952
-15801.6545164629
-15801.6545071020
-15801.6545177240
-15801.6545152674
-15801.6545569082
-15801.6545197900
-15801.6544973209
-15801.6544934711
-15801.6545167925
-15801.6545098122
-15801.6545177726
-15801.6545113508
-15801.6544725271
-15801.6544887757
-15801.6545053391
-15801.6545060263
-15801.6545343763
-15801.6545256431
-15801.6544693900
-15801.6545002254
-15801.6545107086
-15801.6545408317
-15801.6544836197
-15801.6545065180
-15801.6544420985
-15801.6544860826
-15801.6545262228
-15801.6545087514
-15801.6544994107
-15801.6545265242
-15801.6544429859
-15801.6545157654
-15801.6544580389
-15801.6544871775
-15801.6544999299
-15801.6545400007
-15801.6545056591
-15801.6544920017
-15801.6545006729
-15801.6545063126
-15801.6545248310
-15801.6545302695
-15801.6545525481
-15801.6545090450
-15801.6545237669
-15801.6545200024
-15801.6544806363
-15801.6545017237
-15801.6545292591
-15801.6545121855
-15801.6545374354
-15801.6545131215
-15801.6545235193
-15801.6545039952
-15801.6545470000
-15801.6545300428
-15801.6545137196
-15801.6545131634
-15801.6545004175
-15801.6545357036
-15801.6544952371
-15801.6545380219
-15801.6545341067
-15801.6545087178
-15801.6544943554
-15801.6545312979
-15801.6545028345
-15801.6545377830
-15801.6545338431
-15801.6545246169
-15801.6545389962
-15801.6544922350
-15801.6544902434
-15801.6545217239
-15801.6544911505
-15801.6545001157
-15801.6545250811
-15801.6545300037
-15801.6545254267
-15801.6545614000
-15801.6544715523
-15801.6545114689
-15801.6545252537
-15801.6545041790
-15801.6545152478
-15801.6544981496
-15801.6544937779
-15801.6545131168
-15801.6545061956
-15801.6545041927
-15801.6545037378
-15801.6545241385
-15801.6545035161
-15801.6545102873
-15801.6544715636
-15801.6544961508
-15801.6544966346
-15801.6545386657
-15801.6545248356
-15801.6545468641
-15801.6544897028
-15801.6544421298
-15801.6545436057
-15801.6545042395
-15801.6545429520
-15801.6545325221
-15801.6545370050
-15801.6545367213
-15801.6545264083
-15801.6545513858
-15801.6545068312
-15801.6545094831
-15801.6545248434
-15801.6545179855
-15801.6545224051
-15801.6544535055
-15801.6545202213
-15801.6544431949
-15801.6545312066
-15801.6544907759
-15801.6545597062
-15801.6545064548
-15801.6545134750
-15801.6545319817
-15801.6545299937
-15801.6545340041
-15801.6545223189
-15801.6545227135
-15801.6545381822
-15801.6544896220
-15801.6545213891
-15801.6545349522
-15801.6545147181
-15801.6545416159
-15801.6545483285
-15801.6545127368
-15801.6544974474
-15801.6544847089
-15801.6545307694
-15801.6545438331
-15801.6545342253
-15801.6545379492
-15801.6544277493
-15801.6545325140
-15801.6545227249
-15801.6545412951
-15801.6545546530
-15801.6545115781
-15801.6545007651
-15801.6545114084
-15801.6545412874
-15801.6545501491
-15801.6545364718
-15801.6545528026
-15801.6544832885
-15801.6545380153
-15801.6545511058
-15801.6544909490
-15801.6545146655
-15801.6545052151
-15801.6544555053
-15801.6545060403
-15801.6545100179
-15801.6544760457
-15801.6545207783
-15801.6545324302
-15801.6545113780
-15801.6545627139
-15801.6545149587
-15801.6545351317
-15801.6545097586
-15801.6544765216
-15801.6544808535
-15801.6545303245
-15801.6545033409
-15801.6545170845
-15801.6544824898
-15801.6545156456
-15801.6544620091
-15801.6545035398
-15801.6545510224
-15801.6545004636
-15801.6544896565
-15801.6545076313
-15801.6544786849
-15801.6545476588
-15801.6544993045
-15801.6544953210
-15801.6545233044
-15801.6545149799
-15801.6545176769
-15801.6545321418
-15801.6544937964
-15801.6545465558
-15801.6545070813
-15801.6545189155
-15801.6545281028
-15801.6545315303
-15801.6545151866
-15801.6544937131
-15801.6545057990
-15801.6545426298
-15801.6545339958
-15801.6545055754
-15801.6545358752
-15801.6544980337
-15801.6545205835
-15801.6544994706
-15801.6545223388
-15801.6545448401
-15801.6545034594
-15801.6544919552
-15801.6544916628
-15801.6545003310
-15801.6545229669
-15801.6544930007
-15801.6545020693
-15801.6545022968
-15801.6544761182
-15801.6545422391
-15801.6545297517
-15801.6545310952
-15801.6544929753
-15801.6545073945
-15801.6545078392
-15801.6544527585
-15801.6545176292
-15801.6544903101
-15801.6545176158
-15801.6545408733
-15801.6544999352
-15801.6545117113
-15801.6544977462
-15801.6544611624
-15801.6545356790
-15801.6545158419
-15801.6544430406
-15801.6545175051
-15801.6545174821
-15801.6544975689
-15801.6545225727
-15801.6545432937
-15801.6545210442
-15801.6544895253
-15801.6545085562
-15801.6545104710
-15801.6544931626
-15801.6544919031
-15801.6545163116
-15801.6544965668
-15801.6545221199
-15801.6544580845
-15801.6545359600
-15801.6545139992
-15801.6544621282
-15801.6545274804
-15801.6545014854
-15801.6545402763
-15801.6544870859
-15801.6545271915
-15801.6544904772
-15801.6544791922
-15801.6545325397
-15801.6545231249
-15801.6545352944
-15801.6545244682
-15801.6545041242
-15801.6545510782
-15801.6544492413
-15801.6545008070
-15801.6544857685
-15801.6545095797
-15801.6545059679
-15801.6544783600
-15801.6545149425
-15801.6545138402
-15801.6544495297
-15801.6544959491
-15801.6545128019
-15801.6544970056
-15801.6544877486
-15801.6545008569
-15801.6545374029
-15801.6545282503
-15801.6545135446
-15801.6544959711
-15801.6545586982
-15801.6545391750
-15801.6544864675
-15801.6545154140
-15801.6545309960
-15801.6545105634
-15801.6545071398
-15801.6545002983
-15801.6545221917
-15801.6544771469
-15801.6545579604
-15801.6545252135
-15801.6545290710
-15801.6545129680
-15801.6545037851
-15801.6544432775
-15801.6545153313
-15801.6544945366
-15801.6544890188
-15801.6545338345
-15801.6544856613
-15801.6545002776
-15801.6544848438
-15801.6544560962
-15801.6545225617
-15801.6545197264
-15801.6545359855
-15801.6544998256
-15801.6545233604
-15801.6545041591
-15801.6545073904
-15801.6545261692
-15801.6545255226
-15801.6545090321
-15801.6545287356
-15801.6545295594
-15801.6545410178
-15801.6545056896
-15801.6544930954
-15801.6545296663
-15801.6545094893
-15801.6544825135
-15801.6545435436
-15801.6545370735
-15801.6545208058
-15801.6545186033
-15801.6545510506
-15801.6545358769
-15801.6545471450
-15801.6545332584
-15801.6545121760
-15801.6545043338
-15801.6544446097
-15801.6545506332
-15801.6544948921
-15801.6544750998
-15801.6545016888
-15801.6544789049
-15801.6545146716
-15801.6545346338
-15801.6545514430
-15801.6545119973
-15801.6545081516
-15801.6545356701
-15801.6545403165
-15801.6544930175
-15801.6545440478
-15801.6545422371
-15801.6544613374
-15801.6544661066
-15801.6545351021
-15801.6545127508
-15801.6545035411
-15801.6545348684
-15801.6544469997
-15801.6545233980
-15801.6545296446
-15801.6545339087
-15801.6545235573
-15801.6544699907
-15801.6545035703
-15801.6545314188
-15801.6545295391
-15801.6544834524
-15801.6544950552
-15801.6545449808
-15801.6545354699
-15801.6544995815
-15801.6545144609
-15801.6545357668
-15801.6545515450
-15801.6544764171
-15801.6544850479
-15801.6545510673
-15801.6545421539
-15801.6545256266
-15801.6545177556
-15801.6544427677
-15801.6544862167
-15801.6544876509
-15801.6545088368
-15801.6544997421
-15801.6544907147
-15801.6544938950
-15801.6544823172
-15801.6545166208
-15801.6545044572
-15801.6545238249
-15801.6544807668
-15801.6545076555
-15801.6545331084
-15801.6544929973
-15801.6544436226
-15801.6545210942
-15801.6545160612
-15801.6544994579
-15801.6544990067
-15801.6545339229
-15801.6545302919
-15801.6544972217
-15801.6545291395
-15801.6545346353
-15801.6545496956
-15801.6545295244
-15801.6544942091
-15801.6545228799
-15801.6545178174
-15801.6544950219
-15801.6545288819
-15801.6545184085
-15801.6545335004
-15801.6545381272
-15801.6545361518
-15801.6544906556
-15801.6544544027
-15801.6545208805
-15801.6544616440
-15801.6544898157
-15801.6544858003
-15801.6545146035
-15801.6544438178
-15801.6545374575
-15801.6544389329
-15801.6544971216
-15801.6545193865
-15801.6544209374
-15801.6545513607
-15801.6545079790
-15801.6544858400
-15801.6545328059
-15801.6545142544
-15801.6545333276
-15801.6545328401
-15801.6545247077
-15801.6544930721
-15801.6545307720
-15801.6545237468
-15801.6545155977
-15801.6545078122
-15801.6545083426
-15801.6545345648
-15801.6545123405
-15801.6545411096
-15801.6545344349
-15801.6545486264
-15801.6544651026
-15801.6545199970
-15801.6545171732
-15801.6544717891
-15801.6545443301
-15801.6545278428
-15801.6545374074
-15801.6545335397
-15801.6545431280
-15801.6545253671
-15801.6545468202
-15801.6545117612
-15801.6545147879
-15801.6544428906
-15801.6544861157
-15801.6545100613
-15801.6545130131
-15801.6545558438
-15801.6544920655
-15801.6544955337
-15801.6545103787
-15801.6545343994
-15801.6545188233
-15801.6545410713
-15801.6545333062
-15801.6544737412
-15801.6545050400
-15801.6545074481
-15801.6544950062
-15801.6545283513
-15801.6545317623
-15801.6545240433
-15801.6545127293
-15801.6544496993
-15801.6544972347
-15801.6544891187
-15801.6545437496
-15801.6545371751
-15801.6545403650
-15801.6545047250
-15801.6545526867
-15801.6544425996
-15801.6545166467
-15801.6544902107
-15801.6545264939
-15801.6545534434
-15801.6545249233
-15801.6545298752
-15801.6545186697
-15801.6545150480
-15801.6545197491
-15801.6545518358
-15801.6544620114
-15801.6544423211
-15801.6545055320
-15801.6544981334
-15801.6545397242
-15801.6545169703
-15801.6545255006
-15801.6545267883
-15801.6544977416
-15801.6545301153
-15801.6545112378
-15801.6544855964
-15801.6545144773
-15801.6545458835
-15801.6544747828
-15801.6545365675
-15801.6544428196
-15801.6544975783
-15801.6545273148
-15801.6545054085
-15801.6545136822
-15801.6544725527
-15801.6544972932
-15801.6544487392
-15801.6545109489
-15801.6544887839
-15801.6545272152
-15801.6545243169
-15801.6544649965
-15801.6545051661
-15801.6545533867
-15801.6545305539
-15801.6544773713
-15801.6544895669
-15801.6545295842
-15801.6544892788
-15801.6545207213
-15801.6545533891
-15801.6544745212
-15801.6545343357
-15801.6544976863
-15801.6545474700
-15801.6545057457
-15801.6545311180
-15801.6545055950
-15801.6545178587
-15801.6545037751
-15801.6545075145
-15801.6545287084
-15801.6545234856
-15801.6545283197
-15801.6545245771
-15801.6545161444
-15801.6545544657
-15801.6544952812
-15801.6545116477
-15801.6545446986
-15801.6545132716
-15801.6545212528
-15801.6545187091
-15801.6545239019
-15801.6545023281
-15801.6545328698
-15801.6545025380
-15801.6545359725
-15801.6544950731
-15801.6544726556
-15801.6544687080
-15801.6544677322
-15801.6544938159
-15801.6545323201
-15801.6544936278
-15801.6545156520
-15801.6545331652
-15801.6545055061
-15801.6544907975
-15801.6545210988
-15801.6545075868
-15801.6544434498
-15801.6545218516
-15801.6544781723
-15801.6545328691
-15801.6544922750
-15801.6544974453
-15801.6545216143
-15801.6545544784
-15801.6545192505
-15801.6545251717
-15801.6545158215
-15801.6544995271
-15801.6544741881
-15801.6545028774
-15801.6544944461
-15801.6545496267
-15801.6545446627
-15801.6544934143
-15801.6545227274
-15801.6544914678
-15801.6545039612
-15801.6544861805
-15801.6545356364
-15801.6544719381
-15801.6545533515
-15801.6545051434
-15801.6545233756
-15801.6545266399
-15801.6544919571
-15801.6545353120
-15801.6544812749
-15801.6544970668
-15801.6545213125
-15801.6545230422
-15801.6544650134
-15801.6545270147
-15801.6544910709
-15801.6545351602
-15801.6545264130
-15801.6544905162
-15801.6545169204
-15801.6544593933
-15801.6545221421
-15801.6545546376
-15801.6545489182
-15801.6545352810
-15801.6544729129
-15801.6545444187
-15801.6545402846
-15801.6544916711
-15801.6545375483
-15801.6545246576
-15801.6545014539
-15801.6544701930
-15801.6544694739
-15801.6544984307
-15801.6545162716
-15801.6545161810
-15801.6545352354
-15801.6545141117
-15801.6544523688
-15801.6545445677
-15801.6545105545
-15801.6545013204
-15801.6545420859
-15801.6545366353
-15801.6545392513
-15801.6545274358
-15801.6545167852
-15801.6544678781
-15801.6545174861
-15801.6545098492
-15801.6545363956
-15801.6544999298
-15801.6544897321
-15801.6545266497
-15801.6544847556
-15801.6545018332
-15801.6545155673
-15801.6545192972
-15801.6545612598
-15801.6544849846
-15801.6545018848
-15801.6545538184
-15801.6545144318
-15801.6545052466
-15801.6545201997
-15801.6545459330
-15801.6545204271
-15801.6545165224
-15801.6544944291
-15801.6545196237
-15801.6544736768
-15801.6545326861
-15801.6545302414
-15801.6544497601
-15801.6545064728
-15801.6545573469
-15801.6544427871
-15801.6545135414
-15801.6544980136
-15801.6544982845
-15801.6544979025
-15801.6545258666
-15801.6544433339
-15801.6545102253
-15801.6545092537
-15801.6545451604
-15801.6545044133
-15801.6545038692
-15801.6544817193
-15801.6545015866
-15801.6545287008
-15801.6545170233
-15801.6545319772
-15801.6544548561
-15801.6544996513
-15801.6545279662
-15801.6544550391
-15801.6545390382
-15801.6544886207
-15801.6545194648
-15801.6545542418
-15801.6545302933
-15801.6544571838
-15801.6544936306
-15801.6545208791
-15801.6544886870
-15801.6544697375
-15801.6545447377
-15801.6545109940
-15801.6545083615
-15801.6544873032
-15801.6544684524
-15801.6545058246
-15801.6545416072
-15801.6545494562
-15801.6545165739
-15801.6544974614
-15801.6545250206
-15801.6544746507
-15801.6545343258
-15801.6545097757
-15801.6545141664
-15801.6545405717
-15801.6545205722
-15801.6545157685
-15801.6545229953
-15801.6544440874
-15801.6545166571
-15801.6545492105
-15801.6545123888
-15801.6545394818
-15801.6544917326
-15801.6545103833
-15801.6545512476
-15801.6545328511
-15801.6544727108
-15801.6544533069
-15801.6545339852
-15801.6545106649
-15801.6545484693
-15801.6544810776
-15801.6545121618
-15801.6545227382
-15801.6545474149
-15801.6545103124
-15801.6545431783
-15801.6545181662
-15801.6544583360
-15801.6545265056
-15801.6545282058
-15801.6545391149
-15801.6545188867
-15801.6545309945
-15801.6544423558
-15801.6545080356
-15801.6545051636
-15801.6545268498
-15801.6545278927
-15801.6545176086
-15801.6545321800
-15801.6545299820
-15801.6545310734
-15801.6545473273
-15801.6545368631
-15801.6545198980
-15801.6545215471
-15801.6545138092
-15801.6545133471
-15801.6545247477
-15801.6545519289
-15801.6544804417
-15801.6544818406
-15801.6545223795
-15801.6544980621
-15801.6545274052
-15801.6545041263
-15801.6545249683
-15801.6545434855
-15801.6545396105
-15801.6545437829
-15801.6545236499
-15801.6545141102
-15801.6545159957
-15801.6545448677
-15801.6544787722
-15801.6545072445
-15801.6545186812
-15801.6545353191
-15801.6544700173
-15801.6544550470
-15801.6545306078
-15801.6545197870
-15801.6545389600
-15801.6544930730
-15801.6545016704
-15801.6545267296
-15801.6545356587
-15801.6544760062
-15801.6544761010
-15801.6545279953
-15801.6545032228
-15801.6545273139
-15801.6544725503
-15801.6545179096
-15801.6545388424
-15801.6544997064
-15801.6545340198
-15801.6544958050
-15801.6545003025
-15801.6545408316
-15801.6545461164
-15801.6544905535
-15801.6544432840
-15801.6545161907
