-964.4257513784
-964.4257459145
-964.4257555989
-964.4257514094
-964.4257521422
-964.4175035258
-964.4257409170
-964.4257473147
-964.4257435656
-964.4257354359
-964.4257508885
-964.4257534299
-964.4257456237
-964.4257375745
-964.4257546795
-964.4257458892
-964.4257494079
-964.4257464075
-964.4257495892
-964.4257425112
-964.4257513616
-964.4257424824
-964.4257481930
-964.4257469916
-964.4257367420
-964.4257368299
-964.4257474129
-964.4257460190
-964.4257400004
-964.4257398283
-964.4257447075
-964.4257460227
-964.4257454968
-964.4257543783
-964.4257421809
-964.4257440695
-964.4257418299
-964.4257321227
-964.4257380850
-964.4257513050
-964.4257430072
-964.4257480952
-964.4257468963
-964.4257458767
-964.4257473901
-964.4257488239
-964.4257474155
-964.4257525476
-964.4257448644
-964.4257517997
-964.4257566469
-964.4257352909
-964.4257385546
-964.4257497089
-964.4257503112
-964.4257342270
-964.4257511561
-964.4257469985
-964.4257389266
-964.4257427280
-964.4257435958
-964.4257465236
-964.4257400885
-964.4257408012
-964.4257527169
-964.4257424569
-964.4257367532
-964.4257453758
-964.4257447103
-964.4257460047
-964.4257368867
-964.4257469289
-964.4257502144
-964.4257295044
-964.4257490428
-964.4257362731
-964.4257429202
-964.4257415916
-964.4257438603
-964.4257418036
-964.4257417248
-964.4257454228
-964.4257459284
-964.4257464107
-964.4257480505
-964.4257459461
-964.4257457696
-964.4257468857
-964.4257392910
-964.4257474081
-964.4257486481
-964.4257503300
-964.4257479838
-964.4257451719
-964.4257432933
-964.4257350147
-964.4257382662
-964.4257483265
-964.4257519810
-964.4257488887
-964.4257458882
-964.4257454838
-964.4257449731
-964.4257436034
-964.4257409547
-964.4257424030
-964.4257365802
-964.4257330254
-964.4257447209
-964.4257525603
-964.4257474988
-964.4257495137
-964.4257584562
-964.4257442692
-964.4257479026
-964.4257442303
-964.4257545476
-964.4257471949
-964.4257405889
-964.4257434052
-964.4257388857
-964.4257490465
-964.4257428428
-964.4257400187
-964.4257473237
-964.4257525754
-964.4257502244
-964.4257434682
-964.4257430473
-964.4257484044
-964.4257455389
-964.4257527150
-964.4257471171
-964.4257454230
-964.4257396037
-964.4257400949
-964.4257475388
-964.4257475786
-964.4257482927
-964.4257464225
-964.4257420029
-964.4257455534
-964.4257493009
-964.4257517640
-964.4257432669
-964.4257447055
-964.4257399766
-964.4257527360
-964.4257401120
-964.4257485784
-964.4257485543
-964.4257464316
-964.4257269120
-964.4257484688
-964.4257447443
-964.4257404643
-964.4257463319
-964.4257524336
-964.4257397421
-964.4257484076
-964.4257468735
-964.4257406127
-964.4257352847
-964.4257361486
-964.4257492686
-964.4257438943
-964.4257446279
-964.4257499203
-964.4257445621
-964.4257376730
-964.4257454260
-964.4257408175
-964.4257494532
-964.4257538099
-964.4257373487
-964.4257481744
-964.4257467390
-964.4257485590
-964.4257416363
-964.4257357423
-964.4257453689
-964.4257425330
-964.4257396127
-964.4257339089
-964.4257508107
-964.4257414964
-964.4257405061
-964.4257506119
-964.4257455798
-964.4257449847
-964.4257484018
-964.4257397295
-964.4257465699
-964.4257433390
-964.4257489911
-964.4257417359
-964.4257414284
-964.4257435747
-964.4257502921
-964.4257404314
-964.4257435114
-964.4257472655
-964.4257421568
-964.4257351741
-964.4257552070
-964.4257410013
-964.4257401776
-964.4257452913
-964.4257395367
-964.4257366866
-964.4257389583
-964.4257469963
-964.4257460142
-964.4257451294
-964.4257471988
-964.4257486605
-964.4257529840
-964.4257453789
-964.4257550581
-964.4257491389
-964.4257465173
-964.4257446164
-964.4257346905
-964.4257402919
-964.4257487375
-964.4257428122
-964.4257433054
-964.4257507064
-964.4257473771
-964.4257459852
-964.4257398143
-964.4257523439
-964.4257416306
-964.4257398758
-964.4257491328
-964.4257492206
-964.4257533262
-964.4257426319
-964.4257378823
-964.4257352372
-964.4257448476
-964.4257454140
-964.4257463575
-964.4257519704
-964.4257523690
-964.4257415895
-964.4257434548
-964.4257416431
-964.4257471821
-964.4257381684
-964.4257397701
-964.4257471866
-964.4257484243
-964.4257375819
-964.4257405462
-964.4197218109
-964.3935606592
-964.4082694581
-964.4159443914
-964.4178105517
-964.4140364097
-964.4207579902
-964.4165514102
-964.4161003545
-964.4215682593
-964.4114926995
-964.4181923482
-964.4145234576
-964.4078323245
-964.4192071374
-964.4149388577
-964.4107021158
-964.4165800466
-964.4113569186
-964.4104079445
-964.4053289011
-964.4137700441
-964.4084226863
-964.4127699167
-964.4076637773
-964.4114013783
-964.4187317193
-964.4206437682
-964.4169963871
-964.4162737076
-964.4207645548
-964.4110419309
-964.4214003547
-964.4088076797
-964.4092511341
-964.4184011624
-964.4072298992
-964.4162986501
-964.4166546213
-964.4181271997
-964.4144271777
-964.4131372733
-964.4159292575
-964.4160528556
-964.4178743210
-964.4165509437
-964.4137097132
-964.4077743488
-964.4200475011
-964.4025765713
-964.4105058247
-964.4086547136
-964.4092057915
-964.4138585486
-964.4183008501
-964.4192653938
-964.4176769772
-964.4160052616
-964.4175965283
-964.4140409455
-964.4159113188
-964.4217775962
-964.4191871467
-964.4189643353
-964.4121939974
-964.4131034797
-964.4186465354
-964.4084655410
-964.4181354948
-964.4255280867
-964.4252124426
-964.4253424276
-964.4251635915
-964.4253699972
-964.4255809346
-964.4253601099
-964.4250927068
-964.4255078874
-964.4253384192
-964.4255374039
-964.4252779879
-964.4252361628
-964.4254779989
-964.4252876234
-964.4251239295
-964.4254151571
-964.4252996521
-964.4255375288
-964.4254216941
-964.4255125886
-964.4253940108
-964.4254039938
-964.4253948365
-964.4254385162
-964.4253839098
-964.4254219336
-964.4253755761
-964.4255186353
-964.4252092671
-964.4253558745
-964.4253396630
-964.4252525812
-964.4254939156
-964.4252707440
-964.4254192807
-964.4254346508
-964.4253147052
-964.4254550608
-964.4256000190
-964.4255548876
-964.4255274808
-964.4252891029
-964.4253846766
-964.4254892982
-964.4254009368
-964.4254152350
-964.4253388290
-964.4252750951
-964.4255190342
-964.4254425103
-964.4253878334
-964.4251019769
-964.4254211884
-964.4251872859
-964.4254104342
-964.4254145994
-964.4254854114
-964.4253818812
-964.4255147275
-964.4254064762
-964.4252393843
-964.4255054892
-964.4254080930
-964.4254348481
-964.4253601338
-964.4255032213
-964.4254057401
-964.4254963148
-964.4255158549
-964.4249574873
-964.4255459396
-964.4254078771
-964.4255515654
-964.4256264081
-964.4253558583
-964.4254678465
-964.4256133717
-964.4254753368
-964.4255196817
-964.4252873588
-964.4253722680
-964.4254727159
-964.4252138604
-964.4255440405
-964.4251326552
-964.4252854573
-964.4255662112
-964.4253802836
-964.4253685374
-964.4254674898
-964.4254751939
-964.4255297516
-964.4255063853
-964.4253349590
-964.4255348786
-964.4253286558
-964.4252014558
-964.4253503441
-964.4253796842
-964.4252813423
-964.4254796122
-964.4255654343
-964.4252966314
-964.4253195954
-964.4253847096
-964.4254465730
-964.4253877004
-964.4253906067
-964.4253990216
-964.4254837810
-964.4254637761
-964.4252988691
-964.4252781277
-964.4256228430
-964.4253033092
-964.4254127063
-964.4254275946
-964.4253655314
-964.4254325688
-964.4253327363
-964.4253690242
-964.4250162022
-964.4251396763
-964.4252874760
-964.4253548943
-964.4254962828
-964.4255876922
-964.4253584456
-964.4254688306
-964.4256060092
-964.4251201614
-964.4254133026
-964.4253518404
-964.4255234782
-964.4253341678
-964.4255167149
-964.4252409210
-964.4256014657
-964.4253911826
-964.4253636840
-964.4254666629
-964.4250980244
-964.4253319126
-964.4251012719
-964.4253811506
-964.4250927284
-964.4254056940
-964.4256774111
-964.4255303101
-964.4254633022
-964.4254282661
-964.4251784665
-964.4251864408
-964.4255347584
-964.4251393828
-964.4255574267
-964.4254369572
-964.4255373965
-964.4254722805
-964.4254925274
-964.4256165221
-964.4255126490
-964.4251383065
-964.4254110593
-964.4253609129
-964.4253272013
-964.4254623108
-964.4254905369
-964.4253697329
-964.4253846141
-964.4253229473
-964.4255485804
-964.4252505573
-964.4254791271
-964.4255739237
-964.4254790269
-964.4253663826
-964.4255050756
-964.4253269874
-964.4253832717
-964.4252971176
-964.4253224454
-964.4254907334
-964.4254912326
-964.4252297918
-964.4254425912
-964.4255434977
-964.4251558207
-964.4252288206
-964.4254569701
-964.4252456359
-964.4254979141
-964.4252423445
-964.4252232251
-964.4249639456
-964.4251717185
-964.4253849250
-964.4254237328
-964.4252362528
-964.4254866978
-964.4255943022
-964.4252204126
-964.4255676566
-964.4254917668
-964.4254353307
-964.4252951507
-964.4253160055
-964.4251452729
-964.4251881159
-964.4254793898
-964.4252869348
-964.4251404229
-964.4256003169
-964.4255154250
-964.4253064634
-964.4255012237
-964.4254384129
-964.4254573885
-964.4254259138
-964.4253541055
-964.4251508648
-964.4252051559
-964.4252448752
-964.4251177682
-964.4252605791
-964.4255886414
-964.4253296606
-964.4254276999
-964.4254779178
-964.4254876812
-964.4254705336
-964.4254893854
-964.4254679239
-964.4255570647
-964.4254720587
-964.4251750240
-964.4254332084
-964.4254020778
-964.4252482232
-964.4253830371
-964.4255728176
-964.4254867289
-964.4254014604
-964.4252593152
-964.4255355502
-964.4254639814
-964.4253806548
-964.4253337458
-964.4251476910
-964.4254803329
-964.4255056915
-964.4251229387
-964.4254560218
-964.4253750784
-964.4252377788
-964.4254800081
-964.4253534433
-964.4254648993
-964.4253557833
-964.4252988642
-964.4255064252
-964.4254168946
-964.4252348785
-964.4254206572
-964.4254761594
-964.4252646302
-964.4252338833
-964.4255039716
-964.4254475936
-964.4253491089
-964.4252533127
-964.4253563891
-964.4255418882
-964.4254800492
-964.4256359703
-964.4256280808
-964.4252880511
-964.4254713106
-964.4252113979
-964.4255541944
-964.4253172556
-964.4253625594
-964.4251776357
-964.4252917895
-964.4252951734
-964.4255673775
-964.4255007187
-964.4254136950
-964.4253767223
-964.4254310542
-964.4255549794
-964.4251981253
-964.4253584533
-964.4255221648
-964.4254692805
-964.4252370235
-964.4254058490
-964.4252717329
-964.4253710999
-964.4253803036
-964.4254260721
-964.4253148911
-964.4252516728
-964.4256003209
-964.4255345810
-964.4256010977
-964.4254649708
-964.4254384174
-964.4252322688
-964.4255389126
-964.4255324054
-964.4254135402
-964.4252988623
-964.4253223317
-964.4253615210
-964.4253697228
-964.4253703427
-964.4253401960
-964.4252879913
-964.4250713834
-964.4255636526
-964.4253840769
-964.4252487319
-964.4253852658
-964.4254905665
-964.4255156182
-964.4252347618
-964.4253261671
-964.4252765589
-964.4252838858
-964.4253134138
-964.4253246348
-964.4255184340
-964.4253177429
-964.4255685635
-964.4255881795
-964.4254568641
-964.4252709435
-964.4252713055
-964.4252463115
-964.4253434131
-964.4253750932
-964.4256494898
-964.4251792102
-964.4254378275
-964.4255455776
-964.4252347723
-964.4252912788
-964.4255429482
-964.4252705033
-964.4253375420
-964.4253932336
-964.4252005938
-964.4253579236
-964.4252225718
-964.4256390331
-964.4252999860
-964.4254597050
-964.4254441890
-964.4255236202
-964.4255584760
-964.4256020996
-964.4255151452
-964.4253004438
-964.4252170743
-964.4255616744
-964.4255608458
-964.4249945751
-964.4254182426
-964.4251346878
-964.4254846671
-964.4252594729
-964.4253309431
-964.4254035435
-964.4253154174
-964.4254467287
-964.4256197567
-964.4255047715
-964.4252429876
-964.4256739108
-964.4254431757
-964.4254366678
-964.4253677951
-964.4254185498
-964.4255940845
-964.4253707881
-964.4254710670
-964.4253440881
-964.4255064357
-964.4255368938
-964.4254483248
-964.4252898793
-964.4254552422
-964.4253337744
-964.4254211507
-964.4254461699
-964.4254684903
-964.4254147215
-964.4254033722
-964.4252758503
-964.4255941247
-964.4254919781
-964.4255101630
-964.4255163286
-964.4254657143
-964.4253605277
-964.4253094952
-964.4256246024
-964.4255249409
-964.4253840719
-964.4252465363
-964.4253246537
-964.4253072733
-964.4255137081
-964.4255671521
-964.4254138629
-964.4254674853
-964.4253374737
-964.4253671182
-964.4252952731
-964.4252671725
-964.4254649070
-964.4253612568
-964.4254673291
-964.4254097580
-964.4252856382
-964.4253545983
-964.4255588459
-964.4255383671
-964.4254139545
-964.4254597920
-964.4252385593
-964.4254050477
-964.4254793387
-964.4253811925
-964.4255029521
-964.4253602316
-964.4253429041
-964.4252193765
-964.4252873931
-964.4255311375
-964.4253300486
-964.4254679048
-964.4256139293
-964.4255653493
-964.4252945226
-964.4253712688
-964.4254402361
-964.4254293724
-964.4253863235
-964.4251115649
-964.4252930152
-964.4254782437
-964.4254578136
-964.4139053585
-964.4001791914
-964.4182885119
-964.3940392602
-964.4012904799
-964.4135415933
-964.4152842968
-964.4139400713
-964.4163175617
-964.4201699333
-964.4161384758
-964.4143192149
-964.4118816360
-964.4199364012
-964.4122687505
-964.4147070687
-964.4126461952
-964.4140199622
-964.4133603630
-964.4146778769
-964.4161887351
-964.4130410861
-964.4145328724
-964.4128708632
-964.4177413502
-964.4161115212
-964.4083548730
-964.4084820478
-964.4169675908
-964.4102309133
-964.4251501326
-964.4254033622
-964.4253340163
-964.4254777309
-964.4255364618
-964.4254519782
-964.4254406691
-964.4253631160
-964.4255104226
-964.4256328738
-964.4254344893
-964.4254780657
-964.4253592598
-964.4252950213
-964.4254592843
-964.4252839162
-964.4252159970
-964.4254449726
-964.4256594914
-964.4257461333
-964.4257503751
-964.4257495418
-964.4257366609
-964.4257443279
-964.4257445540
-964.4257424880
-964.4257437088
-964.4257505663
-964.4257485366
-964.4257500815
-964.4257509929
-964.4257465544
-964.4257472811
-964.4257530429
-964.4257467467
-964.4257566047
-964.4257375651
-964.4257446089
-964.4257403645
-964.4257493456
-964.4257466624
-964.4257503677
-964.4257447082
-964.4254958592
-964.4254519715
-964.4253882850
-964.4252870304
-964.4253518932
-964.4255414266
-964.4255687445
-964.4255340701
-964.4250179781
-964.4251831751
-964.4255190320
-964.4255772158
-964.4252275024
-964.4255364257
-964.4254676792
-964.4252002092
-964.4257516992
-964.4257431863
-964.4257450936
-964.4257427091
-964.4257475559
-964.4257420644
-964.4257500039
-964.4257367214
-964.4257428516
-964.4257440787
-964.4257467999
-964.4257469844
-964.4257340337
-964.4257435391
-964.4257527087
-964.4257450056
-964.4257494154
-964.4257453389
-964.4257529512
-964.4257404635
-964.4257495344
-964.4254832398
-964.4255763676
-964.4253701801
-964.4254369926
-964.4254903205
-964.4251251464
-964.4254985896
-964.4253426386
-964.4255038265
-964.4253630465
-964.4254889682
