-964.4130981256
-964.4148889960
-964.4130499557
-964.4167584649
-964.4160816930
-964.4114060536
-964.4082944921
-964.4167595386
-964.4111761246
-964.4255883751
-964.4256609226
-964.4256149110
-964.4255902364
-964.4256099285
-964.4257278873
-964.4257343450
-964.4255763852
-964.4257308118
-964.4257041716
-964.4256910448
-964.4256482462
-964.4257086777
-964.4256868011
-964.4256602813
-964.4256668749
-964.4256741969
-964.4256811682
-964.4256281810
-964.4256289987
-964.4256339718
-964.4256400459
-964.4256499842
-964.4256287692
-964.4256363146
-964.4256335376
-964.4256342140
-964.4256206082
-964.4256299152
-964.4256314513
-964.4256204339
-964.4256295453
-964.4256197492
-964.4256270307
-964.4256113115
-964.4256225544
-964.4256190024
-964.4256325661
-964.4256375490
-964.4256283597
-964.4256231773
-964.4256078384
-964.4256177763
-964.4256902152
-964.4256985342
-964.4255736820
-964.4256230367
-964.4255089160
-964.4256443795
-964.4257380406
-964.4255841309
-964.4254378636
-964.4256516794
-964.4256344611
-964.4257007185
-964.4255836159
-964.4256485013
-964.4256525915
-964.4256575466
-964.4256220674
-964.4256180198
-964.4256225006
-964.4255980375
-964.4256336245
-964.4256349763
-964.4256229131
-964.4256297517
-964.4256366522
-964.4256065751
-964.4256304838
-964.4256364051
-964.4256207657
-964.4256304324
-964.4256301213
-964.4256365128
-964.4256201578
-964.4256135469
-964.4256203278
-964.4256248511
-964.4256297133
-964.4256758037
-964.4255082928
-964.4256234855
-964.4256841771
-964.4256677016
-964.4256135860
-964.4255769202
-964.4256970656
-964.4257248730
-964.4256488343
-964.4256573481
-964.4255957165
-964.4256759940
-964.4256324247
-964.4256481268
-964.4256696366
-964.4257073003
-964.4256638187
-964.4256389121
-964.4256645559
-964.4256026299
-964.4256686445
-964.4256278897
-964.4257111280
-964.4256340169
-964.4256311530
-964.4257034823
-964.4256249914
-964.4256630074
-964.4256902234
-964.4256918820
-964.4256695441
-964.4256257161
-964.4257178090
-964.4257215718
-964.4256648133
-964.4256392042
-964.4256385297
-964.4256181322
-964.4256051634
-964.4257038473
-964.4256914229
-964.4256786150
-964.4255858053
-964.4256841762
-964.4256963925
-964.4256812471
-964.4256421113
-964.4255056917
-964.4256922976
-964.4255996048
-964.4257119307
-964.4255725914
-964.4255925772
-964.4256561580
-964.4256975852
-964.4257063531
-964.4256259478
-964.4256592695
-964.4256409433
-964.4256498299
-964.4255607248
-964.4255294362
-964.4256758816
-964.4256678918
-964.4256136841
-964.4255931555
-964.4256182040
-964.4255194399
-964.4256185382
-964.4256698497
-964.4256545178
-964.4256856721
-964.4256666095
-964.4255447777
-964.4257100899
-964.4256635490
-964.4255129832
-964.4257431050
-964.4256385101
-964.4255687047
-964.4256983000
-964.4255834395
-964.4256650800
-964.4256418268
-964.4256907364
-964.4255769960
-964.4257034057
-964.4255808842
-964.4256924104
-964.4256998438
-964.4255451044
-964.4257182112
-964.4256326673
-964.4255962708
-964.4254572801
-964.4256902247
-964.4256830411
-964.4255657732
-964.4255252877
-964.4256374382
-964.4255737076
-964.4256905677
-964.4256554388
-964.4257120933
-964.4256801091
-964.4256585557
-964.4256364919
-964.4257000361
-964.4256111867
-964.4256365598
-964.4256377701
-964.4256461575
-964.4256404137
-964.4255892902
-964.4256284531
-964.4256422710
-964.4256488098
-964.4257068894
-964.4257028168
-964.4256379502
-964.4256166738
-964.4257020031
-964.4256268573
-964.4256391681
-964.4255789773
-964.4256903479
-964.4256311402
-964.4256917542
-964.4257062721
-964.4256970636
-964.4255875071
-964.4255379052
-964.4256843331
-964.4256601868
-964.4256325664
-964.4256680755
-964.4255731471
-964.4256870131
-964.4256485538
-964.4257139039
-964.4256917886
-964.4256827981
-964.4256704846
-964.4256624608
-964.4254540161
-964.4255903824
-964.4255929786
-964.4255837056
-964.4256186327
-964.4256072192
-964.4256796385
-964.4257320086
-964.4256391592
-964.4256209742
-964.4256171797
-964.4256628124
-964.4256977131
-964.4256625466
-964.4256616711
-964.4256461693
-964.4256386287
-964.4256174242
-964.4256680585
-964.4256038357
-964.4256330309
-964.4255873045
-964.4256395948
-964.4257028346
-964.4256300010
-964.4257247577
-964.4257055809
-964.4254420271
-964.4256684033
-964.4256747667
-964.4255772958
-964.4256988698
-964.4256294089
-964.4256675813
-964.4256903129
-964.4256670949
-964.4256505347
-964.4256549370
-964.4256195221
-964.4256558733
-964.4256475606
-964.4256067835
-964.4256311711
-964.4256521428
-964.4257321666
-964.4256877521
-964.4255819201
-964.4256191810
-964.4256669028
-964.4256605281
-964.4256572227
-964.4256618862
-964.4257256516
-964.4256006411
-964.4256732183
-964.4256094683
-964.4256715877
-964.4255893768
-964.4256389610
-964.4256924088
-964.4255016993
-964.4256912831
-964.4256622267
-964.4256068448
-964.4254166078
-964.4256794532
-964.4255904684
-964.4256606292
-964.4256750509
-964.4256846783
-964.4256103155
-964.4256976802
-964.4257089937
-964.4257265273
-964.4256709626
-964.4255996345
-964.4256448117
-964.4256906995
-964.4256903719
-964.4256397460
-964.4256418176
-964.4256612106
-964.4256524213
-964.4256250692
-964.4256830526
-964.4256736589
-964.4256794426
-964.4256537595
-964.4256643282
-964.4256362999
-964.4256443589
-964.4256424538
-964.4255394158
-964.4255923618
-964.4255927123
-964.4257076363
-964.4256501087
-964.4255390616
-964.4256840540
-964.4257041157
-964.4256807945
-964.4256391088
-964.4256822051
-964.4254123749
-964.4255623492
-964.4257135179
-964.4255452071
-964.4256164532
-964.4256954642
-964.4256391370
-964.4255631807
-964.4254538529
-964.4256758991
-964.4256575253
-964.4255939429
-964.4257299715
-964.4256085854
-964.4256517409
-964.4254057951
-964.4256824591
-964.4255266445
-964.4257346034
-964.4256653652
-964.4256161195
-964.4256474488
-964.4256930958
-964.4256885435
-964.4256213964
-964.4257184116
-964.4256611912
-964.4254655712
-964.4255344630
-964.4257230293
-964.4256335754
-964.4256379129
-964.4256797145
-964.4255223980
-964.4256678660
-964.4256300646
-964.4255649004
-964.4256088940
-964.4256235392
-964.4256186904
-964.4256790109
-964.4257022749
-964.4257035341
-964.4255193894
-964.4256757799
-964.4256288323
-964.4257031468
-964.4256534718
-964.4256430866
-964.4256215347
-964.4257000089
-964.4256377261
-964.4256771626
-964.4256777391
-964.4257147497
-964.4256007698
-964.4256909593
-964.4256224812
-964.4257317691
-964.4256210948
-964.4256556391
-964.4256505484
-964.4256714506
-964.4256909409
-964.4256819995
-964.4256904869
-964.4256249826
-964.4255987866
-964.4256540050
-964.4256898893
-964.4256604615
-964.4255945007
-964.4255390146
-964.4256838465
-964.4256441083
-964.4256566799
-964.4256103184
-964.4256195287
-964.4256375157
-964.4256401250
-964.4255742995
-964.4255958401
-964.4255638267
-964.4255862070
-964.4256674402
-964.4256505134
-964.4256582069
-964.4256893482
-964.4256399442
-964.4256697302
-964.4256151348
-964.4254400125
-964.4256589375
-964.4256357766
-964.4256858457
-964.4255883397
-964.4256841914
-964.4255867129
-964.4255504165
-964.4256952213
-964.4256837287
-964.4256396339
-964.4256148899
-964.4256183595
-964.4257078784
-964.4257088286
-964.4256064983
-964.4255696003
-964.4256976013
-964.4255909304
-964.4257217592
-964.4256660097
-964.4256167101
-964.4256766124
-964.4256784700
-964.4256863577
-964.4256456222
-964.4256465536
-964.4256930445
-964.4256485973
-964.4254812630
-964.4256729459
-964.4255534838
-964.4256920611
-964.4257082669
-964.4256157527
-964.4255412539
-964.4257059704
-964.4256330129
-964.4256405899
-964.4256420368
-964.4257032726
-964.4256356651
-964.4255787611
-964.4256120154
-964.4256851377
-964.4256155568
-964.4256576668
-964.4254067327
-964.4255514504
-964.4256992065
-964.4256255623
-964.4256491387
-964.4257167530
-964.4256792438
-964.4256440797
-964.4256531722
-964.4255952757
-964.4256269208
-964.4256707747
-964.4254903410
-964.4255816947
-964.4256438186
-964.4256859857
-964.4256560343
-964.4256857837
-964.4255252991
-964.4256328987
-964.4255630900
-964.4256243840
-964.4256383391
-964.4256862747
-964.4256970867
-964.4256264601
-964.4256474520
-964.4256464269
-964.4256988222
-964.4256449095
-964.4256619781
-964.4254988550
-964.4256494784
-964.4257073357
-964.4256423167
-964.4257017010
-964.4257276714
-964.4256598606
-964.4256089484
-964.4256313345
-964.4255551271
-964.4256356544
-964.4257055194
-964.4255601731
-964.4257007557
-964.4256333990
-964.4256762995
-964.4256997669
-964.4255180187
-964.4255241141
-964.4256249243
-964.4256393068
-964.4256419319
-964.4256985515
-964.4257111088
-964.4256562149
-964.4254899223
-964.4256743376
-964.4256793406
-964.4257487675
-964.4257213188
-964.4256439234
-964.4256105787
-964.4256487193
-964.4255673756
-964.4256590796
-964.4256113653
-964.4256714950
-964.4256975337
-964.4256997326
-964.4256111033
-964.4257100065
-964.4256499464
-964.4257184715
-964.4256912899
-964.4256581306
-964.4256389024
-964.4256743500
-964.4256701325
-964.4256792434
-964.4256922312
-964.4256247621
-964.4256364774
-964.4257028876
-964.4256141627
-964.4257030969
-964.4256478176
-964.4256284580
-964.4256470260
-964.4257008804
-964.4257071699
-964.4257119698
-964.4256047523
-964.4256845435
-964.4256220803
-964.4256864708
-964.4256863394
-964.4256087479
-964.4256225798
-964.4256229488
-964.4256560186
-964.4256609699
-964.4256480772
-964.4256670116
-964.4255609960
-964.4256967749
-964.4256705698
-964.4255030497
-964.4256695019
-964.4256073933
-964.4254426855
-964.4254386707
-964.4257140276
-964.4257026799
-964.4256755913
-964.4256320781
-964.4256632842
-964.4256438331
-964.4256525632
-964.4256462536
-964.4256866240
-964.4255910275
-964.4256460405
-964.4254094477
-964.4255661479
-964.4256379032
-964.4256387376
-964.4256452670
-964.4256493365
-964.4255940270
-964.4256306495
-964.4256710997
-964.4256565705
-964.4257036542
-964.4257236872
-964.4256522539
-964.4256366298
-964.4256508044
-964.4256130346
-964.4257010663
-964.4256263485
-964.4256713286
-964.4256869287
-964.4256895265
-964.4255693033
-964.4256141057
-964.4256397653
-964.4255389346
-964.4256756874
-964.4256686617
-964.4256951532
-964.4256666773
-964.4256573166
-964.4255632137
-964.4256799188
-964.4256623764
-964.4256454660
-964.4256458605
-964.4256734341
-964.4255921554
-964.4256324968
-964.4256024329
-964.4256377958
-964.4257119140
-964.4255505557
-964.4255124322
-964.4256943469
-964.4256945088
-964.4256784089
-964.4257095732
-964.4256396033
-964.4256853504
-964.4256473780
-964.4256614460
-964.4256389516
-964.4255420633
-964.4256668355
-964.4256272273
-964.4256699504
-964.4257023242
-964.4256402359
-964.4256034692
-964.4256505408
-964.4256699018
-964.4256471592
-964.4254623779
-964.4255121906
-964.4256334916
-964.4256400437
-964.4256536124
-964.4257078091
-964.4256706220
-964.4255413225
-964.4255640032
-964.4256309644
-964.4255941175
-964.4256962572
-964.4255891343
-964.4256787123
-964.4257033901
-964.4256728563
-964.4256039313
-964.4255626252
-964.4256384015
-964.4256205541
-964.4257006087
-964.4256564204
-964.4255810437
-964.4256511089
-964.4256864503
-964.4256515287
-964.4256892674
-964.4256965089
-964.4257093782
-964.4256922288
-964.4256781770
-964.4257186035
-964.4255697210
-964.4256248155
-964.4256918129
-964.4256909966
-964.4255549049
-964.4256038203
-964.4257146815
-964.4255296754
-964.4257234645
-964.4256780194
-964.4256363920
-964.4256247384
-964.4257376821
-964.4256892264
-964.4256490400
-964.4256000780
-964.4255152592
-964.4255566294
-964.4257374236
-964.4257015038
-964.4256264725
-964.4256768362
-964.4256899206
-964.4256554078
-964.4257173114
-964.4257415026
-964.4256671058
-964.4256682028
-964.4256525014
-964.4256170319
-964.4256684693
-964.4255754932
-964.4256619005
-964.4256434684
-964.4256258708
-964.4256051575
-964.4256141319
-964.4255534360
-964.4256594608
-964.4254843489
-964.4257005489
-964.4255892203
-964.4255375281
-964.4256791357
-964.4256466390
-964.4257190485
-964.4257069866
-964.4256624807
-964.4256035558
-964.4256417042
-964.4256949526
-964.4255884727
-964.4256383176
-964.4256628831
-964.4256399271
-964.4256370239
-964.4256403245
-964.4256195615
-964.4256099258
-964.4255930400
-964.4256617507
-964.4256285802
-964.4256242463
-964.4256632562
-964.4256325066
-964.4255489466
-964.4256959378
-964.4256911947
-964.4256561997
-964.4256533049
-964.4257038307
-964.4256156499
-964.4256946147
-964.4255829983
-964.4256274339
-964.4256490019
-964.4255329204
-964.4256546516
-964.4256831492
-964.4256380968
-964.4256880459
-964.4256824611
-964.4256907876
-964.4255993980
-964.4257001662
-964.4255443645
-964.4256750134
-964.4255295160
-964.4256839328
-964.4256872816
-964.4256388472
-964.4256809700
-964.4256375060
-964.4256201956
-964.4256252364
-964.4256748791
-964.4256200562
-964.4255563231
-964.4256464811
-964.4255951172
-964.4256335043
-964.4257137887
-964.4257163672
-964.4256717570
-964.4256249934
-964.4256406925
-964.4256565325
-964.4256128054
-964.4256707302
-964.4256586155
-964.4256210391
-964.4256470546
-964.4256661748
-964.4256066263
-964.4256388417
-964.4256438109
-964.4256997284
-964.4256291322
-964.4255795340
-964.4257287250
-964.4256925418
-964.4255962980
-964.4256595342
-964.4256238540
-964.4256635229
-964.4256472536
-964.4256441462
-964.4257004689
-964.4255506350
-964.4256485626
-964.4255705489
-964.4256127123
-964.4256564712
-964.4256796975
-964.4256341485
-964.4256615642
-964.4256381733
-964.4254967505
-964.4255947767
-964.4255683207
-964.4256447728
-964.4256076452
-964.4255942705
-964.4256184844
-964.4256847216
-964.4254853834
-964.4257269298
-964.4256410961
-964.4256525793
-964.4257096185
-964.4257043773
-964.4255365128
-964.4255367737
-964.4256539209
-964.4256724506
-964.4256456202
-964.4256863174
-964.4257135578
-964.4257342158
-964.4256234160
-964.4255543287
-964.4256920417
-964.4256422314
-964.4256838816
-964.4256409794
-964.4256858465
-964.4256849568
-964.4256033407
-964.4256280772
-964.4255943056
-964.4256383483
-964.4257234865
-964.4256411487
-964.4256703749
-964.4257228703
-964.4256622611
-964.4257211097
-964.4256316262
-964.4256066746
-964.4254653503
-964.4256679545
-964.4256574870
-964.4256772948
-964.4256980461
-964.4255399730
-964.4256395218
-964.4255824976
-964.4255819722
-964.4255841548
-964.4255043083
-964.4256127456
-964.4256174987
-964.4256823573
-964.4256420042
-964.4256646358
-964.4255902868
-964.4257007120
-964.4255171886
-964.4257344903
-964.4256346130
-964.4256648454
-964.4256730991
-964.4257070061
-964.4256614501
-964.4256583325
-964.4256926498
-964.4254608970
-964.4256139001
-964.4256195750
-964.4256082661
-964.4257078902
-964.4256934682
-964.4255806940
-964.4256129511
-964.4256520855
-964.4257324005
-964.4256925174
-964.4256825112
-964.4256702938
-964.4256510829
-964.4255466614
-964.4256981101
-964.4256012861
-964.4256755423
-964.4256993984
-964.4254761179
-964.4256951936
-964.4256165381
-964.4255875249
-964.4256398960
-964.4256719280
-964.4256540558
-964.4256131002
-964.4255252897
-964.4256542014
-964.4257325534
-964.4256540779
-964.4256746451
-964.4256508177
-964.4255431737
-964.4256564247
-964.4256169309
-964.4256392533
-964.4257056993
-964.4257066246
-964.4256325426
-964.4256347281
-964.4256900270
-964.4256617874
-964.4257010322
-964.4256735092
-964.4256814667
-964.4257018816
-964.4256354469
-964.4257226334
-964.4256862382
-964.4256261709
-964.4256377936
-964.4256837119
-964.4257250534
-964.4256194517
-964.4256024099
-964.4255960571
-964.4256526164
-964.4256725703
-964.4256333045
-964.4256052910
-964.4256407555
-964.4253912380
-964.4256273832
-964.4255389286
-964.4256974331
-964.4256839351
-964.4255661936
-964.4256957669
-964.4256310963
-964.4256509487
-964.4256992097
-964.4256398840
-964.4256476421
-964.4256288868
-964.4256786153
-964.4255213731
-964.4256952760
-964.4256369870
-964.4256783377
-964.4257002771
-964.4256645156
-964.4256253872
-964.4256899678
-964.4255294161
-964.4256397285
-964.4255639352
-964.4256876737
-964.4257111768
-964.4255988310
-964.4255281659
-964.4256496522
-964.4256235540
-964.4257053181
-964.4256504484
-964.4255533736
-964.4256643276
-964.4255314112
-964.4255982586
-964.4256585501
-964.4256267917
-964.4255430135
-964.4256307086
-964.4256967775
-964.4257316787
-964.4256753209
-964.4256374436
-964.4256345137
-964.4255895148
-964.4256106007
-964.4255732014
-964.4255257180
-964.4256382103
-964.4255828862
-964.4256115859
-964.4256369189
-964.4257267961
-964.4256697719
-964.4256292443
-964.4256679851
-964.4257063233
-964.4256661904
-964.4255666161
-964.4255718418
-964.4256958868
-964.4256640224
-964.4256381123
-964.4257514539
-964.4256469329
-964.4256870223
-964.4255160578
-964.4257183324
-964.4256806628
-964.4256675867
-964.4255910233
-964.4255970886
-964.4256152798
-964.4255920955
-964.4255271330
-964.4256273663
-964.4256504382
-964.4255958491
-964.4256055226
-964.4253758015
-964.4256756678
-964.4257150694
-964.4255743462
-964.4256321901
-964.4256452645
-964.4255719121
-964.4256179726
-964.4256919253
-964.4256647450
-964.4256669356
-964.4256337873
-964.4255636778
-964.4257086409
-964.4256976706
-964.4255444558
-964.4256867024
-964.4255907774
-964.4257144035
-964.4257092511
-964.4256197811
-964.4256494087
-964.4255861119
-964.4255799722
-964.4255401017
-964.4256371764
-964.4254776602
-964.4257049592
-964.4256364178
-964.4256785581
-964.4257092399
-964.4256944302
-964.4256548700
-964.4256404074
-964.4255481548
-964.4256612121
-964.4256507968
-964.4256748107
-964.4257112379
-964.4256601353
-964.4256917378
-964.4256094732
-964.4255002864
-964.4256235342
-964.4257216888
-964.4256795175
-964.4255726707
-964.4256502991
-964.4256612686
-964.4255320171
-964.4255792543
-964.4256862537
-964.4257164741
-964.4255612296
-964.4256123113
-964.4256324501
-964.4255711830
-964.4256127881
-964.4257487010
-964.4257088313
-964.4256578213
-964.4257148622
-964.4256090961
-964.4256302133
-964.4255013457
-964.4256856131
-964.4255749254
-964.4257287298
-964.4256629589
-964.4256115489
-964.4256812743
-964.4256903306
-964.4256101149
-964.4256405929
-964.4256606687
-964.4256642690
-964.4255664660
-964.4257122832
-964.4256293246
-964.4253681748
-964.4256220159
-964.4255574568
-964.4256520552
-964.4256733969
-964.4256636633
-964.4255266979
-964.4256305696
-964.4256626973
-964.4256850803
-964.4256943085
-964.4255847927
-964.4256724467
-964.4256805324
-964.4256552487
-964.4256583798
-964.4256488471
-964.4256516249
-964.4257178434
-964.4255831911
-964.4256970246
-964.4256319912
-964.4255978914
-964.4256940053
-964.4255780002
-964.4257400132
-964.4256166760
-964.4254392225
-964.4256594044
-964.4256392006
-964.4255768326
-964.4256223276
-964.4256693924
-964.4257162124
-964.4256262242
-964.4256926851
-964.4256812239
-964.4256591136
-964.4255894077
-964.4256730009
-964.4255951924
-964.4254534519
-964.4256336713
-964.4257099354
-964.4257210695
-964.4255354624
-964.4256848558
-964.4256906752
-964.4256815587
-964.4256697506
-964.4256736206
-964.4255671316
-964.4256761220
-964.4256763023
-964.4256117470
-964.4256964622
-964.4256380598
-964.4255589322
-964.4255706013
-964.4255941454
-964.4257048091
-964.4257012360
-964.4256259785
-964.4256098021
-964.4256897719
-964.4256393228
-964.4256412354
-964.4256364281
-964.4254850428
-964.4256669733
-964.4255518599
-964.4257179437
-964.4256741068
-964.4257066502
-964.4256471863
-964.4256840350
-964.4257154507
-964.4256997978
-964.4256323729
-964.4257277375
-964.4257191954
-964.4257025066
-964.4257148302
-964.4256881770
-964.4257034853
-964.4253523431
-964.4257280583
-964.4256505791
-964.4256527654
-964.4254997084
-964.4256686994
-964.4256353605
-964.4256469963
-964.4256266029
-964.4256883453
-964.4256806457
-964.4255313290
-964.4256972010
-964.4256527470
-964.4256437935
-964.4256479653
-964.4255926963
-964.4256818906
-964.4256959321
-964.4256605452
-964.4257457725
-964.4256265446
-964.4256317046
-964.4256732776
-964.4255945053
-964.4256786407
-964.4256543878
-964.4255822347
-964.4255861867
-964.4256926614
-964.4256575050
-964.4256149508
-964.4255531512
-964.4255965575
-964.4257211093
-964.4256399277
-964.4256343964
-964.4257391159
-964.4256434190
-964.4256805146
-964.4257159930
-964.4257216022
-964.4256202086
-964.4256720348
-964.4256461712
-964.4257055990
-964.4256115704
-964.4255711080
-964.4256451137
-964.4255674718
-964.4256761994
-964.4256652568
-964.4256018116
-964.4256957878
-964.4256442671
-964.4256566701
-964.4256641649
-964.4256399693
-964.4255666543
-964.4257104007
-964.4256728635
-964.4256886263
-964.4255665177
-964.4256539104
-964.4257167943
-964.4256983825
-964.4256367378
-964.4256685376
-964.4256632875
-964.4255322260
-964.4256650575
-964.4255229971
-964.4255847917
-964.4257206343
-964.4256028055
-964.4257009227
-964.4256428598
-964.4256587088
-964.4256892919
-964.4256602211
-964.4256103199
-964.4256654055
-964.4256699262
-964.4255316195
-964.4256227753
-964.4257077363
-964.4256568987
-964.4256344441
-964.4256302482
-964.4256595798
-964.4256158049
-964.4256987064
-964.4256661892
-964.4256530431
-964.4256627154
-964.4255815355
-964.4256119018
-964.4256047543
-964.4257075559
-964.4256550795
-964.4257075837
-964.4256971746
-964.4256763906
-964.4256777627
-964.4256454148
-964.4255983126
-964.4256366438
-964.4257361537
-964.4256019703
-964.4256137363
-964.4254573319
-964.4255943627
-964.4255798969
-964.4256717930
-964.4256282674
-964.4256683808
-964.4256271182
-964.4256847048
-964.4256415561
-964.4256961177
-964.4257101436
-964.4257092373
-964.4256186730
-964.4256001218
-964.4256700295
-964.4256575261
-964.4255441895
-964.4255146498
-964.4256656040
-964.4257036032
-964.4256391910
-964.4255755034
-964.4256893978
-964.4256385163
-964.4256634400
-964.4256206417
-964.4256726393
-964.4257325698
-964.4254846889
-964.4256854496
-964.4256211858
-964.4254881654
-964.4256769194
-964.4256409414
-964.4256049160
-964.4256813879
-964.4256226604
-964.4256738224
-964.4255516669
-964.4256284217
-964.4255968528
-964.4256346656
-964.4256393123
-964.4256377170
-964.4256584343
-964.4254641103
-964.4255491587
-964.4256831207
-964.4256858867
-964.4256678986
-964.4257174212
-964.4256819832
-964.4256399765
-964.4257186817
-964.4256926081
-964.4256660365
-964.4256660028
-964.4256934653
-964.4256589801
-964.4257018264
-964.4256572218
-964.4256024730
-964.4255721608
-964.4256960577
-964.4255702611
-964.4256579918
-964.4256604317
-964.4256844537
-964.4254102490
-964.4256029574
-964.4256372647
-964.4256617349
-964.4257213115
-964.4256850746
-964.4257428008
-964.4256524786
-964.4255927990
-964.4256394201
-964.4256439174
-964.4256607565
-964.4256387362
-964.4255853338
-964.4256654800
-964.4256390283
-964.4257198553
-964.4256395992
-964.4256054478
-964.4257025818
-964.4256598184
-964.4256445666
-964.4256166612
-964.4256146001
-964.4256990201
-964.4256697380
-964.4255084540
-964.4255775896
-964.4256636856
-964.4256925518
-964.4254906241
-964.4256361005
-964.4254790444
-964.4257094187
-964.4256613829
-964.4257438880
-964.4256493255
-964.4256381622
-964.4256737030
-964.4257022538
-964.4256142995
-964.4256919733
-964.4255475125
-964.4256748245
-964.4257074526
-964.4256208722
-964.4256089856
-964.4256135361
-964.4256382317
-964.4254347543
-964.4257077612
-964.4256832127
-964.4256899601
-964.4255944079
-964.4256729328
-964.4255976766
-964.4254724832
-964.4255835124
-964.4255579330
-964.4256252644
-964.4256294385
-964.4257165569
-964.4256347094
-964.4255647452
-964.4254495886
-964.4256566515
-964.4256727645
-964.4255338304
-964.4255298364
-964.4256258446
-964.4255780924
-964.4256600774
-964.4255984691
-964.4256076028
-964.4256366263
-964.4256560399
-964.4256284997
-964.4257112648
-964.4256538641
-964.4256847437
-964.4256565003
-964.4256248049
-964.4256503693
-964.4256840135
-964.4256601509
-964.4256880789
-964.4256022539
-964.4256379438
-964.4256371455
-964.4254971819
-964.4256282311
-964.4257144265
-964.4256799276
-964.4256710780
-964.4256224123
-964.4256695424
-964.4256448876
-964.4257139214
-964.4256498827
-964.4255817688
-964.4256762580
-964.4256253236
-964.4256306256
-964.4256471672
-964.4257280746
-964.4256013505
-964.4253842019
-964.4256650643
-964.4254846801
-964.4256671800
-964.4256959345
-964.4254933323
-964.4256335473
-964.4256795643
-964.4256893046
-964.4256424408
-964.4256533073
-964.4256635088
-964.4255907322
-964.4256351404
-964.4256128709
-964.4256453628
-964.4256651103
-964.4255513323
-964.4256478766
-964.4257010796
-964.4256712553
-964.4256856821
-964.4256858493
-964.4254446977
-964.4255282897
-964.4257076553
-964.4256607640
-964.4256619104
-964.4257195523
-964.4256906755
-964.4256771188
-964.4256698738
-964.4256350880
-964.4256677547
-964.4255337257
-964.4256819817
-964.4257132751
-964.4256148510
-964.4256088863
-964.4257069951
-964.4257015433
-964.4256041464
-964.4256489306
-964.4256633150
-964.4256613932
-964.4256455589
-964.4256847275
-964.4256014362
-964.4256228839
-964.4256614642
-964.4254603374
-964.4256571052
-964.4256512312
-964.4256152380
-964.4256283086
-964.4255942276
-964.4255681044
-964.4256659354
-964.4256892391
-964.4257334265
-964.4256624706
-964.4256361988
-964.4255447533
-964.4255819208
-964.4256312957
-964.4256719657
-964.4256135744
-964.4257042212
-964.4256571602
-964.4256663657
-964.4256986934
-964.4255727585
-964.4256686960
-964.4256449096
-964.4256289149
-964.4255155709
-964.4256968040
-964.4256140158
-964.4257225819
-964.4256251707
-964.4257007433
-964.4256602111
-964.4257120409
-964.4256129275
-964.4256602301
-964.4256934445
-964.4256142508
-964.4256799627
-964.4254376837
-964.4256980093
-964.4256381195
-964.4257341568
-964.4256900189
-964.4256624769
-964.4257051542
-964.4255796446
-964.4255854365
-964.4256816375
-964.4257266326
-964.4257269599
-964.4256800385
-964.4256392038
-964.4255248847
-964.4255606679
-964.4255940201
-964.4255954276
-964.4256117399
-964.4256777510
-964.4256938730
-964.4257085009
-964.4256842369
-964.4256465301
-964.4254257449
-964.4256959385
-964.4256027921
-964.4256932640
-964.4257379863
-964.4256564916
-964.4256926067
-964.4255627935
-964.4256536636
-964.4255988933
-964.4255869082
-964.4256374280
-964.4256793275
-964.4256846643
-964.4256165815
-964.4256656467
-964.4256585731
-964.4256315231
-964.4256174422
-964.4256511166
-964.4257111691
-964.4256181727
-964.4257098557
-964.4255352420
-964.4256847063
-964.4256799542
-964.4256451170
-964.4256288548
-964.4256597045
-964.4256594995
-964.4256359280
-964.4256299040
-964.4255814422
-964.4256597245
-964.4256960782
-964.4256267204
-964.4257162016
-964.4256359323
-964.4256742653
-964.4256154831
-964.4256401230
-964.4255828521
-964.4255813601
-964.4256807453
-964.4257238048
-964.4256630551
-964.4257090310
-964.4256986910
-964.4256445404
-964.4255926207
-964.4256688509
-964.4256989610
-964.4257077599
-964.4255416503
-964.4256642386
-964.4256566991
-964.4255828052
-964.4256652394
-964.4256717953
-964.4256725700
-964.4256503580
-964.4255718335
-964.4256265929
-964.4256119181
-964.4256572080
-964.4256864913
-964.4255169813
-964.4256366856
-964.4256478425
-964.4256327858
-964.4257552368
-964.4256757285
-964.4256077838
-964.4256114458
-964.4256988333
-964.4257116034
-964.4256525319
-964.4256581770
-964.4257031588
-964.4255404069
-964.4256733494
-964.4256427450
-964.4256710369
-964.4256836412
-964.4256582302
-964.4256876876
-964.4256659422
-964.4256499885
-964.4257312465
-964.4257058128
-964.4256385439
-964.4256644117
-964.4256699171
-964.4256854568
-964.4256149088
-964.4256137020
-964.4256682217
-964.4256758966
-964.4256838664
-964.4256607503
-964.4255417901
-964.4256938610
-964.4257112695
-964.4256343710
-964.4256130914
-964.4256761425
-964.4256474319
-964.4255163121
-964.4256124420
-964.4256820784
-964.4256221713
-964.4257061392
-964.4256590777
-964.4255728101
-964.4256732119
-964.4256297994
-964.4257202246
-964.4256218162
-964.4255602182
-964.4256068839
-964.4256678158
-964.4256640130
-964.4256149877
-964.4257179416
-964.4256472325
-964.4256856801
-964.4255922143
-964.4256721232
-964.4255762728
-964.4256642110
-964.4255401758
-964.4256355022
-964.4255920242
-964.4256381575
-964.4254857799
-964.4256067083
-964.4256921414
-964.4256880272
-964.4256598094
-964.4257398965
-964.4256641686
-964.4257211909
-964.4256536631
-964.4256748713
-964.4256799723
-964.4256797558
-964.4256821140
-964.4257102025
-964.4256586442
-964.4256689012
-964.4255677245
-964.4254791362
-964.4256554800
-964.4256357716
-964.4257205945
-964.4257118595
-964.4256394554
-964.4256185697
-964.4257142401
-964.4255961599
-964.4256338107
-964.4256746643
-964.4256664544
-964.4256529779
-964.4257178014
-964.4257105281
-964.4256330639
-964.4256881540
-964.4256272563
-964.4255688633
-964.4256430364
-964.4256725264
-964.4256146230
-964.4256446592
-964.4256274031
-964.4256452828
-964.4256889095
-964.4256527329
-964.4256795669
-964.4256729711
-964.4255330568
-964.4256552841
-964.4256309912
-964.4255926865
-964.4255350969
-964.4256141225
-964.4256330133
-964.4256721011
-964.4256854559
-964.4255540426
-964.4257002651
-964.4256771410
-964.4256708653
-964.4256375498
-964.4256279864
-964.4256849709
-964.4257069467
-964.4257060201
-964.4255863030
-964.4256716874
-964.4256109751
-964.4256106785
-964.4256814654
-964.4256604176
-964.4256359838
-964.4256841703
-964.4256378112
-964.4255852951
-964.4256711085
-964.4255307310
-964.4256618186
-964.4256524275
-964.4257069188
-964.4256308754
-964.4256483673
-964.4256636031
-964.4256666562
-964.4256521737
-964.4256299790
-964.4256554198
-964.4255502212
-964.4256309551
-964.4257294882
-964.4256837657
-964.4256181262
-964.4256792115
-964.4256474195
-964.4257140355
-964.4256559718
-964.4256935412
-964.4257524767
-964.4256994091
-964.4256742498
-964.4256841821
-964.4256022693
-964.4256444666
-964.4257074454
-964.4256736069
-964.4256372991
-964.4256561712
-964.4256949718
-964.4256407410
-964.4257174091
-964.4256396210
-964.4256594668
-964.4255600535
-964.4256687277
-964.4256737473
-964.4256535646
-964.4256357841
-964.4256114615
-964.4255627846
-964.4256249907
-964.4256559866
-964.4256770837
-964.4256588935
-964.4255641168
-964.4255584607
-964.4256503610
-964.4256522523
-964.4256096948
-964.4256845258
-964.4256801240
-964.4255944903
-964.4256394327
-964.4255854817
-964.4256161905
-964.4255934363
-964.4256652856
-964.4257045097
-964.4256593522
-964.4256506824
-964.4256584109
-964.4257012665
-964.4257285067
-964.4256050943
-964.4255780023
-964.4256887844
-964.4256654454
-964.4256365341
-964.4256256538
-964.4256338350
-964.4257006922
-964.4255973378
-964.4256566936
-964.4256508210
-964.4256579086
-964.4256662969
-964.4256214682
-964.4256118063
-964.4256883649
-964.4257243561
-964.4257221183
-964.4255358025
-964.4256770663
-964.4255841019
-964.4257012771
-964.4256652357
-964.4257058939
-964.4256045064
-964.4256579733
-964.4256708562
-964.4256560583
-964.4257059226
-964.4256796760
-964.4256112581
-964.4256401129
-964.4256982729
-964.4256257768
-964.4256777426
-964.4255928071
-964.4257236161
-964.4256960104
-964.4255643010
-964.4256780818
-964.4256672154
-964.4256378120
-964.4256064874
-964.4256577171
-964.4257251461
-964.4256613596
-964.4256661259
-964.4256391474
-964.4256401917
-964.4257110766
-964.4256397631
-964.4255614059
-964.4255361927
-964.4256864789
-964.4257003739
-964.4256355974
-964.4256351710
-964.4256181443
-964.4256113762
-964.4255109459
-964.4255986495
-964.4255782801
-964.4256861161
-964.4256979605
-964.4256355469
-964.4257057037
-964.4256568672
-964.4256337287
-964.4255824276
-964.4255843628
-964.4256662797
-964.4256512566
-964.4255280983
-964.4256527951
-964.4255843414
-964.4257164056
-964.4256891708
-964.4256456528
-964.4255820101
-964.4257123278
-964.4256259832
-964.4257065327
-964.4256326658
-964.4256118687
-964.4257114094
-964.4256809468
-964.4255841112
-964.4257097959
-964.4256726616
-964.4255312472
-964.4256045033
-964.4256250619
-964.4256320716
-964.4256772051
-964.4255976090
-964.4256107427
-964.4256728598
-964.4256167266
-964.4256156019
-964.4254446576
-964.4256407148
-964.4256731406
-964.4255500074
-964.4256128561
-964.4256716313
-964.4256310313
-964.4256552199
-964.4256557346
-964.4256889419
-964.4256894965
-964.4255682929
-964.4255951864
-964.4256411682
-964.4256362536
-964.4256253936
-964.4256711566
-964.4254712646
-964.4257141514
-964.4256582365
-964.4256119038
-964.4256205352
-964.4255994175
-964.4256661042
-964.4256824500
-964.4255605131
-964.4255897045
-964.4256912233
-964.4256558070
-964.4257050435
-964.4256638738
-964.4256904373
-964.4256841131
-964.4256887022
-964.4256333456
-964.4257051961
-964.4256731501
-964.4254744105
-964.4256388108
-964.4256369901
-964.4256988196
-964.4255522239
-964.4256631380
-964.4257074555
-964.4256457645
-964.4255258195
-964.4257102468
-964.4256387161
-964.4256607489
-964.4255891206
-964.4256570261
-964.4256037113
-964.4257101054
-964.4256329158
-964.4257036067
-964.4256771516
-964.4255618864
-964.4256609234
-964.4256979101
-964.4255770456
-964.4256636578
-964.4257087449
-964.4255393931
-964.4257085817
-964.4255589336
-964.4256327124
-964.4256942425
-964.4256434917
-964.4256717901
-964.4256876256
-964.4256281168
-964.4255840592
-964.4257160347
-964.4255524607
-964.4255984613
-964.4256799891
-964.4255527526
-964.4256827899
-964.4257019002
-964.4256413568
-964.4257119341
-964.4256497630
-964.4256391593
-964.4256048217
-964.4255434130
-964.4256751744
-964.4256982833
-964.4256647599
-964.4256456258
-964.4255976627
-964.4257430432
-964.4256001452
-964.4255802791
-964.4255621874
-964.4256234189
-964.4256845623
-964.4256580017
-964.4256136775
-964.4255273392
-964.4256788958
-964.4256521079
-964.4256691614
-964.4256804616
-964.4257026529
-964.4255483645
-964.4256471360
-964.4256912853
-964.4256405060
-964.4256914173
-964.4256150220
-964.4255028765
-964.4256994221
-964.4256620035
-964.4256448769
-964.4255923800
-964.4256645013
-964.4256396792
-964.4256095791
-964.4257147200
-964.4256942270
-964.4256689149
-964.4256924348
-964.4257083631
-964.4256662767
-964.4257014174
-964.4256154977
-964.4257120191
-964.4254537416
-964.4256843625
-964.4256612117
-964.4256565035
-964.4256780187
-964.4257294933
-964.4256223047
-964.4255568966
-964.4256683370
-964.4256485343
-964.4256353320
-964.4256738792
-964.4256883571
-964.4255556492
-964.4256645777
-964.4255770577
-964.4256498365
-964.4257203958
-964.4256849370
-964.4255464403
-964.4256592434
-964.4257138525
-964.4256719197
-964.4255654755
-964.4257210854
-964.4256385500
-964.4256598304
-964.4254340564
-964.4257065386
-964.4255286927
-964.4256744754
-964.4256195573
-964.4256195331
-964.4257034870
-964.4256306808
-964.4256222480
-964.4256522311
-964.4256758118
-964.4256620684
-964.4256310938
-964.4256309721
-964.4256413389
-964.4256221152
-964.4256913640
-964.4256201911
-964.4257042611
-964.4256464027
-964.4257194442
-964.4255919317
-964.4256388899
-964.4256979224
-964.4256738903
-964.4255928924
-964.4256542747
-964.4256002414
-964.4256782090
-964.4256302362
-964.4256482290
-964.4256396692
-964.4256043011
-964.4255938408
-964.4256584449
-964.4257182659
-964.4257062535
-964.4256373546
-964.4256822153
-964.4256671417
-964.4255985506
-964.4257132164
-964.4256012854
-964.4256526788
-964.4256136359
-964.4256524971
-964.4256160726
-964.4256200957
-964.4256392754
-964.4256565218
-964.4257029462
-964.4256657538
-964.4256452663
-964.4256768888
-964.4255350984
-964.4256456499
-964.4257252145
-964.4257030731
-964.4256430537
-964.4255865642
-964.4256811336
-964.4257124715
-964.4256126720
-964.4256178853
-964.4256981030
-964.4257069028
-964.4256755874
-964.4256661402
-964.4256028347
-964.4256228678
-964.4257410271
-964.4256908189
-964.4257239017
-964.4257257775
-964.4256368557
-964.4256795284
-964.4257076007
-964.4256705341
-964.4256487184
-964.4256853439
-964.4256500063
-964.4255935909
-964.4255981855
-964.4255889492
-964.4257030486
-964.4257093541
-964.4256410219
-964.4256547885
-964.4254794294
-964.4254779951
-964.4256898799
-964.4256311371
-964.4256382699
-964.4257298893
-964.4256531797
-964.4255668458
-964.4256518964
-964.4256661083
-964.4256907307
-964.4256431694
-964.4256201042
-964.4256745238
-964.4256176815
-964.4256813963
-964.4256465917
-964.4257079240
-964.4255755723
-964.4255299131
-964.4256446783
-964.4256644156
-964.4256001052
-964.4256940440
-964.4256575063
-964.4257351156
-964.4255531321
-964.4257189704
-964.4256652276
-964.4257255086
-964.4256901110
-964.4256702083
-964.4256852855
-964.4256355022
-964.4255217494
-964.4256360377
-964.4256938312
-964.4256741085
-964.4257462191
-964.4256897484
-964.4256322042
-964.4257092538
-964.4256677454
-964.4256942159
-964.4256851856
-964.4256916226
-964.4255745559
-964.4257254411
-964.4257140211
-964.4256385352
-964.4256493723
-964.4254199685
-964.4256506718
-964.4256183240
-964.4255696904
-964.4255855679
-964.4256959209
-964.4256494758
-964.4257136493
-964.4256973571
-964.4257035059
-964.4257035660
-964.4256231420
-964.4256153359
-964.4257081726
-964.4257051349
-964.4255980511
-964.4255958560
-964.4256225113
-964.4256780698
-964.4256739896
-964.4256855181
-964.4256515583
-964.4255241823
-964.4256831288
-964.4253501309
-964.4256351109
-964.4257046653
-964.4256120252
-964.4256712540
-964.4255985670
-964.4256606071
-964.4256378408
-964.4256247197
-964.4255248713
-964.4256913333
-964.4256677500
-964.4256299985
-964.4256700670
-964.4256278552
-964.4256658119
-964.4257200766
-964.4256841954
-964.4257191117
-964.4255400494
-964.4256161344
-964.4256815578
-964.4256113658
-964.4257141538
-964.4255628498
-964.4256587681
-964.4256450933
-964.4256324361
-964.4256376556
-964.4257089080
-964.4256890816
-964.4256886498
-964.4255412331
-964.4255653011
-964.4257019047
-964.4255968524
-964.4256484159
-964.4256702153
-964.4256434835
-964.4255050708
-964.4255985826
-964.4256071862
-964.4256534420
-964.4256965372
-964.4256199731
-964.4255966330
-964.4257035076
-964.4256937393
-964.4257110591
-964.4256577126
-964.4256731915
-964.4255953618
-964.4257321558
-964.4256468735
-964.4256768370
-964.4255063885
-964.4255697864
-964.4256055910
-964.4256825358
-964.4256431437
-964.4256293251
-964.4255722831
-964.4256240595
-964.4256452872
-964.4256408791
-964.4256909490
-964.4256883493
-964.4257226430
-964.4256478261
-964.4256989188
-964.4255048969
-964.4255845187
-964.4255949485
-964.4256389696
-964.4256910332
-964.4256599364
-964.4256240039
-964.4256942512
-964.4256237748
-964.4256375003
-964.4257503547
-964.4255859463
-964.4256614667
-964.4255045729
-964.4256395333
-964.4254878878
-964.4256264665
-964.4257127881
-964.4256335996
-964.4256720477
-964.4256061556
-964.4256494015
-964.4256859222
-964.4256279167
-964.4255035445
-964.4257309200
-964.4256615964
-964.4255736853
-964.4256461911
-964.4256001344
-964.4256292071
-964.4255983314
-964.4256021374
-964.4257024706
-964.4256809364
-964.4256419109
-964.4255701121
-964.4255511735
-964.4256198563
-964.4256392048
-964.4257019263
-964.4256188038
-964.4255844720
-964.4256646573
-964.4255497076
-964.4255749536
-964.4256876872
-964.4256489603
-964.4255307738
-964.4256595175
-964.4256394062
-964.4256287998
-964.4256312403
-964.4257024906
-964.4257070630
-964.4256702501
-964.4256618409
-964.4256747502
-964.4255799637
-964.4256146731
-964.4256871886
-964.4257109425
-964.4256062585
-964.4256899266
-964.4256483868
-964.4256675684
-964.4256111811
-964.4256368279
-964.4255686220
-964.4256632676
-964.4256635980
-964.4256560429
-964.4256772539
-964.4256579279
-964.4257212334
-964.4255647247
-964.4256733696
-964.4257268997
-964.4256760355
-964.4256380785
-964.4255101569
-964.4257030949
-964.4256601454
-964.4256516636
-964.4256559567
-964.4256777304
-964.4256472117
-964.4256560430
-964.4254915171
-964.4257272490
-964.4256153794
-964.4257065028
-964.4256809896
-964.4256720169
-964.4256894957
-964.4256036324
-964.4256254885
-964.4256103339
-964.4255561430
-964.4256854045
-964.4256549332
-964.4256574246
-964.4256506271
-964.4257163764
-964.4256041549
-964.4256791017
-964.4255388379
-964.4256544700
-964.4256184854
-964.4256926729
-964.4256998313
-964.4256933349
-964.4256467043
-964.4257093678
-964.4256880317
-964.4256685835
-964.4256394881
-964.4256498995
-964.4256623626
-964.4256516430
-964.4256451244
-964.4256263739
-964.4256934014
-964.4257085675
-964.4256894016
-964.4256549972
-964.4256521008
-964.4256550848
-964.4256395831
-964.4256819467
-964.4257057195
-964.4256328610
-964.4255487886
-964.4256712837
-964.4257189705
-964.4256594785
-964.4255846819
-964.4256392134
-964.4256760750
-964.4255482476
-964.4256177193
-964.4256458696
-964.4257319070
-964.4254470490
-964.4256375822
-964.4256587913
-964.4254977751
-964.4256095608
-964.4255591015
-964.4256573344
-964.4256220400
-964.4256555332
-964.4256333953
-964.4256374810
-964.4255883042
-964.4257146011
-964.4257500046
-964.4256676744
-964.4255935171
-964.4256914053
-964.4256976270
-964.4256994975
-964.4256326345
-964.4256089188
-964.4256738942
-964.4256656034
-964.4257125324
-964.4257523843
-964.4255471602
-964.4255077190
-964.4256660384
-964.4256576986
-964.4256445984
-964.4256309137
-964.4256638030
-964.4256614543
-964.4256608480
-964.4256830645
-964.4256710050
-964.4256738619
-964.4256670212
-964.4255444729
-964.4256313335
-964.4256533372
-964.4256931514
-964.4256056228
-964.4257150324
-964.4256905396
-964.4257020878
-964.4257215972
-964.4257148558
-964.4256959512
-964.4254650802
-964.4256870299
-964.4256757739
-964.4256860807
-964.4256069304
-964.4256664545
-964.4256757532
-964.4256408480
-964.4257081282
-964.4256231483
-964.4256370206
-964.4255800074
-964.4256344595
-964.4257164594
-964.4257161044
-964.4257006795
-964.4256780310
-964.4256546651
-964.4257101052
-964.4256645594
-964.4257031065
-964.4255853831
-964.4256880558
-964.4256435565
-964.4256606915
-964.4257123046
-964.4257109968
-964.4256868822
-964.4257124318
-964.4256027849
-964.4256617224
-964.4256307229
-964.4256729311
-964.4257295828
-964.4256769828
-964.4256766415
-964.4256495921
-964.4256319532
-964.4256507596
-964.4256376802
-964.4254840302
-964.4256908305
-964.4256549318
-964.4256731556
-964.4256680413
-964.4257093764
-964.4256987933
-964.4256251580
-964.4255830434
-964.4256741803
-964.4256631890
-964.4256932985
-964.4256835645
-964.4255476411
-964.4256437325
-964.4256871771
-964.4256814273
-964.4256883390
-964.4255171712
-964.4256853409
-964.4256453500
-964.4256276027
-964.4256963307
-964.4256229268
-964.4256093071
-964.4256439021
-964.4256815613
-964.4257007772
-964.4257268976
-964.4255564645
-964.4256603313
-964.4256746168
-964.4255327330
-964.4255256977
-964.4254892361
-964.4256734863
-964.4256519355
-964.4256985276
-964.4256542123
-964.4255641125
-964.4257467014
-964.4255005241
-964.4256340167
-964.4257126262
-964.4256622195
-964.4256750133
-964.4255173659
-964.4256909303
-964.4256020200
-964.4254666062
-964.4256778522
-964.4257090211
-964.4255093443
-964.4256384980
-964.4256218895
-964.4256282610
-964.4256310211
-964.4256484801
-964.4256753666
-964.4255878305
-964.4256477763
-964.4256470261
-964.4256696262
-964.4257237046
-964.4256762432
-964.4256464900
-964.4256988052
-964.4257058042
-964.4257226136
-964.4256400684
-964.4256054128
-964.4255131582
-964.4256390924
-964.4255939490
-964.4257035500
-964.4256096101
-964.4256927299
-964.4256677924
-964.4256374053
-964.4256564166
-964.4257320995
-964.4256535626
-964.4256449239
-964.4255978225
-964.4256708141
-964.4255874038
-964.4256594110
-964.4256443416
-964.4255763637
-964.4256285053
-964.4256806213
-964.4257077255
-964.4256498841
-964.4256962948
-964.4256489782
-964.4256215642
-964.4256928209
-964.4256122835
-964.4256295009
-964.4256670772
-964.4256437011
-964.4255598879
-964.4257096601
-964.4256722871
-964.4256841940
-964.4254140413
-964.4256535813
-964.4257077049
-964.4256539178
-964.4255877212
-964.4256782840
-964.4256744641
-964.4256885591
-964.4256055654
-964.4255145867
-964.4255848944
-964.4256536918
-964.4256603403
-964.4256218157
-964.4257159146
-964.4256507414
-964.4256404843
-964.4255728732
-964.4256212204
-964.4256914898
-964.4256343314
-964.4256937639
-964.4256118228
-964.4256328988
-964.4256594793
-964.4256634091
-964.4256317974
-964.4254835215
-964.4256590589
-964.4257307353
-964.4255768010
-964.4256607998
-964.4257106393
-964.4256873637
-964.4256907268
-964.4255848745
-964.4256324940
-964.4254212195
-964.4255260238
-964.4257094569
-964.4256700893
-964.4255474189
-964.4257308900
-964.4256701638
-964.4257199567
-964.4257074872
-964.4256224129
-964.4255734061
-964.4256520362
-964.4255335230
-964.4255928505
-964.4256848201
-964.4256883365
-964.4256474565
-964.4256430330
-964.4256642484
-964.4257111080
-964.4256389799
-964.4256643298
-964.4256312202
-964.4256017025
-964.4256932912
-964.4256060502
-964.4257195755
-964.4256538773
-964.4255976312
-964.4256533614
-964.4255922592
-964.4255940901
-964.4256401066
-964.4256528835
-964.4256582723
-964.4256774341
-964.4257109004
-964.4256555261
-964.4257090589
-964.4255217467
-964.4257285862
-964.4256649216
-964.4256900227
-964.4257073894
-964.4257255447
-964.4256562011
-964.4256214711
-964.4257021654
-964.4255422003
-964.4256720729
-964.4256902285
-964.4256783223
-964.4256559382
-964.4255877666
-964.4257112927
-964.4257005395
-964.4256978986
-964.4256825664
-964.4256477601
-964.4257120642
-964.4256435613
-964.4256518934
-964.4255877102
-964.4256395505
-964.4257016280
-964.4256680850
-964.4256093281
-964.4257074593
-964.4256428685
-964.4256594923
-964.4256591781
-964.4257108155
-964.4256381504
-964.4256390982
-964.4256750728
-964.4256500296
-964.4256554833
-964.4255894514
-964.4257004593
-964.4256825967
-964.4256600602
-964.4256568615
-964.4256185079
-964.4256531373
-964.4254184165
-964.4257361404
-964.4256314128
-964.4256234337
-964.4256664531
-964.4256495795
-964.4257171623
-964.4256941131
-964.4257443661
-964.4255188665
-964.4256405475
-964.4257056622
-964.4256490226
-964.4256196494
-964.4256303779
-964.4255557974
-964.4256819644
-964.4255345259
-964.4256895350
-964.4256291639
-964.4256698305
-964.4256219462
-964.4256330636
-964.4255954590
-964.4256590489
-964.4257189571
-964.4255965840
-964.4256879147
-964.4256494236
-964.4256281210
-964.4257164839
-964.4256804512
-964.4255969534
-964.4256562214
-964.4256056559
-964.4256028781
-964.4256823816
-964.4256148215
-964.4256747163
-964.4256971094
-964.4255887919
-964.4257167734
-964.4256516844
-964.4256567969
-964.4255781858
-964.4255922988
-964.4256668206
-964.4256874556
-964.4257149331
-964.4257033088
-964.4256527893
-964.4257404389
-964.4255422624
-964.4256324332
-964.4256916346
-964.4256154474
-964.4255122077
-964.4256572273
-964.4256714213
-964.4257020275
-964.4255966604
-964.4256785459
-964.4255811791
-964.4255522900
-964.4255293106
-964.4257133125
-964.4256755379
-964.4255848524
-964.4256753631
-964.4256980386
-964.4255792532
-964.4257201741
-964.4256646019
-964.4255154250
-964.4256626234
-964.4256401567
-964.4256447501
-964.4256171196
-964.4255567047
-964.4255678032
-964.4256607754
-964.4257288425
-964.4256441217
-964.4257090770
-964.4256832361
-964.4255819946
-964.4256639623
-964.4256143096
-964.4256193699
-964.4256648060
-964.4256038940
-964.4255311055
-964.4256534957
-964.4256333462
-964.4256816291
-964.4256563388
-964.4256860327
-964.4255673513
-964.4256676256
-964.4256479192
-964.4257204141
-964.4256546716
-964.4254933996
-964.4256070284
-964.4256402333
-964.4255852451
-964.4256324507
-964.4257031999
-964.4256929580
-964.4256114311
-964.4256432510
-964.4256311574
-964.4257228320
-964.4256274561
-964.4256777298
-964.4255811090
-964.4257360563
-964.4257183068
-964.4256903779
-964.4256930145
-964.4257298537
-964.4256567946
-964.4255000784
-964.4255260557
-964.4256295947
-964.4256874901
-964.4256378329
-964.4256572475
-964.4256121866
-964.4256929372
-964.4256073364
-964.4256557220
-964.4256167576
-964.4256556669
-964.4257117951
-964.4256420008
-964.4255709245
-964.4256628820
-964.4256025008
-964.4255704577
-964.4254879733
-964.4257019568
-964.4256034016
-964.4256227076
-964.4257091196
-964.4256875260
-964.4256705398
-964.4257384303
-964.4256953766
-964.4255569799
-964.4256009357
-964.4257007942
-964.4256922166
-964.4255691682
-964.4256914722
-964.4257165631
-964.4256211310
-964.4256725713
-964.4257390598
-964.4256299877
-964.4256789044
-964.4256619449
-964.4256157190
-964.4253876865
-964.4254951238
-964.4257027635
-964.4256140819
-964.4256848284
-964.4256419979
-964.4256010538
-964.4255903740
-964.4256514525
-964.4255979520
-964.4257077189
-964.4256508426
-964.4256899221
-964.4256817558
-964.4256397171
-964.4255627257
-964.4256410956
-964.4256908952
-964.4256933014
-964.4256560885
-964.4256276408
-964.4256443095
-964.4256889871
-964.4257013286
-964.4256458642
-964.4256303226
-964.4255209579
-964.4255167732
-964.4256424635
-964.4256420164
-964.4256785761
-964.4256914182
-964.4256367002
-964.4255360253
-964.4256328167
-964.4256960217
-964.4255564906
-964.4256806908
-964.4256211506
-964.4256837292
-964.4256412371
-964.4256060088
-964.4256815787
-964.4256075575
-964.4256222575
-964.4255320968
-964.4255826915
-964.4256268476
-964.4256170290
-964.4256608902
-964.4256545742
-964.4256864326
-964.4255799876
-964.4256364316
-964.4254745974
-964.4256843295
-964.4256153437
-964.4256085758
-964.4257236350
-964.4256805840
-964.4256060278
-964.4256981732
-964.4255110478
-964.4256474047
-964.4256498666
-964.4256472662
-964.4256316133
-964.4253478898
-964.4256090028
-964.4255307099
-964.4256714450
-964.4255637928
-964.4256394713
-964.4255426545
-964.4256438794
-964.4256288071
-964.4256987826
-964.4256702711
-964.4256094028
-964.4256722236
-964.4256504252
-964.4256928318
-964.4256897469
-964.4256766001
-964.4255801219
-964.4256997469
-964.4257265353
-964.4255618161
-964.4256615035
-964.4256290691
-964.4256610385
-964.4256626141
-964.4255809615
-964.4255815982
-964.4256594777
-964.4256966586
-964.4257048974
-964.4256011627
-964.4256172009
-964.4255400012
-964.4256320134
-964.4256564528
-964.4255915781
-964.4255877789
-964.4256515145
-964.4256169105
-964.4256738082
-964.4257092714
-964.4256720047
-964.4256385608
-964.4256197518
-964.4256690181
-964.4256234736
-964.4255875104
-964.4256868994
-964.4256680782
-964.4256390344
-964.4257204569
-964.4257198910
-964.4257407204
-964.4256210820
-964.4256113179
-964.4255913651
-964.4256491413
-964.4256643145
-964.4256747558
-964.4256395087
-964.4256182634
-964.4256322037
-964.4255365467
-964.4256082302
-964.4256659164
-964.4256829433
-964.4256316256
-964.4256269244
-964.4256001803
-964.4256071973
-964.4257284203
-964.4253752708
-964.4256387663
-964.4256574485
-964.4256631643
-964.4256372606
-964.4256248188
-964.4256835525
-964.4256431869
-964.4255331794
-964.4255056798
-964.4256588640
-964.4256291244
-964.4255367682
-964.4256514643
-964.4256160480
-964.4256422469
-964.4256573304
-964.4253342610
-964.4256232550
-964.4256790224
-964.4256476394
-964.4256631336
-964.4256031737
-964.4256708243
-964.4257126044
-964.4256952351
-964.4256370853
-964.4256772114
-964.4256107794
-964.4256083661
-964.4256753133
-964.4255370813
-964.4256219121
-964.4255853086
-964.4256926920
-964.4255940217
-964.4257204477
-964.4255426200
-964.4256644052
-964.4255151555
-964.4256001184
-964.4256845950
-964.4256882790
-964.4255065726
-964.4256221138
-964.4256878607
-964.4256982764
-964.4256728383
-964.4257273861
-964.4257123846
-964.4254719108
-964.4256166328
-964.4256037569
-964.4256635933
-964.4256612157
-964.4255828923
-964.4256754481
-964.4256235419
-964.4256180987
-964.4256267011
-964.4255858153
-964.4255321979
-964.4256376317
-964.4256905216
-964.4255975473
-964.4256561355
-964.4255673987
-964.4257009001
-964.4255599508
-964.4256793890
-964.4256855391
-964.4256390322
-964.4256508282
-964.4255814441
-964.4256381665
-964.4255550237
-964.4257002830
-964.4255275107
-964.4255798986
-964.4255972928
-964.4256594177
-964.4256052080
-964.4256658651
-964.4257050638
-964.4256456380
-964.4256456667
-964.4256958390
-964.4256585891
-964.4256831945
-964.4256506224
-964.4256140487
-964.4257179831
-964.4257156204
-964.4256669009
-964.4255434977
-964.4256370153
-964.4256038153
-964.4256381837
-964.4256562892
-964.4256761614
-964.4255732345
-964.4256290517
-964.4256742932
-964.4257358332
-964.4255742619
-964.4256476054
-964.4256663851
-964.4256992590
-964.4257024545
-964.4256718314
-964.4255614116
-964.4255983520
-964.4255698162
-964.4256865886
-964.4257189799
-964.4256225072
-964.4256475188
-964.4257184534
-964.4257021548
-964.4256249547
-964.4256222451
-964.4256289193
-964.4256520873
-964.4256279782
-964.4256955183
-964.4256807996
-964.4256472002
-964.4257034254
-964.4256397843
-964.4256647390
-964.4256491518
-964.4257228869
-964.4256324625
-964.4256880482
-964.4257417225
-964.4255396117
-964.4256505647
-964.4257090875
-964.4256588378
-964.4255120151
-964.4257282610
-964.4255241204
-964.4256783070
-964.4256897845
-964.4255665784
-964.4256928836
-964.4256693374
-964.4256575065
-964.4256913718
-964.4256394164
-964.4256118785
-964.4255937075
-964.4256361824
-964.4257196636
-964.4256194236
-964.4257047026
-964.4255894096
-964.4256620444
-964.4256426714
-964.4256890986
-964.4255575500
-964.4256490748
-964.4257308204
-964.4256780792
-964.4257273932
-964.4256823637
-964.4256030089
-964.4254762263
-964.4256994766
-964.4257144671
-964.4256575849
-964.4256392341
-964.4256626662
-964.4255993577
-964.4256603452
-964.4256218802
-964.4256684742
-964.4256514428
-964.4256615556
-964.4255771121
-964.4255207499
-964.4256319983
-964.4256550698
-964.4254263710
-964.4254396787
-964.4256829418
-964.4256966967
-964.4256765986
-964.4256749417
-964.4256456760
-964.4256167008
-964.4256577333
-964.4255158455
-964.4255857985
-964.4257304107
-964.4256202309
-964.4256743853
-964.4256470366
-964.4256291519
-964.4254371497
-964.4256269672
-964.4256453310
-964.4256392125
-964.4256187234
-964.4255530530
-964.4256833080
-964.4255995357
-964.4256257861
-964.4255760564
-964.4256881996
-964.4255343354
-964.4256284726
-964.4256879439
-964.4257246966
-964.4255370758
-964.4254365158
-964.4256850044
-964.4255406095
-964.4256173502
-964.4256526502
-964.4255809691
-964.4256398945
-964.4257009339
-964.4256324938
-964.4256027762
-964.4256437990
-964.4256879693
-964.4256118982
-964.4256676900
-964.4256657863
-964.4256595496
-964.4256724633
-964.4254831474
-964.4255666280
-964.4256772318
-964.4256583376
-964.4256182727
-964.4256387470
-964.4256528580
-964.4256394995
-964.4254000548
-964.4256638067
-964.4256673566
-964.4257145001
-964.4255098812
-964.4257061962
-964.4256016559
-964.4256622645
-964.4256000408
-964.4255975688
-964.4256971398
-964.4256395138
-964.4255465976
-964.4257071890
-964.4256782615
-964.4254873238
-964.4254872901
-964.4253659237
-964.4256415655
-964.4256137395
-964.4256594048
-964.4256355430
-964.4256630455
-964.4256859197
-964.4256424506
-964.4256794310
-964.4257084695
-964.4256674051
-964.4256592603
-964.4256399890
-964.4254114472
-964.4255682984
-964.4255513378
-964.4257178763
-964.4256665436
-964.4256848856
-964.4256101166
-964.4256402052
-964.4256053802
-964.4256693490
-964.4256984724
-964.4256593669
-964.4255765084
-964.4256344701
-964.4257187586
-964.4256909205
-964.4255661725
-964.4256844203
-964.4257337175
-964.4256000365
-964.4256939217
-964.4256735999
-964.4257059352
-964.4255686787
-964.4255366105
-964.4256633404
-964.4256355580
-964.4256217115
-964.4256527615
-964.4255727318
-964.4254955645
-964.4257104971
-964.4257165151
-964.4256290996
-964.4256946062
-964.4254928095
-964.4256757704
-964.4256712893
-964.4256455848
-964.4256848967
-964.4256335394
-964.4257199665
-964.4256930672
-964.4256365555
-964.4256012403
-964.4255067000
-964.4255483164
-964.4256941387
-964.4256541745
-964.4257297110
-964.4256839612
-964.4256756324
-964.4256853493
-964.4256659016
-964.4255566328
-964.4256021441
-964.4256315352
-964.4255083810
-964.4255740918
-964.4255957071
-964.4256230565
-964.4257100586
-964.4256854483
-964.4256363404
-964.4256357366
-964.4256942306
-964.4255924270
-964.4255962757
-964.4257202794
-964.4256952362
-964.4256329998
-964.4256428770
-964.4256952294
-964.4256735133
-964.4255915883
-964.4256574016
-964.4256049824
-964.4256462661
-964.4257042314
-964.4256952711
-964.4256689184
-964.4256890702
-964.4256893789
-964.4257409714
-964.4256144325
-964.4257234654
-964.4255868813
-964.4256820114
-964.4256774791
-964.4256892879
-964.4256940325
-964.4256733153
-964.4256844236
-964.4254817855
-964.4256223143
-964.4256693904
-964.4255098287
-964.4256683651
-964.4256447945
-964.4257049703
-964.4256236525
-964.4255795303
-964.4256523382
-964.4255761235
-964.4256922234
-964.4255757469
-964.4256363936
-964.4256679536
-964.4256927919
-964.4256215027
-964.4256839206
-964.4255983064
-964.4256712460
-964.4256431979
-964.4255790403
-964.4256301242
-964.4256218354
-964.4256777083
-964.4255137232
-964.4256115924
-964.4256309161
-964.4256996154
-964.4256899477
-964.4256143714
-964.4257159512
-964.4257028207
-964.4256832001
-964.4257322996
-964.4257279885
-964.4255405270
-964.4256995469
-964.4254684939
-964.4256834066
-964.4256579254
-964.4256535663
-964.4255572059
-964.4256753851
-964.4256884051
-964.4256846049
-964.4257205260
-964.4256120084
-964.4256913612
-964.4257001933
-964.4256706727
-964.4256545125
-964.4256251731
-964.4256765217
-964.4257080486
-964.4256644389
-964.4256287844
-964.4255871735
-964.4256892948
-964.4255325629
-964.4255675461
-964.4256905039
-964.4256418478
-964.4257013343
-964.4256624488
-964.4257245393
-964.4255737811
-964.4256883340
-964.4256675355
-964.4256667172
-964.4256300314
-964.4257102094
-964.4256333560
-964.4256511566
-964.4254759944
-964.4255293802
-964.4256752588
-964.4255832417
-964.4256009773
-964.4256324745
-964.4256521110
-964.4255935847
-964.4256482071
-964.4256722874
-964.4257261292
-964.4256924503
-964.4257035073
-964.4256532175
-964.4256269430
-964.4257075845
-964.4256479265
-964.4256425809
-964.4256526250
-964.4255649827
-964.4255904822
-964.4257104334
-964.4256307088
-964.4257202524
-964.4256702582
-964.4256411443
-964.4255775390
-964.4257256144
-964.4256114749
-964.4255879676
-964.4256544739
-964.4256807748
-964.4256894838
-964.4255338892
-964.4256604196
-964.4256923657
-964.4256054633
-964.4256477838
-964.4255910282
-964.4256684969
-964.4256277892
-964.4256047900
-964.4256107916
-964.4256720685
-964.4256954462
-964.4256991296
-964.4256957947
-964.4254681098
-964.4256585694
-964.4256760056
-964.4256577341
-964.4255959660
-964.4257426330
-964.4256518992
-964.4256277113
-964.4255197719
-964.4257371173
-964.4255941367
-964.4256275550
-964.4256432689
-964.4256111311
-964.4256608369
-964.4256451991
-964.4256415191
-964.4256192201
-964.4256217438
-964.4256458198
-964.4256269951
-964.4256600208
-964.4256790301
-964.4256042741
-964.4256541537
-964.4256748241
-964.4255763439
-964.4256440080
-964.4256838026
-964.4255404404
-964.4256061913
-964.4256677518
-964.4257055686
-964.4257096149
-964.4255903605
-964.4256675293
-964.4257195957
-964.4256398568
-964.4256225365
-964.4255926455
-964.4256514841
-964.4256319987
-964.4256957059
-964.4257007141
-964.4257032829
-964.4255591084
-964.4256762940
-964.4255895162
-964.4256793950
-964.4256340625
-964.4256427864
-964.4256038006
-964.4256245388
-964.4256864276
-964.4257042829
-964.4254361022
-964.4256477726
-964.4257002103
-964.4255491166
-964.4255825269
-964.4256783331
-964.4256577765
-964.4256114600
-964.4254728497
-964.4255389686
-964.4256140588
-964.4257293225
-964.4256638043
-964.4256951509
-964.4256586324
-964.4256617088
-964.4256267621
-964.4256629613
-964.4256073690
-964.4255517127
-964.4255354508
-964.4256603839
-964.4257036827
-964.4255742540
-964.4255694154
-964.4257158584
-964.4256937505
-964.4256421660
-964.4256329441
-964.4256592661
-964.4256748761
-964.4255432866
-964.4257000416
-964.4255170855
-964.4257084285
-964.4255469129
-964.4256433752
-964.4256174151
-964.4256387392
-964.4255393016
-964.4254474990
-964.4255889692
-964.4255958726
-964.4256454614
-964.4256401379
-964.4256830529
-964.4256378542
-964.4255962250
-964.4256401509
-964.4255631173
-964.4257008436
-964.4256551996
-964.4256857708
-964.4255733537
-964.4256357257
-964.4255758828
-964.4255734233
-964.4255649408
-964.4256017139
-964.4256725236
-964.4257027053
-964.4256481074
-964.4254837429
-964.4255330518
-964.4255820903
-964.4256520902
-964.4256662587
-964.4257079316
-964.4257313138
-964.4256862091
-964.4255890833
-964.4257070362
-964.4255485168
-964.4256281852
-964.4256988365
-964.4256375629
-964.4256826544
-964.4255246093
-964.4256149242
-964.4256440926
-964.4256400420
-964.4256650974
-964.4257109632
-964.4256876105
-964.4257094649
-964.4256457032
-964.4255966448
-964.4257127411
-964.4255484152
-964.4256978753
-964.4256090862
-964.4256932868
-964.4255689740
-964.4255739287
-964.4257102644
-964.4254035239
-964.4256079560
-964.4256995876
-964.4255897788
-964.4256031603
-964.4256267267
-964.4256847982
-964.4257036056
-964.4255703806
-964.4256123898
-964.4256656349
-964.4257378156
-964.4256333716
-964.4255350235
-964.4256692344
-964.4257061874
-964.4256169677
-964.4256466229
-964.4256175184
-964.4256901602
-964.4256481179
-964.4256015800
-964.4256137925
-964.4256202410
-964.4256955125
-964.4256149984
-964.4255337513
-964.4256764534
-964.4255956554
-964.4256483252
-964.4256586885
-964.4256816387
-964.4257199308
-964.4255983329
-964.4256989655
-964.4256469307
-964.4255710344
-964.4256567252
-964.4257030342
-964.4256136514
-964.4256073265
-964.4255843907
-964.4255906375
-964.4256119783
-964.4256814069
-964.4256924014
-964.4257248931
-964.4256902057
-964.4256848709
-964.4256533433
-964.4256772884
-964.4257269412
-964.4256719135
-964.4256440904
-964.4257006505
-964.4256627810
-964.4257012950
-964.4256887745
-964.4255278607
-964.4257359477
-964.4256983019
-964.4256551350
-964.4256934297
-964.4256504019
-964.4256188005
-964.4255079245
-964.4256243662
-964.4256806160
-964.4256626682
-964.4256768673
-964.4256877431
-964.4256895159
-964.4256977990
-964.4255994612
-964.4257335242
-964.4256635645
-964.4256645132
-964.4257099542
-964.4256818799
-964.4256273520
-964.4254564663
-964.4256963953
-964.4255654570
-964.4257305608
-964.4257267799
-964.4256152165
-964.4256843110
-964.4256345222
-964.4256668915
-964.4256373766
-964.4256886006
-964.4254559244
-964.4256606102
-964.4256858177
-964.4256432385
-964.4256791705
-964.4256789767
-964.4256459117
-964.4256706665
-964.4256500945
-964.4257280949
-964.4257130569
-964.4256608641
-964.4256614014
-964.4256852391
-964.4256626848
-964.4256468766
-964.4257168079
-964.4256784088
-964.4256134651
-964.4256158062
-964.4255253305
-964.4255520005
-964.4256123778
-964.4256378624
-964.4256315071
-964.4256628632
-964.4257284486
-964.4256776708
-964.4256268281
-964.4256934419
-964.4256289223
-964.4256446222
-964.4257230256
-964.4255824308
-964.4257099561
-964.4256181910
-964.4255498908
-964.4254990866
-964.4255794688
-964.4256169335
-964.4255601232
-964.4256649763
-964.4255998062
-964.4256623727
-964.4256615658
-964.4257241961
-964.4256925107
-964.4255806931
-964.4255998734
-964.4256956364
-964.4256367477
-964.4256653460
-964.4257345335
-964.4257221740
-964.4256348608
-964.4255754523
-964.4256491391
-964.4256522720
-964.4257215726
-964.4257318140
-964.4255993505
-964.4255270829
-964.4257033655
-964.4256270664
-964.4255000968
-964.4256466551
-964.4256971555
-964.4257344890
-964.4256777814
-964.4256277189
-964.4255047198
-964.4255781427
-964.4256268501
-964.4257129743
-964.4257009776
-964.4256238766
-964.4254847966
-964.4255747724
-964.4256600397
-964.4255687096
-964.4256809733
-964.4256907222
-964.4256515792
-964.4256259707
-964.4257047205
-964.4256729128
-964.4256867335
-964.4257281059
-964.4256625628
-964.4255070369
-964.4256506069
-964.4256750744
-964.4255928925
-964.4255741764
-964.4256360485
-964.4255741723
-964.4255916619
-964.4256032018
-964.4256902775
-964.4256710462
-964.4256660984
-964.4256265306
-964.4256494530
-964.4256179291
-964.4256580432
-964.4256740621
-964.4256232791
-964.4255653761
-964.4256791862
-964.4256593523
-964.4255852343
-964.4255516782
-964.4256715448
-964.4256329458
-964.4256906330
-964.4256665595
-964.4256907303
-964.4256333788
-964.4256900364
-964.4256669999
-964.4256900282
-964.4256611958
-964.4256560930
-964.4256627294
-964.4256133490
-964.4256425451
-964.4256952218
-964.4256881412
-964.4256601139
-964.4256492392
-964.4256713001
-964.4256140125
-964.4256451099
-964.4256267987
-964.4255973158
-964.4257012101
-964.4254597108
-964.4256660680
-964.4256842923
-964.4254521515
-964.4255277580
-964.4256872924
-964.4257010364
-964.4256350349
-964.4256663999
-964.4256329779
-964.4256561734
-964.4257108007
-964.4257184031
-964.4257264192
-964.4256720943
-964.4256251178
-964.4257035254
-964.4256828480
-964.4255680375
-964.4256482038
-964.4257109549
-964.4257261649
-964.4256293536
-964.4255105497
-964.4256210771
-964.4256908395
-964.4256717361
-964.4255699565
-964.4256074491
-964.4256276308
-964.4256924523
-964.4255616840
-964.4255592556
-964.4257178209
-964.4256331943
-964.4256414319
-964.4256032829
-964.4256967001
-964.4256025643
-964.4256909612
-964.4257098084
-964.4257291515
-964.4256749761
-964.4256485187
-964.4256547689
-964.4256404399
-964.4256634982
-964.4255817291
-964.4257177035
-964.4256748804
-964.4256499307
-964.4256693010
-964.4256395288
-964.4256975354
-964.4256353316
-964.4256855708
-964.4256203417
-964.4257147496
-964.4256375649
-964.4256701589
-964.4256438447
-964.4256045913
-964.4256496345
-964.4257324401
-964.4256450508
-964.4254553388
-964.4256394131
-964.4256895278
-964.4256746976
-964.4256884792
-964.4256136720
-964.4255670269
-964.4254683687
-964.4256691058
-964.4256953445
-964.4256438804
-964.4256449804
-964.4256232688
-964.4256681927
-964.4256693704
-964.4256747450
-964.4255980640
-964.4256742243
-964.4256431744
-964.4256334346
-964.4256969234
-964.4255716635
-964.4255552985
-964.4256465888
-964.4256585095
-964.4256725042
-964.4255266238
-964.4255194310
-964.4255976202
-964.4256392040
-964.4256736756
-964.4256396385
-964.4256577106
-964.4255564519
-964.4256161820
-964.4256581893
-964.4256504446
-964.4257414390
-964.4256369310
-964.4256767681
-964.4257239697
-964.4257080294
-964.4257243328
-964.4256419830
-964.4256494194
-964.4256615637
-964.4256964820
-964.4256571608
-964.4256892311
-964.4257383562
-964.4254453428
-964.4255275294
-964.4256547114
-964.4256072064
-964.4256648071
-964.4256447240
-964.4256615263
-964.4255224153
-964.4255985603
-964.4257365777
-964.4256970686
-964.4255262617
-964.4257115823
-964.4256898244
-964.4256517922
-964.4256434973
-964.4256299080
-964.4256826035
-964.4255970797
-964.4256944579
-964.4256384230
-964.4256263814
-964.4256603332
-964.4256636347
-964.4256842755
-964.4256569990
-964.4256114946
-964.4256303490
-964.4256408004
-964.4257032938
-964.4256482337
-964.4256870065
-964.4255259752
-964.4256011467
-964.4255498522
-964.4255814446
-964.4256777157
-964.4256902261
-964.4256992304
-964.4255784727
-964.4255245161
-964.4257059737
-964.4256864413
-964.4256372221
-964.4256801692
-964.4257101732
-964.4256493039
-964.4256969117
-964.4256847917
-964.4256492881
-964.4256322008
-964.4256285912
-964.4256640116
-964.4256992882
-964.4255956870
-964.4256520066
-964.4256667343
-964.4256917996
-964.4257081080
-964.4256805510
-964.4255915603
-964.4256504417
-964.4256733344
-964.4255935604
-964.4256279972
-964.4256565063
-964.4256583470
-964.4256421274
-964.4257046242
-964.4256453965
-964.4256392885
-964.4256704396
-964.4256399229
-964.4256870683
-964.4257257092
-964.4255837482
-964.4256630050
-964.4256281755
-964.4256590227
-964.4255521021
-964.4256930333
-964.4256467658
-964.4256894470
-964.4256616502
-964.4255743000
-964.4256140881
-964.4257043941
-964.4256617823
-964.4256285776
-964.4256151372
-964.4256911874
-964.4256854947
-964.4255571252
-964.4257119988
-964.4256368624
-964.4255676004
-964.4256864075
-964.4256607818
-964.4255342141
-964.4256697854
-964.4256486640
-964.4257024730
-964.4255615649
-964.4255517148
-964.4256933087
-964.4256699508
-964.4256464644
-964.4256839274
-964.4256455773
-964.4256020117
-964.4256405720
-964.4256654382
-964.4257001425
-964.4256918509
-964.4255850489
-964.4256719432
-964.4256153351
-964.4257133422
-964.4256563148
-964.4256975141
-964.4257268748
-964.4256394221
-964.4256837521
-964.4256573566
-964.4256860274
-964.4256489821
-964.4256002047
-964.4255079635
-964.4256357191
-964.4256426688
-964.4256389469
-964.4255935082
-964.4255692584
-964.4255673807
-964.4256788616
-964.4256464640
-964.4257205735
-964.4255891016
-964.4256511464
-964.4256705961
-964.4257486412
-964.4256527299
-964.4256641253
-964.4255758837
-964.4255929873
-964.4256517530
-964.4256567377
-964.4256987657
-964.4256149660
-964.4256884526
-964.4256827072
-964.4256858333
-964.4255687682
-964.4255040593
-964.4256524242
-964.4257055677
-964.4256566932
-964.4254942663
-964.4256398286
-964.4255226225
-964.4256735516
-964.4257034432
-964.4256472052
-964.4256831040
-964.4256393674
-964.4256895995
-964.4256799825
-964.4256573299
-964.4256542486
-964.4256273336
-964.4256341454
-964.4256199461
-964.4256585316
-964.4256221684
-964.4256933939
-964.4255921093
-964.4256807352
-964.4256829897
-964.4256188554
-964.4257348221
-964.4256812454
-964.4255936392
-964.4256507957
-964.4256442387
-964.4256787368
-964.4256624824
-964.4255610791
-964.4256594744
-964.4256777246
-964.4256657455
-964.4256653611
-964.4256930865
-964.4255513331
-964.4257088704
-964.4256210538
-964.4256354119
-964.4256744935
-964.4255324395
-964.4256772904
-964.4256414883
-964.4257213013
-964.4257057459
-964.4257473439
-964.4256387219
-964.4256586596
-964.4256391520
-964.4255633353
-964.4256396748
-964.4256534548
-964.4255188318
-964.4256513114
-964.4255538938
-964.4257014010
-964.4256999993
-964.4256152583
-964.4256183548
-964.4257126283
-964.4257322296
-964.4256029780
-964.4256676792
-964.4255651451
-964.4256821844
-964.4256309034
-964.4256581002
-964.4257139300
-964.4255750354
-964.4256247361
-964.4254695857
-964.4254709452
-964.4255781835
-964.4257147833
-964.4256156312
-964.4256351141
-964.4256364324
-964.4256631843
-964.4256466054
-964.4257143386
-964.4257029744
-964.4257168769
-964.4256491500
-964.4255970697
-964.4256385979
-964.4256465188
-964.4256813212
-964.4256462355
-964.4256529487
-964.4256761997
-964.4254453671
-964.4256294879
-964.4256617566
-964.4255873542
-964.4255417729
-964.4257049886
-964.4255769929
-964.4256895471
-964.4255956942
-964.4256209315
-964.4256646409
-964.4256904164
-964.4255683817
-964.4256890496
-964.4256703024
-964.4256552764
-964.4257127835
-964.4256794246
-964.4257114611
-964.4256590768
-964.4256868257
-964.4256071615
-964.4255616675
-964.4256533100
-964.4256055597
-964.4256444791
-964.4257050390
-964.4254412531
-964.4255627109
-964.4256483289
-964.4256879868
-964.4256750632
-964.4256267496
-964.4256466265
-964.4257005110
-964.4256834358
-964.4256745846
-964.4255706021
-964.4255301623
-964.4256764518
-964.4256545772
-964.4255951499
-964.4256790606
-964.4256711535
-964.4256396371
-964.4255551656
-964.4256139326
-964.4257063322
-964.4255910217
-964.4256812890
-964.4255866869
-964.4257127723
-964.4256392483
-964.4255827644
-964.4256781414
-964.4257000802
-964.4256416836
-964.4256516466
-964.4257282499
-964.4256139771
-964.4256392836
-964.4254428617
-964.4255877394
-964.4256727405
-964.4256893239
-964.4257088624
-964.4256035240
-964.4255138382
-964.4255220522
-964.4256134777
-964.4256998637
-964.4255127444
-964.4256829166
-964.4256616196
-964.4256692001
-964.4256510451
-964.4255875785
-964.4255250933
-964.4256236978
-964.4256008380
-964.4255912347
-964.4256570994
-964.4256298803
-964.4256632956
-964.4256808562
-964.4256024172
-964.4255627135
-964.4256810949
-964.4255984360
-964.4256627708
-964.4256717959
-964.4256925809
-964.4256591567
-964.4255809878
-964.4257242474
-964.4256196311
-964.4255856624
-964.4255770895
-964.4256912782
-964.4256271665
-964.4255790422
-964.4254347600
-964.4256180454
-964.4257404128
-964.4255178790
-964.4256547763
-964.4256081509
-964.4256394016
-964.4256226463
-964.4255262910
-964.4256119356
-964.4256857058
-964.4256338248
-964.4255767481
-964.4257161188
-964.4256407075
-964.4256138987
-964.4257126226
-964.4256817373
-964.4257155420
-964.4256881017
-964.4256661668
-964.4256466102
-964.4256315969
-964.4256953647
-964.4257003973
-964.4255502530
-964.4256831439
-964.4256838958
-964.4256181831
-964.4256613309
-964.4257370134
-964.4255648062
-964.4257193065
-964.4256362034
-964.4257003654
-964.4256774962
-964.4255785874
-964.4256291877
-964.4255962492
-964.4256925627
-964.4256725929
-964.4254541947
-964.4256903074
-964.4257218780
-964.4255936578
-964.4256081888
-964.4257110913
-964.4256106454
-964.4256142024
-964.4256434462
-964.4256164518
-964.4256712858
-964.4254563966
-964.4255489962
-964.4255642340
-964.4256767683
-964.4256006357
-964.4256328849
-964.4256877096
-964.4256270831
-964.4256835771
-964.4255443482
-964.4256241303
-964.4256510731
-964.4256399259
-964.4255287902
-964.4256581673
-964.4255951545
-964.4256628554
-964.4256560731
-964.4255292416
-964.4256893382
-964.4256141531
-964.4256679259
-964.4256508606
-964.4256134492
-964.4256225636
-964.4256423092
-964.4256534941
-964.4257116005
-964.4255350474
-964.4256328882
-964.4256382219
-964.4256714084
-964.4257303213
-964.4257058633
-964.4255785606
-964.4255611325
-964.4256897783
-964.4255534416
-964.4257229949
-964.4256922003
-964.4256391568
-964.4257182492
-964.4256367496
-964.4255935695
-964.4256496472
-964.4255576457
-964.4255887324
-964.4256006153
-964.4256465422
-964.4255607665
-964.4255503339
-964.4255680808
-964.4256222362
-964.4256629782
-964.4256213832
-964.4256361168
-964.4256518320
-964.4257097739
-964.4256980493
-964.4255899268
-964.4256425498
-964.4256569866
-964.4255418425
-964.4256742013
-964.4256268868
-964.4256455340
-964.4255913029
-964.4256401560
-964.4255932576
-964.4256654081
-964.4256210459
-964.4256386504
-964.4255598205
-964.4256574504
-964.4256097862
-964.4257035715
-964.4257109111
-964.4256442447
-964.4255778355
-964.4256490471
-964.4256792878
-964.4256999531
-964.4257204758
-964.4257007182
-964.4256519388
-964.4255766835
-964.4256447554
-964.4256272726
-964.4256868563
-964.4257054358
-964.4256703336
-964.4256170272
-964.4257169031
-964.4255841913
-964.4257060219
-964.4256376653
-964.4256602451
-964.4256406126
-964.4256393721
-964.4256722294
-964.4256229163
-964.4257143161
-964.4256534321
-964.4256546927
-964.4257017152
-964.4256981480
-964.4255704967
-964.4256356186
-964.4256260634
-964.4256349950
-964.4254307370
-964.4256417388
-964.4256664158
-964.4255675494
-964.4256641855
-964.4255992854
-964.4256886321
-964.4256797751
-964.4256301917
-964.4256284578
-964.4255745990
-964.4256993935
-964.4256772133
-964.4255198291
-964.4256977603
-964.4256882510
-964.4255905604
-964.4256821630
-964.4257100101
-964.4256687135
-964.4257063950
-964.4256529490
-964.4255872427
-964.4256343498
-964.4257286886
-964.4256513243
-964.4256422116
-964.4255932230
-964.4256043887
-964.4256693784
-964.4256349542
-964.4256735624
-964.4255326997
-964.4256827708
-964.4256970804
-964.4256597251
-964.4256371008
-964.4256084093
-964.4256484071
-964.4255596316
-964.4256109061
-964.4256505383
-964.4256979882
-964.4254948377
-964.4256998464
-964.4254767776
-964.4256183872
-964.4255640270
-964.4256942742
-964.4256971667
-964.4256462481
-964.4256678176
-964.4257111733
-964.4257116210
-964.4257189246
-964.4256683122
-964.4256038868
-964.4256763849
-964.4256153384
-964.4256566500
-964.4256495665
-964.4256468838
-964.4256692953
-964.4256068295
-964.4256680344
-964.4256346315
-964.4255493611
-964.4255857754
-964.4256118339
-964.4255848730
-964.4256147794
-964.4257192347
-964.4256825968
-964.4257040056
-964.4255942676
-964.4256291167
-964.4256964014
-964.4257197860
-964.4257016808
-964.4255964352
-964.4256143314
-964.4256561889
-964.4257243522
-964.4256095314
-964.4256546031
-964.4255688624
-964.4256222456
-964.4255539605
-964.4256613624
-964.4256369549
