-964.4131140798
-964.4142987855
-964.4126491327
-964.4176333057
-964.4162496660
-964.4093567975
-964.4082157579
-964.4165037965
-964.4102790510
-964.4251415332
-964.4253742698
-964.4253118727
-964.4254503439
-964.4255085737
-964.4254231007
-964.4254438727
-964.4253646468
-964.4255085321
-964.4256744377
-964.4254498262
-964.4254715142
-964.4253675715
-964.4252689477
-964.4254448865
-964.4252692849
-964.4252039652
-964.4254626676
-964.4256306658
-964.4257124334
-964.4257125090
-964.4257149158
-964.4257061645
-964.4257059973
-964.4257118389
-964.4257090287
-964.4257086835
-964.4257181961
-964.4257101529
-964.4257138125
-964.4257189612
-964.4257080691
-964.4257095283
-964.4257140860
-964.4257125976
-964.4257231582
-964.4257055872
-964.4257072704
-964.4257107919
-964.4257124705
-964.4257138445
-964.4257162697
-964.4257147171
-964.4254888026
-964.4254800580
-964.4253863586
-964.4253082957
-964.4253391382
-964.4254961607
-964.4255560136
-964.4254513465
-964.4250417303
-964.4252124321
-964.4255120664
-964.4255429038
-964.4251900349
-964.4255113810
-964.4254584395
-964.4252133441
-964.4257162764
-964.4257104825
-964.4257092315
-964.4257071627
-964.4257126404
-964.4257030366
-964.4257185360
-964.4257034263
-964.4257074218
-964.4257111789
-964.4257106215
-964.4257129629
-964.4256987183
-964.4257107695
-964.4257145353
-964.4257114404
-964.4257164701
-964.4257094207
-964.4257200182
-964.4257038704
-964.4257144705
-964.4254405741
-964.4255627181
-964.4253406677
-964.4254648460
-964.4254947562
-964.4251658740
-964.4254622608
-964.4253288216
-964.4254992407
-964.4253691030
-964.4254467396
-964.4251352262
-964.4255141568
-964.4254364946
-964.4253461790
-964.4254230072
-964.4254614373
-964.4253540514
-964.4257178019
-964.4253954041
-964.4251205101
-964.4253924165
-964.4253865175
-964.4253842530
-964.4254329689
-964.4251463290
-964.4253696518
-964.4252185883
-964.4254056340
-964.4254198196
-964.4254533662
-964.4254339879
-964.4254674557
-964.4255742495
-964.4256099230
-964.4256324154
-964.4255067760
-964.4254916495
-964.4255053084
-964.4252887474
-964.4254508089
-964.4254054990
-964.4253511292
-964.4252816776
-964.4254817258
-964.4254616046
-964.4253617427
-964.4252885387
-964.4251343096
-964.4255652876
-964.4253528895
-964.4253445858
-964.4252663454
-964.4253342032
-964.4253368566
-964.4255325729
-964.4255169982
-964.4253444843
-964.4256231055
-964.4253914193
-964.4254714730
-964.4253098241
-964.4249956838
-964.4254723136
-964.4252114676
-964.4255239978
-964.4254919289
-964.4255834331
-964.4253692996
-964.4254654783
-964.4255510386
-964.4255255886
-964.4255620290
-964.4252953052
-964.4253986023
-964.4254906440
-964.4254088393
-964.4250886445
-964.4255295611
-964.4255090647
-964.4255361881
-964.4254713678
-964.4253619952
-964.4254651693
-964.4252224714
-964.4253540611
-964.4253335467
-964.4254419149
-964.4251212966
-964.4253603115
-964.4255210905
-964.4253460578
-964.4254021066
-964.4253466869
-964.4253625865
-964.4251940683
-964.4256477450
-964.4254915487
-964.4251808696
-964.4250495227
-964.4257174293
-964.4251647772
-964.4254850672
-964.4252913607
-964.4253865650
-964.4255164480
-964.4254347400
-964.4253358034
-964.4254890871
-964.4254851200
-964.4254106132
-964.4256452351
-964.4254481114
-964.4257182772
-964.4253266985
-964.4252978051
-964.4254959264
-964.4252639502
-964.4255689458
-964.4254763522
-964.4257164339
-964.4254659326
-964.4253758955
-964.4254173612
-964.4257179905
-964.4255373236
-964.4253526262
-964.4252685157
-964.4252650704
-964.4253098463
-964.4254697029
-964.4251285197
-964.4249681148
-964.4253865741
-964.4253474994
-964.4253771045
-964.4254205095
-964.4253148673
-964.4255086082
-964.4253654705
-964.4255703445
-964.4254802441
-964.4255691630
-964.4253415370
-964.4253315876
-964.4253029987
-964.4254682655
-964.4254681037
-964.4254996721
-964.4253842769
-964.4251782010
-964.4254551960
-964.4254961970
-964.4257172614
-964.4253261605
-964.4254032091
-964.4254355319
-964.4255291667
-964.4253407874
-964.4252564516
-964.4255383276
-964.4257173342
-964.4255177088
-964.4253556189
-964.4255571524
-964.4254659990
-964.4252665517
-964.4257188327
-964.4253401303
-964.4252336685
-964.4255145359
-964.4254689240
-964.4252086183
-964.4254922836
-964.4253776011
-964.4250387030
-964.4256137663
-964.4255654427
-964.4252186319
-964.4255683985
-964.4255863917
-964.4253536208
-964.4253245377
-964.4253965912
-964.4253589113
-964.4255672880
-964.4254583052
-964.4255661684
-964.4254645606
-964.4254845265
-964.4253922580
-964.4251401669
-964.4253749486
-964.4256542463
-964.4255445386
-964.4254935269
-964.4254085058
-964.4255268866
-964.4252437444
-964.4253416535
-964.4252333373
-964.4252164777
-964.4250434974
-964.4253006056
-964.4254263762
-964.4252915163
-964.4253757234
-964.4252857452
-964.4252746376
-964.4250158858
-964.4253843739
-964.4254123478
-964.4255245724
-964.4254448902
-964.4254416754
-964.4251124123
-964.4253608759
-964.4254450708
-964.4255115215
-964.4253604936
-964.4251588836
-964.4255885403
-964.4252936508
-964.4255601969
-964.4257182313
-964.4254376913
-964.4256089533
-964.4253476164
-964.4254561251
-964.4254641624
-964.4254064964
-964.4254563813
-964.4255614887
-964.4251839855
-964.4255111687
-964.4254098190
-964.4255218170
-964.4254580344
-964.4253739669
-964.4252733005
-964.4253372788
-964.4253091975
-964.4252549719
-964.4254874727
-964.4252855427
-964.4253775303
-964.4257172435
-964.4256158127
-964.4251696515
-964.4254215886
-964.4256374643
-964.4253657848
-964.4255297129
-964.4253451887
-964.4257174804
-964.4255211823
-964.4255100724
-964.4253504305
-964.4253123898
-964.4252122140
-964.4254808917
-964.4254127529
-964.4254577866
-964.4252919662
-964.4254946282
-964.4256498191
-964.4255238453
-964.4256759035
-964.4255313786
-964.4255547872
-964.4254542026
-964.4254643937
-964.4252544505
-964.4254313254
-964.4255095577
-964.4256106054
-964.4251596893
-964.4254773822
-964.4253521995
-964.4253321433
-964.4254546576
-964.4250326302
-964.4252662210
-964.4254050266
-964.4251039691
-964.4254466572
-964.4255379153
-964.4251328827
-964.4255626459
-964.4253481703
-964.4255835552
-964.4252068872
-964.4254066026
-964.4252662591
-964.4253726863
-964.4254039195
-964.4253818241
-964.4254867374
-964.4253502049
-964.4255468459
-964.4253731371
-964.4253496845
-964.4256025780
-964.4251332129
-964.4254543225
-964.4253124159
-964.4253888370
-964.4253733346
-964.4254716074
-964.4251123399
-964.4253400856
-964.4254230848
-964.4253969867
-964.4254468643
-964.4253442964
-964.4252581342
-964.4252129614
-964.4254614745
-964.4253460182
-964.4252971943
-964.4252580830
-964.4253018156
-964.4253322112
-964.4255241886
-964.4253595523
-964.4254880511
-964.4252959537
-964.4257180705
-964.4254336666
-964.4250358078
-964.4251777867
-964.4254533858
-964.4252155698
-964.4256251059
-964.4252537909
-964.4254607976
-964.4255467021
-964.4255328179
-964.4253315594
-964.4249614385
-964.4254769745
-964.4254263451
-964.4254354172
-964.4253312492
-964.4254940159
-964.4254722539
-964.4253167857
-964.4255637760
-964.4253504171
-964.4253105751
-964.4252369171
-964.4254932617
-964.4254359840
-964.4254473203
-964.4253500204
-964.4253870115
-964.4253205633
-964.4252825988
-964.4255995984
-964.4253550207
-964.4252879517
-964.4254443379
-964.4256563180
-964.4254804730
-964.4253933211
-964.4253821584
-964.4256061418
-964.4254277583
-964.4253942625
-964.4252738664
-964.4254038691
-964.4254523622
-964.4254045661
-964.4253369556
-964.4253987583
-964.4253978170
-964.4251943448
-964.4253979654
-964.4254442941
-964.4254798801
-964.4253398577
-964.4256179378
-964.4255391386
-964.4252819466
-964.4253743753
-964.4256500697
-964.4252134657
-964.4253657688
-964.4254626633
-964.4251968094
-964.4253798962
-964.4254051700
-964.4253272481
-964.4255775121
-964.4253364945
-964.4255106982
-964.4252227289
-964.4255059048
-964.4252134873
-964.4252439902
-964.4253878093
-964.4255536149
-964.4254479910
-964.4253332807
-964.4251405600
-964.4253156156
-964.4252646221
-964.4253523903
-964.4257178820
-964.4255167260
-964.4255098557
-964.4253473567
-964.4252439983
-964.4253931833
-964.4254724598
-964.4253410127
-964.4253545203
-964.4251199069
-964.4253214363
-964.4255427864
-964.4254537424
-964.4254661672
-964.4253124850
-964.4256196817
-964.4253835737
-964.4254934244
-964.4253669480
-964.4251083414
-964.4255325509
-964.4250993449
-964.4255256415
-964.4253438036
-964.4255861629
-964.4254187783
-964.4250137261
-964.4253871307
-964.4254348791
-964.4257185127
-964.4253640359
-964.4254410162
-964.4255674442
-964.4255616716
-964.4252734730
-964.4254554770
-964.4254680546
-964.4255722646
-964.4253370009
-964.4254383785
-964.4252681115
-964.4253255464
-964.4252732336
-964.4254824749
-964.4254018895
-964.4253367047
-964.4254672756
-964.4255221412
-964.4251225107
-964.4255509574
-964.4253964480
-964.4253982995
-964.4255263086
-964.4253957239
-964.4257177856
-964.4253619143
-964.4254128880
-964.4253460599
-964.4254633866
-964.4251671911
-964.4253788703
-964.4254126090
-964.4253685062
-964.4252721034
-964.4252551504
-964.4254329163
-964.4255980571
-964.4254680183
-964.4253035656
-964.4254459163
-964.4253786475
-964.4255545780
-964.4255346964
-964.4252493934
-964.4254278109
-964.4252805904
-964.4250997155
-964.4252768750
-964.4253122736
-964.4254386363
-964.4254133476
-964.4255022488
-964.4253663343
-964.4255527234
-964.4255752304
-964.4252453070
-964.4254613125
-964.4254913792
-964.4249106838
-964.4250172168
-964.4255493581
-964.4253795023
-964.4254524614
-964.4251758873
-964.4254227331
-964.4254793952
-964.4253280337
-964.4253926668
-964.4252876145
-964.4253423909
-964.4253230529
-964.4251316793
-964.4252060311
-964.4252423276
-964.4257176828
-964.4255137905
-964.4253756914
-964.4253679496
-964.4255578245
-964.4254661030
-964.4255017145
-964.4255239339
-964.4255058164
-964.4254179676
-964.4256004032
-964.4253797068
-964.4253935591
-964.4255985115
-964.4254384397
-964.4253444489
-964.4256547976
-964.4253245047
-964.4251037269
-964.4255562457
-964.4254276998
-964.4250529742
-964.4253182856
-964.4252134219
-964.4253126275
-964.4253662787
-964.4256094925
-964.4254334106
-964.4253992746
-964.4253428045
-964.4251747040
-964.4254689991
-964.4254673795
-964.4252322509
-964.4253392506
-964.4251858458
-964.4253163657
-964.4253886005
-964.4251802113
-964.4254811159
-964.4254637341
-964.4255239467
-964.4254594571
-964.4254730662
-964.4253352143
-964.4254479543
-964.4254548300
-964.4256101265
-964.4252890646
-964.4251315320
-964.4254673972
-964.4255820763
-964.4255635133
-964.4254193891
-964.4254979207
-964.4252348278
-964.4251502590
-964.4255020302
-964.4256356994
-964.4251626191
-964.4251950648
-964.4254602744
-964.4257179442
-964.4254358419
-964.4253099381
-964.4254385926
-964.4252102475
-964.4253881639
-964.4251929107
-964.4254251341
-964.4255194449
-964.4254445699
-964.4252583429
-964.4253843992
-964.4254927802
-964.4254721746
-964.4252971273
-964.4254171822
-964.4253847945
-964.4253458884
-964.4255655507
-964.4254251261
-964.4253419262
-964.4256025414
-964.4256662968
-964.4255273330
-964.4254948189
-964.4254977100
-964.4253840152
-964.4254791297
-964.4253973120
-964.4251931755
-964.4254632249
-964.4254345917
-964.4252879706
-964.4252551720
-964.4254769483
-964.4256161429
-964.4254864394
-964.4254789960
-964.4254100808
-964.4252970590
-964.4251327716
-964.4254418180
-964.4255187278
-964.4252645659
-964.4253872830
-964.4253473456
-964.4253385298
-964.4253819510
-964.4254900071
-964.4253826098
-964.4255173662
-964.4254519116
-964.4253054185
-964.4253505895
-964.4254797118
-964.4253759078
-964.4254962320
-964.4252412971
-964.4253119922
-964.4256339736
-964.4252330451
-964.4253107623
-964.4255301656
-964.4253958930
-964.4252765963
-964.4252701112
-964.4251143505
-964.4254598904
-964.4250970647
-964.4255638026
-964.4253463082
-964.4252933034
-964.4255178271
-964.4253760968
-964.4254796405
-964.4254603359
-964.4253074250
-964.4257192366
-964.4254962487
-964.4253771996
-964.4252259475
-964.4253563527
-964.4254657882
-964.4257174797
-964.4253256315
-964.4255141284
-964.4254445069
-964.4252510214
-964.4254323803
-964.4254615225
-964.4252152956
-964.4254005691
-964.4256111249
-964.4253411196
-964.4253035463
-964.4253249437
-964.4255210348
-964.4255040999
-964.4255632355
-964.4254176895
-964.4255686505
-964.4253839537
-964.4254042174
-964.4255010625
-964.4255429085
-964.4251418857
-964.4253901961
-964.4253140111
-964.4257168615
-964.4255664470
-964.4253888557
-964.4253737522
-964.4253246536
-964.4252950371
-964.4251577228
-964.4254772248
-964.4254093820
-964.4253405217
-964.4253485893
-964.4255243139
-964.4252878472
-964.4257166225
-964.4252243885
-964.4253044989
-964.4254260352
-964.4253571274
-964.4252185506
-964.4255880747
-964.4254899272
-964.4254221986
-964.4253680375
-964.4254014442
-964.4254758189
-964.4252726688
-964.4255106474
-964.4255606736
-964.4254689443
-964.4252964530
-964.4253836300
-964.4254109544
-964.4252911506
-964.4253938493
-964.4254586245
-964.4257171599
-964.4251303956
-964.4256336118
-964.4254269937
-964.4252823494
-964.4254592683
-964.4253310474
-964.4254375866
-964.4254761069
-964.4250712213
-964.4253139210
-964.4253848534
-964.4254080050
-964.4253530213
-964.4254400194
-964.4254098314
-964.4251742983
-964.4253472312
-964.4254714929
-964.4252670392
-964.4254884379
-964.4253788087
-964.4253445539
-964.4252201292
-964.4251771942
-964.4251418124
-964.4254139612
-964.4256547445
-964.4254243116
-964.4254829018
-964.4255315031
-964.4252945329
-964.4255541697
-964.4254945681
-964.4256087876
-964.4252843224
-964.4254556202
-964.4253461981
-964.4253458855
-964.4251784497
-964.4254656306
-964.4254316250
-964.4254743667
-964.4254149254
-964.4254649209
-964.4253454178
-964.4251982481
-964.4254374258
-964.4253486522
-964.4254401385
-964.4253983098
-964.4255017187
-964.4254413155
-964.4252981767
-964.4253095297
-964.4256267456
-964.4257173317
-964.4254718962
-964.4254387721
-964.4253185593
-964.4255432338
-964.4252121135
-964.4254392381
-964.4252748916
-964.4252149161
-964.4251516413
-964.4254043576
-964.4255969395
-964.4254135925
-964.4254914295
-964.4251426895
-964.4252069100
-964.4252175888
-964.4253052950
-964.4253474887
-964.4254549319
-964.4252386895
-964.4254620550
-964.4254500175
-964.4254255713
-964.4255480102
-964.4251947330
-964.4253036962
-964.4254342044
-964.4254143860
-964.4253999371
-964.4254497633
-964.4254027448
-964.4255483764
-964.4253673070
-964.4256074728
-964.4253729346
-964.4250655344
-964.4256778508
-964.4255620678
-964.4255019417
-964.4255705494
-964.4254981590
-964.4251909829
-964.4250553635
-964.4253979044
-964.4256132575
-964.4255241985
-964.4255079720
-964.4254513796
-964.4254248412
-964.4255572204
-964.4255317993
-964.4254091993
-964.4253437791
-964.4253744848
-964.4252414318
-964.4254626918
-964.4255155607
-964.4252243725
-964.4257178855
-964.4254693498
-964.4254378192
-964.4253091922
-964.4253787905
-964.4254002112
-964.4254752220
-964.4253828537
-964.4252397336
-964.4254758371
-964.4252825936
-964.4254441586
-964.4254390117
-964.4257181966
-964.4254038580
-964.4255672506
-964.4254757905
-964.4254136477
-964.4254348584
-964.4255481614
-964.4254207328
-964.4254143596
-964.4253771750
-964.4253660521
-964.4252941663
-964.4254812852
-964.4254470255
-964.4255879904
-964.4254616858
-964.4253936271
-964.4254942242
-964.4251899990
-964.4253918629
-964.4251999727
-964.4254045876
-964.4255306690
-964.4252807232
-964.4254825698
-964.4257194500
-964.4253103586
-964.4255436897
-964.4253275877
-964.4254084274
-964.4254466579
-964.4253613385
-964.4254963548
-964.4253535130
-964.4255290662
-964.4255256382
-964.4253079491
-964.4253475406
-964.4255041973
-964.4253356844
-964.4249954404
-964.4254301725
-964.4254528556
-964.4254277619
-964.4254477287
-964.4252413963
-964.4253394258
-964.4254824094
-964.4255663103
-964.4255198045
-964.4251144748
-964.4254179933
-964.4256268570
-964.4252968564
-964.4252677372
-964.4254747086
-964.4252903804
-964.4253942059
-964.4253597064
-964.4253458390
-964.4255171445
-964.4252833061
-964.4254444686
-964.4254243803
-964.4251888878
-964.4250390141
-964.4255518523
-964.4254169933
-964.4254337757
-964.4254727017
-964.4252714618
-964.4254978845
-964.4254263923
-964.4252621933
-964.4251473863
-964.4252306724
-964.4257175523
-964.4253166704
-964.4251886141
-964.4254336712
-964.4254225709
-964.4253550556
-964.4254517563
-964.4256337359
-964.4253929751
-964.4253423359
-964.4250731517
-964.4252632298
-964.4254139640
-964.4254674149
-964.4256282490
-964.4255034759
-964.4253476056
-964.4252780346
-964.4252810207
-964.4254466485
-964.4254420886
-964.4254269356
-964.4252169346
-964.4251805994
-964.4255108715
-964.4254243973
-964.4251920246
-964.4256717283
-964.4253619626
-964.4252167678
-964.4252472781
-964.4250070432
-964.4253372179
-964.4253416862
-964.4253417985
-964.4254610381
-964.4253741374
-964.4253695195
-964.4251120775
-964.4254596693
-964.4253128374
-964.4252937670
-964.4252376002
-964.4253860741
-964.4253496810
-964.4254789178
-964.4254948054
-964.4254224324
-964.4255035535
-964.4254570167
-964.4252759684
-964.4256045615
-964.4254634264
-964.4253857105
-964.4253390357
-964.4252553684
-964.4252403718
-964.4250986917
-964.4254233758
-964.4255187916
-964.4253616328
-964.4253730033
-964.4254821936
-964.4255999492
-964.4254104581
-964.4252995057
-964.4255088869
-964.4254236247
-964.4255266312
-964.4253604432
-964.4254500379
-964.4255513525
-964.4254760319
-964.4253332873
-964.4251872982
-964.4254313022
-964.4254572595
-964.4252710080
-964.4253340806
-964.4253445793
-964.4253767844
-964.4255891697
-964.4254290316
-964.4255688732
-964.4251846529
-964.4253523700
-964.4251960862
-964.4250996925
-964.4255853653
-964.4255724035
-964.4254237113
-964.4255457386
-964.4254827425
-964.4250641255
-964.4255146795
-964.4250887556
-964.4252738261
-964.4253423159
-964.4256074626
-964.4254172132
-964.4250488367
-964.4253491826
-964.4254376650
-964.4251411146
-964.4257183530
-964.4255167669
-964.4253431281
-964.4253903606
-964.4254036315
-964.4255105827
-964.4252949740
-964.4252126853
-964.4253447710
-964.4253890086
-964.4254318269
-964.4253082680
-964.4254242543
-964.4253363709
-964.4254562563
-964.4254714108
-964.4255269718
-964.4250492222
-964.4255395703
-964.4253474754
-964.4253842818
-964.4254938774
-964.4255063922
-964.4252989972
-964.4253871996
-964.4254804334
-964.4254564921
-964.4252656917
-964.4251080199
-964.4256722150
-964.4253881706
-964.4254683060
-964.4253551496
-964.4251403633
-964.4254135010
-964.4253363782
-964.4254357177
-964.4253632167
-964.4252748670
-964.4253650440
-964.4253127000
-964.4256594826
-964.4254056169
-964.4254281501
-964.4253628191
-964.4254181821
-964.4253154628
-964.4252768646
-964.4253841978
-964.4253732449
-964.4255750625
-964.4255462693
-964.4253509163
-964.4254625478
-964.4254955645
-964.4252917312
-964.4253897183
-964.4251512600
-964.4255547175
-964.4254130514
-964.4252949696
-964.4254377669
-964.4257176882
-964.4252507201
-964.4254560839
-964.4252503028
-964.4254260613
-964.4254229920
-964.4254904543
-964.4253279342
-964.4255023716
-964.4257172371
-964.4253040477
-964.4252589225
-964.4252639911
-964.4254293577
-964.4252950683
-964.4254794668
-964.4253719767
-964.4255832249
-964.4254442169
-964.4253468233
-964.4255077384
-964.4255230059
-964.4253141472
-964.4255116045
-964.4254779137
-964.4254895211
-964.4254041198
-964.4255414387
-964.4255763898
-964.4252842993
-964.4254150562
-964.4254351631
-964.4255085386
-964.4252064835
-964.4252892755
-964.4254006389
-964.4254470811
-964.4253809908
-964.4252432988
-964.4253864348
-964.4252733376
-964.4253061929
-964.4254488478
-964.4252803732
-964.4253824726
-964.4254552344
-964.4255998266
-964.4254179989
-964.4253129989
-964.4255200774
-964.4255106059
-964.4251111690
-964.4255066803
-964.4251609611
-964.4254028026
-964.4252925501
-964.4253408157
-964.4253298328
-964.4253846035
-964.4253952545
-964.4251547339
-964.4251626369
-964.4253200063
-964.4254958105
-964.4257183180
-964.4255822092
-964.4254428127
-964.4254015248
-964.4255235690
-964.4255434031
-964.4254916816
-964.4252696614
-964.4255339194
-964.4252415438
-964.4254435831
-964.4253679759
-964.4250918711
-964.4252528465
-964.4252233329
-964.4254723230
-964.4256015452
-964.4253069859
-964.4254553054
-964.4252402425
-964.4252904177
-964.4254104398
-964.4253366638
-964.4251979893
-964.4255697073
-964.4254731509
-964.4254774917
-964.4252649854
-964.4255115002
-964.4254518175
-964.4254055906
-964.4253216381
-964.4256215862
-964.4253788636
-964.4252719854
-964.4253786455
-964.4250571072
-964.4255931317
-964.4254193753
-964.4255566096
-964.4254873162
-964.4251933502
-964.4252340197
-964.4254131814
-964.4255049773
-964.4252435631
-964.4254789673
-964.4255020488
-964.4252718784
-964.4255479229
-964.4255267339
-964.4253191342
-964.4254392240
-964.4254235470
-964.4255795017
-964.4252935387
-964.4254222635
-964.4252591297
-964.4252851817
-964.4252793775
-964.4253315362
-964.4254513394
-964.4251034030
-964.4253466693
-964.4253574261
-964.4254291293
-964.4256410728
-964.4254581937
-964.4254515236
-964.4253421677
-964.4255277505
-964.4253802116
-964.4254720732
-964.4253712136
-964.4253268471
-964.4251522089
-964.4251535202
-964.4254311546
-964.4253258686
-964.4253222437
-964.4254904862
-964.4252217006
-964.4254128905
-964.4254868842
-964.4254531535
-964.4254282778
-964.4253564507
-964.4254648639
-964.4255410054
-964.4253593648
-964.4255350451
-964.4251713992
-964.4254030532
-964.4255103224
-964.4253776860
-964.4257177185
-964.4250755023
-964.4253462140
-964.4257174477
-964.4252187714
-964.4253320912
-964.4255161400
-964.4254839456
-964.4254861294
-964.4255143575
-964.4251588059
-964.4251431869
-964.4253207143
-964.4253652474
-964.4253795109
-964.4255896240
-964.4254816510
-964.4253893315
-964.4252034937
-964.4252220043
-964.4251671406
-964.4256650443
-964.4257179447
-964.4256056837
-964.4255094824
-964.4254040076
-964.4255596605
-964.4254305617
-964.4254151389
-964.4254040088
-964.4254859811
-964.4255109150
-964.4257180085
-964.4253225163
-964.4255036977
-964.4253009700
-964.4255660979
-964.4254246481
-964.4254336928
-964.4256087380
-964.4252984598
-964.4255267672
-964.4251763334
-964.4254929069
-964.4252953816
-964.4254198036
-964.4254581932
-964.4253803518
-964.4249381942
-964.4252915075
-964.4255491986
-964.4254721488
-964.4254087079
-964.4254823448
-964.4255027334
-964.4254305960
-964.4252271179
-964.4253631935
-964.4251820631
-964.4252780839
-964.4255469952
-964.4251944853
-964.4253959896
-964.4257180917
-964.4254633686
-964.4254278939
-964.4252595042
-964.4253380917
-964.4254184511
-964.4254670368
-964.4253978662
-964.4253624675
-964.4254639592
-964.4253751747
-964.4252324854
-964.4251418647
-964.4255050226
-964.4253820470
-964.4250310730
-964.4253019961
-964.4252773004
-964.4253914138
-964.4255805050
-964.4255582898
-964.4253754195
-964.4253598299
-964.4256924476
-964.4254284053
-964.4253289175
-964.4254851130
-964.4254412056
-964.4254894155
-964.4255462206
-964.4253299954
-964.4255447097
-964.4253849832
-964.4257180701
-964.4251354719
-964.4254120222
-964.4254664215
-964.4254017406
-964.4252456501
-964.4255543583
-964.4254824094
-964.4253147093
-964.4253502157
-964.4253086478
-964.4253479749
-964.4253182640
-964.4254423023
-964.4255014862
-964.4253886057
-964.4248901523
-964.4253580252
-964.4251733886
-964.4254177689
-964.4251280784
-964.4253764662
-964.4252062313
-964.4254203656
-964.4255077544
-964.4252324264
-964.4254337948
-964.4254270501
-964.4252333641
-964.4253056278
-964.4255924523
-964.4254000578
-964.4253386027
-964.4254051854
-964.4252939945
-964.4253961157
-964.4253455162
-964.4254840181
-964.4254298727
-964.4253896918
-964.4253752999
-964.4252967606
-964.4252036491
-964.4255545223
-964.4255968523
-964.4254661954
-964.4254542002
-964.4254693550
-964.4256327290
-964.4254656757
-964.4254147149
-964.4254511020
-964.4254554733
-964.4253757459
-964.4251745394
-964.4253577025
-964.4255141754
-964.4254441497
-964.4250136612
-964.4254571909
-964.4250002206
-964.4254560192
-964.4255963695
-964.4252720762
-964.4255289938
-964.4253261536
-964.4253780853
-964.4255587745
-964.4254649943
-964.4256040733
-964.4254634459
-964.4251604905
-964.4254062853
-964.4254078007
-964.4254436270
-964.4250617992
-964.4252144722
-964.4254423026
-964.4252491150
-964.4253530066
-964.4254275768
-964.4252173691
-964.4253667725
-964.4253930026
-964.4254761988
-964.4253935127
-964.4253776243
-964.4254487962
-964.4255289326
-964.4254827410
-964.4254150098
-964.4253902730
-964.4252730180
-964.4254319252
-964.4254283312
-964.4253827182
-964.4254827638
-964.4253885664
-964.4254414443
-964.4254407824
-964.4253313107
-964.4252425732
-964.4254847804
-964.4254142554
-964.4254064409
-964.4252980075
-964.4253453761
-964.4254783811
-964.4251456322
-964.4253293413
-964.4252708446
-964.4252674820
-964.4253814575
-964.4253829298
-964.4254019519
-964.4253846428
-964.4254875895
-964.4255478374
-964.4252241447
-964.4254536096
-964.4252272236
-964.4250261841
-964.4253814710
-964.4255236343
-964.4253538725
-964.4254096843
-964.4255069987
-964.4255178126
-964.4255066390
-964.4252776128
-964.4253142832
-964.4255077683
-964.4253588662
-964.4251793238
-964.4255434461
-964.4254107189
-964.4254195980
-964.4255231146
-964.4255440428
-964.4256246746
-964.4255144021
-964.4253874895
-964.4254631865
-964.4255663343
-964.4252883685
-964.4253933630
-964.4251720990
-964.4253418873
-964.4251765467
-964.4255745934
-964.4253514948
-964.4254030108
-964.4252911055
-964.4253406886
-964.4255155658
-964.4253809591
-964.4254490339
-964.4254599438
-964.4252440738
-964.4254801825
-964.4253403306
-964.4253035108
-964.4250735695
-964.4254185314
-964.4253148883
-964.4253770144
-964.4255751084
-964.4254752640
-964.4253801086
-964.4253571116
-964.4254200763
-964.4253876834
-964.4256188568
-964.4256452383
-964.4255214701
-964.4255341017
-964.4253897012
-964.4253682467
-964.4253791266
-964.4252089362
-964.4252764282
-964.4252132788
-964.4255550070
-964.4254163640
-964.4252984379
-964.4253511315
-964.4253362920
-964.4254242048
-964.4251882733
-964.4253418391
-964.4253948304
-964.4252753217
-964.4253337513
-964.4252654016
-964.4256122211
-964.4253393150
-964.4256084044
-964.4256234601
-964.4251991949
-964.4253834231
-964.4253327828
-964.4253647276
-964.4254338656
-964.4252307577
-964.4254420808
-964.4252667569
-964.4254054049
-964.4253418213
-964.4253412731
-964.4254336156
-964.4252871153
-964.4254346008
-964.4254847285
-964.4254674816
-964.4255125131
-964.4253702414
-964.4253847507
-964.4254534999
-964.4252188684
-964.4254038016
-964.4255568087
-964.4255708878
-964.4255533406
-964.4251029501
-964.4254367865
-964.4253223723
-964.4253164545
-964.4253954401
-964.4253147495
-964.4253398042
-964.4253845480
-964.4251752448
-964.4252534704
-964.4251624872
-964.4253601600
-964.4254492340
-964.4252279175
-964.4254465658
-964.4252631487
-964.4254375228
-964.4254076738
-964.4253322143
-964.4251853673
-964.4254154477
-964.4253689948
-964.4254548492
-964.4255037075
-964.4253493156
-964.4255294595
-964.4251673206
-964.4254943090
-964.4251733607
-964.4255189793
-964.4252718159
-964.4255602695
-964.4255620891
-964.4254921708
-964.4252830788
-964.4253917047
-964.4253936113
-964.4252691525
-964.4254232483
-964.4253683966
-964.4255831294
-964.4253831735
-964.4253512347
-964.4254624235
-964.4254624350
-964.4252711369
-964.4254176593
-964.4254339454
-964.4255286362
-964.4253902047
-964.4252191383
-964.4255868913
-964.4254591408
-964.4253137649
-964.4253397634
-964.4254799089
-964.4252642048
-964.4251851946
-964.4253878242
-964.4255038333
-964.4255234910
-964.4254195811
-964.4253873570
-964.4255787011
-964.4254395171
-964.4253330575
-964.4252022692
-964.4253512062
-964.4254286930
-964.4251433744
-964.4254600199
-964.4254314457
-964.4255047470
-964.4255166893
-964.4255139694
-964.4255650888
-964.4252004584
-964.4250247851
-964.4251963159
-964.4251720371
-964.4257173697
-964.4253983821
-964.4255468905
-964.4253130437
-964.4253274611
-964.4253832847
-964.4255139604
-964.4253782525
-964.4254856043
-964.4253363237
-964.4252311751
-964.4252892462
-964.4253858093
-964.4254283809
-964.4253643701
-964.4253561368
-964.4252232234
-964.4253169235
-964.4251629468
-964.4253352419
-964.4254031441
-964.4253897071
-964.4253653210
-964.4257179999
-964.4255184499
-964.4253720300
-964.4253317216
-964.4254907104
-964.4252685149
-964.4255343740
-964.4253142277
-964.4254973854
-964.4254286258
-964.4251697591
-964.4252984000
-964.4251667892
-964.4253592130
-964.4256804970
-964.4255030111
-964.4251120415
-964.4254275567
-964.4254412196
-964.4255035759
-964.4254555404
-964.4253788720
-964.4252468964
-964.4255792547
-964.4251869958
-964.4253601898
-964.4252311618
-964.4251812671
-964.4250762936
-964.4253090466
-964.4251491309
-964.4253975484
-964.4252532325
-964.4255128533
-964.4253124565
-964.4253363600
-964.4253362654
-964.4254658676
-964.4254375450
-964.4254207034
-964.4255697679
-964.4253826820
-964.4256398530
-964.4252109323
-964.4255181938
-964.4253911194
-964.4254100801
-964.4253149313
-964.4253950826
-964.4253608534
-964.4257185140
-964.4253377136
-964.4253409236
-964.4251794457
-964.4252604590
-964.4252830909
-964.4254982083
-964.4252876846
-964.4252541088
-964.4252780193
-964.4253269618
-964.4251702944
-964.4255339395
-964.4252646346
-964.4253505328
-964.4253873062
-964.4255564291
-964.4253757027
-964.4255898798
-964.4255717409
-964.4255228552
-964.4253378318
-964.4255352280
-964.4252788308
-964.4255654686
-964.4252835293
-964.4255545595
-964.4255180282
-964.4255356779
-964.4253650992
-964.4254617624
-964.4253607444
-964.4253147718
-964.4255217168
-964.4253509787
-964.4255268576
-964.4255738931
-964.4257179490
-964.4254498822
-964.4253311223
-964.4254002539
-964.4254386594
-964.4252236602
-964.4250663462
-964.4252679865
-964.4252060103
-964.4255049344
-964.4254678375
-964.4253063541
-964.4253688380
-964.4254912115
-964.4254501165
-964.4255138695
-964.4254035023
-964.4255833599
-964.4254509903
-964.4254408986
-964.4253315913
-964.4252484783
-964.4252355014
-964.4252396821
-964.4253611751
-964.4255478251
-964.4255596993
-964.4254053317
-964.4252172196
-964.4253168363
-964.4254423773
-964.4255329878
-964.4256028860
-964.4253393989
-964.4255915706
-964.4253863529
-964.4251819631
-964.4250771963
-964.4255450355
-964.4253372981
-964.4253895684
-964.4256123661
-964.4253536771
-964.4254262451
-964.4253304640
-964.4253452190
-964.4254974403
-964.4253667447
-964.4254818314
-964.4254182153
-964.4252634945
-964.4255972877
-964.4254054123
-964.4254034941
-964.4254635362
-964.4254395315
-964.4252443572
-964.4254564534
-964.4253726704
-964.4254021737
-964.4253940630
-964.4252457576
-964.4253404027
-964.4255427840
-964.4255057936
-964.4254356115
-964.4253227208
-964.4254362319
-964.4254651904
-964.4254557586
-964.4255183982
-964.4253174114
-964.4253911324
-964.4254477060
-964.4253704211
-964.4254076034
-964.4254233318
-964.4254973795
-964.4253822376
-964.4252267665
-964.4253202135
-964.4253552892
-964.4255390660
-964.4252917209
-964.4255471374
-964.4254532687
-964.4254705787
-964.4253502193
-964.4255513399
-964.4253088406
-964.4254316487
-964.4252807410
-964.4252187456
-964.4255750478
-964.4252984456
-964.4254357739
-964.4254470178
-964.4254708751
-964.4254295554
-964.4253060269
-964.4252445056
-964.4255181663
-964.4256047484
-964.4253965522
-964.4254901338
-964.4255736349
-964.4255973500
-964.4256194990
-964.4253847574
-964.4252499037
-964.4251963527
-964.4253889409
-964.4253800416
-964.4254469592
-964.4254647708
-964.4254471160
-964.4255076639
-964.4255711969
-964.4254983711
-964.4255560585
-964.4253604624
-964.4252731616
-964.4252795436
-964.4254939286
-964.4255250629
-964.4254923797
-964.4254124578
-964.4254004121
-964.4252634509
-964.4254244428
-964.4252109579
-964.4253460646
-964.4254734474
-964.4252889571
-964.4250801181
-964.4255171034
-964.4254288589
-964.4251776800
-964.4253671689
-964.4253464567
-964.4252956878
-964.4253986463
-964.4251378612
-964.4252034331
-964.4257192170
-964.4252278441
-964.4254731913
-964.4254346577
-964.4249178749
-964.4254903480
-964.4254328518
-964.4256663917
-964.4254139828
-964.4253736760
-964.4254286454
-964.4254140496
-964.4252553310
-964.4253033907
-964.4254664302
-964.4254224830
-964.4254683488
-964.4253824104
-964.4254715297
-964.4254954974
-964.4255214213
-964.4254634595
-964.4253253970
-964.4254134556
-964.4252790307
-964.4257171110
-964.4252899169
-964.4253789658
-964.4253243195
-964.4255537883
-964.4255414769
-964.4252668515
-964.4252980452
-964.4255868726
-964.4257183508
-964.4253830552
-964.4251369131
-964.4253125619
-964.4253371621
-964.4255054475
-964.4255567357
-964.4255668581
-964.4254722876
-964.4252154809
-964.4255857957
-964.4253698287
-964.4252729297
-964.4255729952
-964.4253833908
-964.4252876750
-964.4254935319
-964.4254134751
-964.4254309905
-964.4253223526
-964.4255107973
-964.4253919985
-964.4253978840
-964.4254775167
-964.4253288558
-964.4253579025
-964.4252554312
-964.4256430086
-964.4254035734
-964.4251817337
-964.4253872762
-964.4254923931
-964.4253970373
-964.4253821229
-964.4253400182
-964.4257182084
-964.4251555668
-964.4253696746
-964.4254293817
-964.4252615609
-964.4252118085
-964.4253551628
-964.4253649429
-964.4254604971
-964.4255629942
-964.4251948962
-964.4251518538
-964.4254126681
-964.4254264366
-964.4254215089
-964.4255145680
-964.4256215336
-964.4255770426
-964.4255600102
-964.4253881833
-964.4253528367
-964.4253757315
-964.4249582973
-964.4252708862
-964.4252578207
-964.4252003094
-964.4255879002
-964.4252425612
-964.4252719716
-964.4254330491
-964.4254920267
-964.4254011804
-964.4256019956
-964.4253543324
-964.4257178641
-964.4252118604
-964.4253801628
-964.4253649764
-964.4253718374
-964.4254755416
-964.4254719767
-964.4251822102
-964.4254916497
-964.4253570980
-964.4254803078
-964.4250098398
-964.4254117835
-964.4254688362
-964.4255194270
-964.4253766594
-964.4255329923
-964.4253207117
-964.4252318118
-964.4255306046
-964.4255995540
-964.4252855362
-964.4253987799
-964.4253217636
-964.4253586462
-964.4254015243
-964.4254147725
-964.4253352172
-964.4255175304
-964.4254527773
-964.4254150420
-964.4254074478
-964.4255259873
-964.4252991060
-964.4253951572
-964.4254300347
-964.4257168382
-964.4253051425
-964.4252859176
-964.4253421238
-964.4253463423
-964.4255449625
-964.4253041860
-964.4254156645
-964.4254468495
-964.4251321237
-964.4252826427
-964.4253605667
-964.4254054785
-964.4255285852
-964.4251791316
-964.4252359890
-964.4254538878
-964.4254101565
-964.4256082667
-964.4251229302
-964.4253414769
-964.4251793016
-964.4255249623
-964.4254829118
-964.4257179085
-964.4253105104
-964.4253617495
-964.4254880635
-964.4251598825
-964.4253192417
-964.4255596891
-964.4254584976
-964.4252620545
-964.4253120852
-964.4253838713
-964.4256225744
-964.4255106778
-964.4254288204
-964.4255508259
-964.4252947259
-964.4253816592
-964.4255910044
-964.4253519802
-964.4255319752
-964.4254223355
-964.4254060514
-964.4255731209
-964.4254631920
-964.4253078700
-964.4253302549
-964.4254304667
-964.4252634269
-964.4254407425
-964.4255925327
-964.4254789777
-964.4254980502
-964.4249874620
-964.4254272300
-964.4255336496
-964.4255039737
-964.4252566100
-964.4252756319
-964.4252279699
-964.4255474834
-964.4254299066
-964.4254453798
-964.4253251795
-964.4253357485
-964.4255326148
-964.4254331652
-964.4253114778
-964.4254484394
-964.4254281782
-964.4253396588
-964.4255112948
-964.4255054649
-964.4253717962
-964.4255622192
-964.4252859774
-964.4253771405
-964.4253132427
-964.4252107135
-964.4254052957
-964.4255842427
-964.4252780420
-964.4253153121
-964.4254254638
-964.4254408987
-964.4256353275
-964.4253306243
-964.4254088645
-964.4251094229
-964.4255668077
-964.4254819827
-964.4251592165
-964.4255072095
-964.4251771668
-964.4252123435
-964.4254096163
-964.4252041018
-964.4255140279
-964.4253702658
-964.4250920871
-964.4253528988
-964.4253255126
-964.4253704532
-964.4256667026
-964.4253712064
-964.4251901566
-964.4253881715
-964.4252676650
-964.4253493648
-964.4250895839
-964.4253563292
-964.4255031582
-964.4254838297
-964.4253928286
-964.4254733076
-964.4253334453
-964.4254506643
-964.4254280013
-964.4252289272
-964.4255564090
-964.4255591219
-964.4251331953
-964.4253283831
-964.4253076920
-964.4255169341
-964.4254554134
-964.4254319455
-964.4255645693
-964.4254619682
-964.4256252241
-964.4255362136
-964.4252848182
-964.4254447777
-964.4253138537
-964.4256551624
-964.4253709535
-964.4253620787
-964.4252662048
-964.4250419467
-964.4252751052
-964.4252491590
-964.4253864519
-964.4254492223
-964.4254191852
-964.4254282134
-964.4254978395
-964.4255136908
-964.4254607318
-964.4255131763
-964.4252224014
-964.4253566162
-964.4255293287
-964.4254963923
-964.4253883469
-964.4254393336
-964.4252944223
-964.4254002018
-964.4255914417
-964.4254746749
-964.4253515232
-964.4252708591
-964.4253317956
-964.4249412817
-964.4251789520
-964.4253981049
-964.4251452630
-964.4254009618
-964.4252942824
-964.4253711447
-964.4253778001
-964.4254954221
-964.4252726040
-964.4252645156
-964.4254497358
-964.4252883178
-964.4253400815
-964.4254470206
-964.4252610043
-964.4255909401
-964.4253099747
-964.4254448035
-964.4252380793
-964.4254480057
-964.4253181049
-964.4251731369
-964.4254051747
-964.4253977441
-964.4254457982
-964.4255417470
-964.4252076139
-964.4252723175
-964.4256142884
-964.4254835901
-964.4253601799
-964.4250549206
-964.4252706085
-964.4253827744
-964.4251769747
-964.4254367224
-964.4255422446
-964.4253965183
-964.4253110805
-964.4255032713
-964.4253088441
-964.4254871606
-964.4253226061
-964.4255149429
-964.4255352883
-964.4253294662
-964.4255186523
-964.4254529590
-964.4256247563
-964.4255107587
-964.4254494374
-964.4254965740
-964.4256296461
-964.4254367482
-964.4251176784
-964.4251752004
-964.4251622386
-964.4254234653
-964.4256070698
-964.4255041015
-964.4250886040
-964.4251628805
-964.4253594815
-964.4255137138
-964.4254688593
-964.4256282351
-964.4254406613
-964.4254860540
-964.4254458683
-964.4251518019
-964.4251539202
-964.4252630503
-964.4257165806
-964.4255114975
-964.4252491948
-964.4252706140
-964.4254011786
-964.4253816628
-964.4252913424
-964.4255083041
-964.4252065069
-964.4252792198
-964.4252301432
-964.4255325734
-964.4252238641
-964.4252726201
-964.4256052475
-964.4253292202
-964.4252786682
-964.4254665663
-964.4255537640
-964.4256295666
-964.4255085853
-964.4254213296
-964.4255271140
-964.4253474398
-964.4250324650
-964.4253542743
-964.4252227051
-964.4252450663
-964.4253690687
-964.4253313765
-964.4255364344
-964.4252237172
-964.4256149311
-964.4252891086
-964.4254709605
-964.4254650193
-964.4257182887
-964.4253697762
-964.4253494030
-964.4254842049
-964.4252774626
-964.4254716143
-964.4252486815
-964.4254016605
-964.4255082648
-964.4253643666
-964.4255019531
-964.4256022711
-964.4251151979
-964.4254091030
-964.4254424516
-964.4253619879
-964.4253263334
-964.4254040465
-964.4253919685
-964.4252644810
-964.4255280945
-964.4255341648
-964.4253723304
-964.4252325732
-964.4254602245
-964.4255838385
-964.4254409834
-964.4252071415
-964.4253842892
-964.4252947644
-964.4253792390
-964.4253374419
-964.4254657025
-964.4255872363
-964.4254881496
-964.4253666382
-964.4254487604
-964.4255494638
-964.4254453542
-964.4253280028
-964.4253863238
-964.4253857960
-964.4255623497
-964.4254233150
-964.4252818684
-964.4254451569
-964.4254853447
-964.4253524698
-964.4252788620
-964.4253314840
-964.4254591031
-964.4252734454
-964.4256005426
-964.4253043861
-964.4253957270
-964.4254086429
-964.4251845440
-964.4252681874
-964.4254370964
-964.4254135283
-964.4253580215
-964.4253640466
-964.4253540298
-964.4252533915
-964.4254565917
-964.4253864570
-964.4253550697
-964.4255948637
-964.4254184452
-964.4252992009
-964.4253536071
-964.4254494253
-964.4254295523
-964.4253927360
-964.4255121946
-964.4253180766
-964.4253533733
-964.4253373407
-964.4255884397
-964.4256793912
-964.4253687273
-964.4254103097
-964.4255563331
-964.4254277724
-964.4254367820
-964.4255233660
-964.4254123446
-964.4255328699
-964.4255308725
-964.4257172826
-964.4255453670
-964.4254811722
-964.4252010661
-964.4251134474
-964.4252400641
-964.4254552355
-964.4254978690
-964.4253796088
-964.4254221223
-964.4253939881
-964.4253204375
-964.4255542768
-964.4252631302
-964.4254250446
-964.4252660707
-964.4257176389
-964.4253232423
-964.4253238315
-964.4253951151
-964.4252037178
-964.4253792167
-964.4253741701
-964.4251994568
-964.4252976533
-964.4253388960
-964.4251084104
-964.4254661738
-964.4255686881
-964.4253556647
-964.4254602203
-964.4255175825
-964.4254309775
-964.4255316022
-964.4255262927
-964.4253356088
-964.4251973497
-964.4253610843
-964.4253510023
-964.4255930560
-964.4254105819
-964.4253251113
-964.4253807423
-964.4253133552
-964.4254566171
-964.4253002484
-964.4254116632
-964.4253982286
-964.4254477883
-964.4254510406
-964.4254611282
-964.4255060774
-964.4253641361
-964.4254527761
-964.4253844499
-964.4252247986
-964.4254147333
-964.4255173174
-964.4255445941
-964.4253325994
-964.4253908559
-964.4254687142
-964.4254235082
-964.4253448136
-964.4255845614
-964.4253636146
-964.4254696344
-964.4254522659
-964.4253731812
-964.4254259545
-964.4254593322
-964.4257181775
-964.4254918183
-964.4253481320
-964.4257175334
-964.4255068362
-964.4254678454
-964.4254831756
-964.4254808815
-964.4253478091
-964.4254912132
-964.4253014176
-964.4253368573
-964.4255548511
-964.4255143875
-964.4253101942
-964.4254161997
-964.4253730450
-964.4253030873
-964.4254542196
-964.4254504691
-964.4252935523
-964.4255599379
-964.4253092514
-964.4253788182
-964.4252973575
-964.4255469535
-964.4254507412
-964.4254335482
-964.4253262744
-964.4253697075
-964.4252505967
-964.4256270418
-964.4252114568
-964.4251705429
-964.4254198655
-964.4254168544
-964.4252010464
-964.4252641820
-964.4253738191
-964.4254078439
-964.4254967127
-964.4251649783
-964.4255325786
-964.4255257848
-964.4254008338
-964.4254324916
-964.4250585198
-964.4255242430
-964.4254068055
-964.4254786557
-964.4255718831
-964.4254321197
-964.4254605206
-964.4253518577
-964.4253184174
-964.4254952349
-964.4254164005
-964.4255374739
-964.4253418233
-964.4254326029
-964.4253079345
-964.4254815943
-964.4251938762
-964.4252845199
-964.4253304298
-964.4253476512
-964.4253013895
-964.4253967849
-964.4252990127
-964.4255900055
-964.4255112662
-964.4252947264
-964.4253470080
-964.4254703272
-964.4250263043
-964.4251618259
-964.4255246597
-964.4253584065
-964.4255466011
-964.4251545440
-964.4256838717
-964.4252172949
-964.4250538872
-964.4254838201
-964.4255186519
-964.4249470403
-964.4257174564
-964.4252394348
-964.4253294520
-964.4254529255
-964.4255623416
-964.4253341994
-964.4252665091
-964.4253959594
-964.4254263120
-964.4253681584
-964.4254471713
-964.4253596198
-964.4252959009
-964.4253468688
-964.4253759433
-964.4255017744
-964.4257185918
-964.4253950763
-964.4254757776
-964.4257182151
-964.4252068105
-964.4254371262
-964.4255532579
-964.4255358126
-964.4254259832
-964.4257161819
-964.4254580668
-964.4253607676
-964.4252627689
-964.4254211796
-964.4252232495
-964.4252336318
-964.4253218616
-964.4253477066
-964.4254004336
-964.4253588684
-964.4254222762
-964.4252928599
-964.4253932750
-964.4253770832
-964.4255189749
-964.4255004443
-964.4253577042
-964.4253689744
-964.4253393258
-964.4252936600
-964.4253811368
-964.4253565308
-964.4251785378
-964.4252938476
-964.4253740939
-964.4253459531
-964.4253089524
-964.4255483650
-964.4254467956
-964.4254428258
-964.4252766148
-964.4255916947
-964.4253879595
-964.4254795578
-964.4253185710
-964.4254226820
-964.4254979242
-964.4253025633
-964.4255044471
-964.4255202493
-964.4254507576
-964.4252130461
-964.4253778880
-964.4250564568
-964.4252864534
-964.4256030522
-964.4253822518
-964.4252663319
-964.4254018045
-964.4252328446
-964.4254832788
-964.4255283263
-964.4252864461
-964.4253077226
-964.4254194071
-964.4254022665
-964.4251836450
-964.4253708032
-964.4255465174
-964.4254984724
-964.4255217236
-964.4252620651
-964.4253889152
-964.4250430465
-964.4253565107
-964.4254283858
-964.4253292197
-964.4251443000
-964.4255751126
-964.4254781947
-964.4254420492
-964.4255535428
-964.4253490654
-964.4251135955
-964.4256008496
-964.4251911876
-964.4253100373
-964.4255424418
-964.4255194349
-964.4253598973
-964.4255803418
-964.4254202594
-964.4254341141
-964.4257183199
-964.4253942230
-964.4252831423
-964.4254112849
-964.4255032246
-964.4252200421
-964.4254742931
-964.4254023244
-964.4252669972
-964.4253268263
-964.4252015146
-964.4252982252
-964.4257187239
-964.4255316568
-964.4254628090
-964.4255535497
-964.4254644746
-964.4254178704
-964.4255238924
-964.4251698698
-964.4254045608
-964.4253383660
-964.4253964072
-964.4255390823
-964.4254629049
-964.4253275064
-964.4253622487
-964.4255640004
-964.4251399153
-964.4254833455
-964.4253334101
-964.4257015473
-964.4252155243
-964.4254484882
-964.4253992099
-964.4253662519
-964.4254339003
-964.4255409214
-964.4252279292
-964.4255490952
-964.4254427183
-964.4253085070
-964.4251674562
-964.4257177226
-964.4252609839
-964.4254311200
-964.4255097321
-964.4253847944
-964.4254287725
-964.4255215397
-964.4253147054
-964.4254473677
-964.4254198778
-964.4257179701
-964.4253137517
-964.4252800152
-964.4252859319
-964.4254597127
-964.4255267903
-964.4254396551
-964.4253605602
-964.4255432027
-964.4251641625
-964.4254905160
-964.4252392278
-964.4254325196
-964.4252392776
-964.4252849474
-964.4254909595
-964.4254966282
-964.4255021151
-964.4254193782
-964.4255194171
-964.4254111897
-964.4257185947
-964.4254987685
-964.4255865307
-964.4251705957
-964.4254514354
-964.4252849859
-964.4252775812
-964.4253635170
-964.4253478931
-964.4254421921
-964.4252557284
-964.4253437729
-964.4254155513
-964.4256027699
-964.4255432247
-964.4254328173
-964.4255988503
-964.4254829118
-964.4252339512
-964.4254726181
-964.4254694651
-964.4256300742
-964.4253524215
-964.4254108486
-964.4254147178
-964.4251940670
-964.4254437809
-964.4252964963
-964.4253150333
-964.4252798811
-964.4255350409
-964.4255148031
-964.4254020545
-964.4252468562
-964.4253173226
-964.4257023018
-964.4254570774
-964.4254655964
-964.4253959191
-964.4255019409
-964.4253375959
-964.4254948350
-964.4249935017
-964.4254598438
-964.4253353461
-964.4255483926
-964.4253601785
-964.4252821111
-964.4254357077
-964.4253878727
-964.4252735373
-964.4255553269
-964.4252308945
-964.4253943603
-964.4251041252
-964.4254969842
-964.4254481556
-964.4253938879
-964.4255049691
-964.4254030082
-964.4251037396
-964.4255097061
-964.4253490371
-964.4252614593
-964.4251239321
-964.4257181282
-964.4253255677
-964.4251662619
-964.4253583497
-964.4252531228
-964.4254217846
-964.4254294270
-964.4251760966
-964.4254555369
-964.4254990890
-964.4252234601
-964.4253280320
-964.4253813995
-964.4255213879
-964.4254980789
-964.4254510547
-964.4256165706
-964.4252143665
-964.4253784558
-964.4253535900
-964.4254450716
-964.4256214375
-964.4251298445
-964.4252088370
-964.4254835460
-964.4254773943
-964.4254795172
-964.4250639903
-964.4255611392
-964.4253849226
-964.4252301397
-964.4255366041
-964.4255649951
-964.4252926230
-964.4252420742
-964.4255268882
-964.4255643870
-964.4254641548
-964.4253027353
-964.4255425604
-964.4254725995
-964.4254906188
-964.4254203822
-964.4254779677
-964.4254662481
-964.4254597619
-964.4253536648
-964.4252375227
-964.4252356907
-964.4255778979
-964.4253374164
-964.4254790950
-964.4254305677
-964.4252277982
-964.4253992278
-964.4255241777
-964.4256190498
-964.4253947033
-964.4254463952
-964.4254794018
-964.4254909305
-964.4253912900
-964.4255079833
-964.4254088581
-964.4254341272
-964.4253758130
-964.4253119114
-964.4252522282
-964.4255655969
-964.4253862253
-964.4255080634
-964.4254760380
-964.4255035289
-964.4255531308
-964.4253015376
-964.4252537582
-964.4254193553
-964.4255713261
-964.4250937986
-964.4253732094
-964.4254685230
-964.4253012651
-964.4253791699
-964.4254555982
-964.4253794725
-964.4253672592
-964.4254028941
-964.4253568930
-964.4249302610
-964.4253442348
-964.4252809211
-964.4252660113
-964.4255219056
-964.4255095562
-964.4253888002
-964.4250432691
-964.4254355629
-964.4251249326
-964.4255050843
-964.4253340664
-964.4254871528
-964.4253582973
-964.4257190116
-964.4252295155
-964.4254427030
-964.4254296152
-964.4254725912
-964.4254903669
-964.4252912130
-964.4251774943
-964.4253534628
-964.4255813002
-964.4254012224
-964.4255265529
-964.4253290878
-964.4253316413
-964.4254186990
-964.4255124924
-964.4253733243
-964.4254918274
-964.4252691130
-964.4253752997
-964.4253513643
-964.4254615398
-964.4254400319
-964.4256130897
-964.4252805277
-964.4255303592
-964.4253863866
-964.4251721967
-964.4253067121
-964.4252688704
-964.4255154928
-964.4254359139
-964.4252447267
-964.4253245033
-964.4255064896
-964.4252245755
-964.4254645316
-964.4255322714
-964.4252329861
-964.4255733869
-964.4252360343
-964.4253880231
-964.4254431530
-964.4251039293
-964.4254827442
-964.4254406931
-964.4254550100
-964.4254279073
-964.4252517870
-964.4254278016
-964.4253090250
-964.4251884323
-964.4254455773
-964.4250334888
-964.4255712866
-964.4253356492
-964.4253609451
-964.4252489475
-964.4257183265
-964.4253461707
-964.4253910475
-964.4255471380
-964.4253347970
-964.4254889858
-964.4256070026
-964.4254133624
-964.4253135063
-964.4254078240
-964.4254083521
-964.4253804565
-964.4253869726
-964.4254264126
-964.4254289110
-964.4253884465
-964.4255889677
-964.4253482550
-964.4251664360
-964.4253269367
-964.4252873635
-964.4251072455
-964.4254786041
-964.4254797870
-964.4254421880
-964.4253960935
-964.4254318939
-964.4252559511
-964.4254364808
-964.4254981259
-964.4254023802
-964.4252659113
-964.4252335262
-964.4253409404
-964.4253463526
-964.4254037331
-964.4253055578
-964.4257170509
-964.4251005692
-964.4253120089
-964.4253446117
-964.4252438425
-964.4253120817
-964.4254961529
-964.4254512509
-964.4255226409
-964.4254784491
-964.4255095195
-964.4253283174
-964.4252087629
-964.4252035829
-964.4254696768
-964.4253793804
-964.4254098101
-964.4257181881
-964.4254938190
-964.4251419124
-964.4252624711
-964.4253852573
-964.4253427389
-964.4252773827
-964.4253117352
-964.4252874917
-964.4252860169
-964.4255790040
-964.4253137003
-964.4249766244
-964.4257176367
-964.4254654723
-964.4255072264
-964.4253636121
-964.4253693507
-964.4255045962
-964.4253577870
-964.4255907639
-964.4254420298
-964.4254724849
-964.4253369404
-964.4254268006
-964.4252840290
-964.4252119275
-964.4256011135
-964.4254463477
-964.4252598651
-964.4253311212
-964.4254253292
-964.4253663702
-964.4254072647
-964.4253761174
-964.4254612822
-964.4253094321
-964.4254430084
-964.4255108453
-964.4253637815
-964.4253934800
-964.4252450361
-964.4255130250
-964.4251509010
-964.4252507984
-964.4252811729
-964.4254209256
-964.4251503481
-964.4254174782
-964.4251760254
-964.4254410712
-964.4252613853
-964.4250558533
-964.4253100296
-964.4253047444
-964.4253294159
-964.4255765800
-964.4255175474
-964.4255055649
-964.4254313607
-964.4254015809
-964.4254057304
-964.4252103739
-964.4252112433
-964.4253921105
-964.4254935549
-964.4252868549
-964.4254661632
-964.4254888940
-964.4253100556
-964.4254484862
-964.4253910556
-964.4251632041
-964.4251722131
-964.4253697157
-964.4254747684
-964.4250339533
-964.4253351344
-964.4251526101
-964.4254380498
-964.4252829828
-964.4254056846
-964.4253473255
-964.4257176847
-964.4255674038
-964.4253826868
-964.4252691770
-964.4251289467
-964.4253353676
-964.4253207685
-964.4250124441
-964.4253058105
-964.4255429240
-964.4254841252
-964.4253827448
-964.4253667736
-964.4252852422
-964.4253784633
-964.4252798630
-964.4254508470
-964.4253640224
-964.4252075529
-964.4255745410
-964.4256192675
-964.4255374626
-964.4254514435
-964.4252546759
-964.4253960777
-964.4253852027
-964.4257180789
-964.4253663045
-964.4254290678
-964.4255230961
-964.4253686090
-964.4254131863
-964.4255379734
-964.4254004577
-964.4255964263
-964.4256284487
-964.4254322121
-964.4254619534
-964.4253702125
-964.4252400264
-964.4255103771
-964.4251276134
-964.4254678976
-964.4253564741
-964.4253592906
-964.4253408788
-964.4254210118
-964.4254575960
-964.4255623810
-964.4252837254
-964.4253963833
-964.4253907528
-964.4254364769
-964.4253850580
-964.4253852657
-964.4255197442
-964.4253360573
-964.4252702675
-964.4254735003
-964.4252790146
-964.4253276373
-964.4256156428
-964.4254544560
-964.4255343869
-964.4253437647
-964.4253885943
-964.4255529345
-964.4255022111
-964.4251403899
-964.4253547364
-964.4252267532
-964.4254324410
-964.4254115664
-964.4255773277
-964.4253875708
-964.4254510090
-964.4254286923
-964.4254053314
-964.4257171510
-964.4252300772
-964.4252894775
-964.4254358523
-964.4256435788
-964.4252418873
-964.4255842753
-964.4254135952
-964.4254494139
-964.4255070264
-964.4254326878
-964.4250731201
-964.4253611002
-964.4256327866
-964.4254250861
-964.4254868486
-964.4254812634
-964.4254741872
-964.4252115490
-964.4254497035
-964.4254331806
-964.4253972667
-964.4257175569
-964.4254679941
-964.4251582373
-964.4253140118
-964.4253966788
-964.4254474827
-964.4256011123
-964.4254330540
-964.4252633919
-964.4252020314
-964.4251638238
-964.4254662271
-964.4252621220
-964.4253435776
-964.4252561475
-964.4254855741
-964.4253871352
-964.4256410002
-964.4253892937
-964.4254937096
-964.4253894803
-964.4250687594
-964.4253892860
-964.4255206619
-964.4252694663
-964.4253131470
-964.4252951867
-964.4254189402
-964.4249686866
-964.4255761052
-964.4252709873
-964.4253020495
-964.4253750321
-964.4253418039
-964.4254956818
-964.4255255538
-964.4254800917
-964.4254080461
-964.4256274004
-964.4252354498
-964.4253385180
-964.4256364968
-964.4254202997
-964.4253242968
-964.4253904476
-964.4254362019
-964.4254883161
-964.4253666760
-964.4254197457
-964.4254174777
-964.4253741733
-964.4256154612
-964.4252769744
-964.4253409357
-964.4253311769
-964.4255263094
-964.4252788732
-964.4253742996
-964.4254546553
-964.4255704509
-964.4254091130
-964.4250083209
-964.4251713452
-964.4254186164
-964.4253298326
-964.4251342300
-964.4257168823
-964.4252373829
-964.4251576051
-964.4252014099
-964.4253092198
-964.4255037215
-964.4253686176
-964.4249744633
-964.4255130884
-964.4251317326
-964.4252548236
-964.4251128219
-964.4252459115
-964.4256169322
-964.4257172368
-964.4253518258
-964.4255688424
-964.4254252146
-964.4253107357
-964.4252738794
-964.4248299091
-964.4252312261
-964.4253243273
-964.4253824046
-964.4253318258
-964.4255059624
-964.4255639107
-964.4253549693
-964.4255533924
-964.4254187013
-964.4255716701
-964.4254252435
-964.4257179424
-964.4251816650
-964.4254206631
-964.4251500865
-964.4254172200
-964.4252496371
-964.4253118151
-964.4252581517
-964.4257185024
-964.4255334974
-964.4251970724
-964.4253993193
-964.4254845013
-964.4252982529
-964.4251666895
-964.4253507017
-964.4254655612
-964.4254472640
-964.4253684197
-964.4255748492
-964.4252451572
-964.4254235484
-964.4252950998
-964.4255309900
-964.4252156589
-964.4252489306
-964.4254954779
-964.4256253819
-964.4254361792
-964.4255632366
-964.4254107074
-964.4254977399
-964.4255131437
-964.4254326349
-964.4253550656
-964.4254321199
-964.4253257714
-964.4254539961
-964.4252855266
-964.4253664175
-964.4253877877
-964.4251077421
-964.4255076952
-964.4255155121
-964.4253433685
-964.4252760068
-964.4254441949
-964.4251116419
-964.4254180052
-964.4253188956
-964.4255380779
-964.4253528080
-964.4255255061
-964.4256218415
-964.4255077302
-964.4254067049
-964.4253182689
-964.4256243550
-964.4251851135
-964.4251485842
-964.4252943312
-964.4255398447
-964.4254522220
-964.4255546891
-964.4253916603
-964.4254144539
-964.4255459707
-964.4253773578
-964.4254268541
-964.4255578150
-964.4254449884
-964.4253095941
-964.4253307029
-964.4254500074
-964.4253505075
-964.4253243510
-964.4253402924
-964.4253807680
-964.4252528211
-964.4253757491
-964.4255725046
-964.4255813164
-964.4254416573
-964.4255841039
-964.4254965214
-964.4252555763
-964.4254567724
-964.4251477617
-964.4255869084
-964.4253385392
-964.4253943003
-964.4255064355
-964.4254775570
-964.4253658472
-964.4252843297
-964.4252265255
-964.4253588712
-964.4250645916
-964.4253359762
-964.4253503796
-964.4254286902
-964.4254222219
-964.4251911415
-964.4253362432
-964.4251519767
-964.4254387808
-964.4251213797
-964.4253036373
-964.4255591527
-964.4254517508
-964.4253273565
-964.4255254442
-964.4253582941
-964.4254229086
-964.4254618989
-964.4252296831
-964.4253561251
-964.4252604799
-964.4254094029
-964.4252973208
-964.4252335924
-964.4251545230
-964.4253975131
-964.4253822036
-964.4254010651
-964.4254243672
-964.4255088599
-964.4255406484
-964.4254191724
-964.4254961360
-964.4254203239
-964.4255911097
-964.4251504513
-964.4254168008
-964.4252682557
-964.4253049036
-964.4253045143
-964.4254794568
-964.4255283799
-964.4253372655
-964.4254498776
-964.4254794924
-964.4255918300
-964.4252590832
-964.4254768427
-964.4251944758
-964.4254041653
-964.4254360212
-964.4253015453
-964.4254516429
-964.4255712351
-964.4253348764
-964.4256189165
-964.4251720545
-964.4252417359
-964.4253547884
-964.4256292453
-964.4253003154
-964.4254569191
-964.4254001292
-964.4252606839
-964.4255968273
-964.4253618220
-964.4254415543
-964.4250988757
-964.4253664503
-964.4254247852
-964.4251866239
-964.4251929220
-964.4251903197
-964.4254265946
-964.4252965663
-964.4255785826
-964.4254126739
-964.4254741715
-964.4256536901
-964.4252735521
-964.4252540323
-964.4253988195
-964.4256617150
-964.4254603785
-964.4253607302
-964.4251506327
-964.4254519969
-964.4254455817
-964.4253702464
-964.4252843432
-964.4252612380
-964.4253513868
-964.4255969745
-964.4253907719
-964.4255133790
-964.4252137811
-964.4252301575
-964.4254315552
-964.4256165196
-964.4251969278
-964.4253099140
-964.4254508441
-964.4254695318
-964.4254344984
-964.4254001995
-964.4254416834
-964.4253222204
-964.4256150917
-964.4255240306
-964.4253283263
-964.4253385135
-964.4252154271
-964.4252669520
-964.4254827902
-964.4253957489
-964.4254512667
-964.4255955616
-964.4254754273
-964.4250211985
-964.4253989301
-964.4254094553
-964.4255373017
-964.4252921913
-964.4254344152
-964.4254523276
-964.4253508844
-964.4253514193
-964.4254797448
-964.4251498232
-964.4254498699
-964.4252243898
-964.4254027175
-964.4253371829
-964.4253634059
-964.4253549974
-964.4252395667
-964.4253615967
-964.4255135738
-964.4253284727
-964.4253126142
-964.4254831476
-964.4252034865
-964.4253237592
-964.4255107122
-964.4256345652
-964.4254557475
-964.4252987136
-964.4252545329
-964.4251119072
-964.4253593546
-964.4252911241
-964.4255559367
-964.4255486613
-964.4254026916
-964.4255387735
-964.4257182828
-964.4252118638
-964.4255515699
-964.4253774506
-964.4252806229
-964.4253353489
-964.4255220042
-964.4253432672
-964.4253442418
-964.4252771098
-964.4253074297
-964.4253399800
-964.4253685531
-964.4254572527
-964.4253878661
-964.4253855698
-964.4252602915
-964.4255563817
-964.4250354977
-964.4252735609
-964.4254971071
-964.4253164511
-964.4252323766
-964.4255835477
-964.4255312369
-964.4254714649
-964.4252696133
-964.4254087287
-964.4253538537
-964.4255477339
-964.4253846843
-964.4255797507
-964.4252331103
-964.4254501768
-964.4252386757
-964.4253296977
-964.4251453653
-964.4254291541
-964.4253040944
-964.4256169227
-964.4254681004
-964.4253860047
-964.4252179574
-964.4255402503
-964.4253868526
-964.4253751560
-964.4252780100
-964.4252931844
-964.4252463101
-964.4251355265
-964.4253614394
-964.4250751005
-964.4256435495
-964.4253292659
-964.4253948471
-964.4253480288
-964.4253505613
-964.4252916447
-964.4250307698
-964.4252249473
-964.4253667516
-964.4254580346
-964.4252649875
-964.4255176106
-964.4257171395
-964.4251951986
-964.4255432600
-964.4252290784
-964.4253351015
-964.4254556205
-964.4253184195
-964.4255202052
-964.4255155381
-964.4252857284
-964.4252931555
-964.4252262219
-964.4256330360
-964.4254704706
-964.4254104579
-964.4254212365
-964.4253289005
-964.4253275634
-964.4254420966
-964.4255061909
-964.4252940546
-964.4256117408
-964.4254628492
-964.4254760583
-964.4253859495
-964.4254230120
-964.4253361393
-964.4253912159
-964.4253490498
-964.4254316915
-964.4254798058
-964.4252741543
-964.4251847409
-964.4253276266
-964.4257173306
-964.4252898903
-964.4254034830
-964.4254103473
-964.4254848294
-964.4252980841
-964.4252318245
-964.4254194220
-964.4253133921
-964.4254904990
-964.4251922411
-964.4255438423
-964.4256114509
-964.4252579044
-964.4254318619
-964.4248453361
-964.4253299544
-964.4255377355
-964.4253072810
-964.4253256240
-964.4252862043
-964.4254596682
-964.4253737446
-964.4253333928
-964.4256210054
-964.4253778266
-964.4255140691
-964.4253285561
-964.4253629422
-964.4255738448
-964.4254446194
-964.4253263872
-964.4253563687
-964.4252402898
-964.4253040780
-964.4252818163
-964.4252099667
-964.4253479075
-964.4254208367
-964.4255823751
-964.4254486806
-964.4252403195
-964.4254099939
-964.4251375146
-964.4253390866
-964.4254721611
-964.4255381018
-964.4255520511
-964.4253633443
-964.4254891045
-964.4254284537
-964.4253000883
-964.4254960364
-964.4254315695
-964.4251772511
-964.4253328330
-964.4251756530
-964.4252807059
-964.4252521357
-964.4254396909
-964.4253417710
-964.4254958506
-964.4254351331
-964.4252950587
-964.4253617311
-964.4253500370
-964.4255008597
-964.4253804043
-964.4253702630
-964.4255388055
-964.4253046912
-964.4254351312
-964.4254296120
-964.4251846430
-964.4255317579
-964.4253545215
-964.4253778435
-964.4254069672
-964.4253015856
-964.4254593454
-964.4251995859
-964.4252427315
-964.4252886984
-964.4256165506
-964.4253417321
-964.4254776149
-964.4253339219
-964.4255541917
-964.4253684271
-964.4254424669
-964.4253605461
-964.4253011512
-964.4254549958
-964.4252645171
-964.4252866882
-964.4251333490
-964.4255021996
-964.4256338186
-964.4254598705
-964.4255110890
-964.4254786953
-964.4253141613
-964.4252691382
-964.4253015566
-964.4254137306
-964.4255244940
-964.4254245078
-964.4254581584
-964.4254141789
-964.4255623292
-964.4256264672
-964.4255826880
-964.4252204270
-964.4254435345
-964.4251333729
-964.4254147320
-964.4253749747
-964.4255217383
-964.4254170091
-964.4253179390
-964.4254948425
-964.4253976201
-964.4253899428
-964.4254509540
-964.4254509548
-964.4252129021
-964.4252427810
-964.4255679544
-964.4254158354
-964.4251989020
-964.4255350153
-964.4254175855
-964.4254452004
-964.4254823207
-964.4253969669
-964.4254516627
-964.4253811703
-964.4253767010
-964.4253909166
-964.4252396367
-964.4253667157
-964.4254955887
-964.4253611599
-964.4250704452
-964.4252006024
-964.4254919259
-964.4254072615
-964.4253421546
-964.4253475677
-964.4255946913
-964.4254289397
-964.4255841961
-964.4254193929
-964.4253846400
-964.4253710990
-964.4254301733
-964.4254095565
-964.4255480504
-964.4254553127
-964.4254737059
-964.4252531800
-964.4253992415
-964.4253382281
-964.4254925993
-964.4255358306
-964.4253460264
-964.4254678474
-964.4253169074
-964.4255271161
-964.4251622182
-964.4251643636
-964.4253569933
-964.4253520168
-964.4255047730
-964.4255565136
-964.4255962039
-964.4250091617
-964.4255048303
-964.4253567170
-964.4254607241
-964.4254289240
-964.4253463359
-964.4251787930
-964.4254790971
-964.4253788696
-964.4251928980
-964.4254764070
-964.4253654539
-964.4255369174
-964.4254507593
-964.4255411504
-964.4252718139
-964.4253592059
-964.4254387388
-964.4255672094
-964.4253730062
-964.4254200025
-964.4253763625
-964.4254642024
-964.4256059517
-964.4255675321
-964.4254109139
-964.4254334506
-964.4252542562
-964.4252643192
-964.4254482743
-964.4253420506
-964.4253573536
-964.4253543736
-964.4253708768
-964.4253989520
-964.4255050963
-964.4254397474
-964.4251888340
-964.4253370551
-964.4253540945
-964.4254748954
-964.4253242083
-964.4253406039
-964.4252363099
-964.4254471755
-964.4252888458
-964.4253901138
-964.4254466802
-964.4255224431
-964.4252952617
-964.4255060751
-964.4255662385
-964.4254886642
-964.4253622996
-964.4255256329
-964.4254732895
-964.4255263321
-964.4254795224
-964.4252760545
-964.4253986517
-964.4253824582
-964.4253067964
-964.4254121457
-964.4254243518
-964.4252021900
-964.4254961935
-964.4252263851
-964.4255292024
-964.4252687468
-964.4253458440
-964.4254621048
-964.4253323707
-964.4254708051
-964.4253330582
-964.4254532984
-964.4253632573
-964.4253897545
-964.4252798688
-964.4255085401
-964.4255379947
-964.4255650406
-964.4253890987
-964.4256482231
-964.4256209630
-964.4253382111
-964.4255732417
-964.4254819655
-964.4255832835
-964.4251721992
-964.4250683591
-964.4251630066
-964.4252770203
-964.4254908177
-964.4254489938
-964.4252987607
-964.4254123614
-964.4255407779
-964.4253223153
-964.4249864977
-964.4254121728
-964.4255023693
-964.4252856550
-964.4253373490
-964.4256136773
-964.4252378471
-964.4254124879
-964.4255211100
-964.4254457695
-964.4254029066
-964.4255338294
-964.4252945972
-964.4252934774
-964.4251640999
-964.4251759669
-964.4253791647
-964.4254092687
-964.4255149547
-964.4254992615
-964.4257175472
-964.4254091140
-964.4254499459
-964.4253037930
-964.4255345549
-964.4254817979
-964.4257163865
-964.4252962189
-964.4253234561
-964.4254603115
-964.4253298661
-964.4255766236
-964.4255171966
-964.4251631499
-964.4254042031
-964.4253993593
-964.4253152497
-964.4253782196
-964.4252219917
-964.4254236423
-964.4251937736
-964.4255447870
-964.4254887122
-964.4256064975
-964.4254347160
-964.4253080565
-964.4254051662
-964.4254073298
-964.4254850778
-964.4253505049
-964.4254299408
-964.4253078482
-964.4254010649
-964.4253440268
-964.4253572196
-964.4251601044
-964.4253799456
-964.4254636335
-964.4254791029
-964.4252996925
-964.4253041212
-964.4253368451
-964.4253141575
-964.4256645006
-964.4257186700
-964.4255378513
-964.4251560614
-964.4253309223
-964.4255739239
-964.4255088722
-964.4255947152
-964.4254212047
-964.4252611046
-964.4253646044
-964.4255553116
-964.4254951622
-964.4254169595
-964.4254527830
-964.4254245634
-964.4253423829
-964.4254928347
-964.4254098775
-964.4255249395
-964.4253048268
-964.4250838059
-964.4254094646
-964.4254451117
-964.4253256967
-964.4253837738
-964.4253760401
-964.4252874739
-964.4252723002
-964.4254818452
-964.4254175503
-964.4252989799
-964.4254890071
-964.4255254144
-964.4252872018
-964.4251871702
-964.4253202286
-964.4253516432
-964.4252988154
-964.4254220838
-964.4257175236
-964.4252896601
-964.4253635831
-964.4255714359
-964.4253650622
-964.4254089756
-964.4253549262
-964.4254546848
-964.4257192978
-964.4254491201
-964.4253758760
-964.4252901364
-964.4250550516
-964.4255335750
-964.4251889598
-964.4251470165
-964.4253481887
-964.4253980552
-964.4255319213
-964.4253165608
-964.4251910658
-964.4255264349
-964.4253815939
-964.4254443957
-964.4255413260
-964.4254501286
-964.4254497750
-964.4253332769
-964.4255332966
-964.4253634177
-964.4253558876
-964.4253338824
-964.4253033039
-964.4254360928
-964.4253467508
-964.4253714002
-964.4254304441
-964.4254749078
-964.4254672267
-964.4254404412
-964.4254096002
-964.4254207741
-964.4254583487
-964.4255645349
-964.4253166859
-964.4253759324
-964.4253820843
-964.4252812768
-964.4253470190
-964.4254574395
-964.4254608853
-964.4254127332
-964.4253871167
-964.4253201805
-964.4254945939
-964.4253092384
-964.4255294360
-964.4252962666
-964.4254903486
-964.4255381898
-964.4255241299
-964.4255437783
-964.4253976653
-964.4255528980
-964.4253441831
-964.4251246694
-964.4253641950
-964.4251661773
-964.4252365955
-964.4250098362
-964.4254413661
-964.4253306356
-964.4253115547
-964.4254558471
-964.4252266329
-964.4251222949
-964.4253788542
-964.4255133034
-964.4252341592
-964.4253643886
-964.4254244402
-964.4253630116
-964.4253688885
-964.4252200276
-964.4253998144
-964.4253709158
-964.4254356331
-964.4253894477
-964.4253945459
-964.4253587251
-964.4257191258
-964.4252611777
-964.4253441950
-964.4254453023
-964.4251640661
-964.4252621571
-964.4253265748
-964.4254413829
-964.4253663602
-964.4252708128
-964.4255802135
-964.4253945502
-964.4253678133
-964.4253843422
-964.4254746754
-964.4252691395
-964.4254023244
-964.4254234984
-964.4252450180
-964.4253202197
-964.4257174834
-964.4251431918
-964.4251890382
-964.4251719156
-964.4253593001
-964.4254481631
-964.4254003061
-964.4254133012
-964.4254211641
-964.4253066952
-964.4254827647
-964.4254401314
-964.4253717750
-964.4250083943
-964.4253218926
-964.4253724858
-964.4255506947
-964.4253711969
-964.4252955288
-964.4255759709
-964.4255034343
-964.4253508686
-964.4253791175
-964.4254541994
-964.4253475217
-964.4254173983
-964.4254438461
-964.4252099476
-964.4252329795
-964.4253799215
-964.4255703194
-964.4253259134
-964.4254268712
-964.4253901772
-964.4255725554
-964.4253630714
-964.4254889730
-964.4254832654
-964.4254208772
-964.4253657938
-964.4252427450
-964.4251519583
-964.4256163276
-964.4254031079
-964.4254387332
-964.4253651671
-964.4254933446
-964.4256743916
-964.4252477625
-964.4254186429
-964.4254964408
-964.4253319116
-964.4254053720
-964.4255289717
-964.4254017782
-964.4254180008
-964.4253732516
-964.4254120115
-964.4253723855
-964.4253235506
-964.4254776170
-964.4255301973
-964.4251909643
-964.4255128882
-964.4253773866
-964.4255491882
-964.4254090113
-964.4251967069
-964.4253647155
-964.4250749217
-964.4254807208
-964.4255091572
-964.4255618515
-964.4255837112
-964.4254047336
-964.4257180995
-964.4254105299
-964.4252912707
-964.4253053338
-964.4252775440
-964.4254232864
-964.4252232474
-964.4253385223
-964.4255872153
-964.4252871140
-964.4254009687
-964.4254618119
-964.4254192282
-964.4253668083
-964.4253171332
-964.4253833359
-964.4253226055
-964.4254868763
-964.4254042561
-964.4254482170
-964.4252777944
-964.4254996349
-964.4252070751
-964.4252523401
-964.4251733313
-964.4252966841
-964.4254263177
-964.4254396615
-964.4255367529
-964.4254652509
-964.4254256094
-964.4254250496
-964.4256398757
-964.4254153921
-964.4254765176
-964.4253371947
-964.4257176322
-964.4252662192
-964.4255946762
-964.4253421843
-964.4252803761
-964.4252938905
-964.4252508922
-964.4254982037
-964.4253387610
-964.4252700607
-964.4253655324
-964.4255192331
-964.4251854713
-964.4253402177
-964.4253478489
-964.4252192339
-964.4255850767
-964.4254546148
-964.4253998450
-964.4254429319
-964.4254049625
-964.4256725095
-964.4254306642
-964.4253962591
-964.4253592417
-964.4252097310
-964.4253927326
-964.4253498347
-964.4251485019
-964.4254710633
-964.4251117649
-964.4252141598
-964.4254847937
-964.4251475210
-964.4251576255
-964.4252701995
-964.4253967259
-964.4253590288
-964.4252288986
-964.4251791958
-964.4254636991
-964.4254931505
-964.4252929547
-964.4251711066
-964.4254804256
-964.4253597773
-964.4255141108
-964.4253364303
-964.4254557667
-964.4252898101
-964.4257173431
-964.4254209378
-964.4253665218
-964.4254781806
-964.4253236810
-964.4254401290
-964.4251376165
-964.4253711335
-964.4257185444
-964.4250206733
-964.4253348251
-964.4255831397
-964.4254524152
-964.4254072496
-964.4255267603
-964.4251907112
-964.4257176150
-964.4251618439
-964.4252891233
-964.4252847400
-964.4255359590
-964.4253081361
-964.4252874185
-964.4254095947
-964.4252965474
-964.4252098402
-964.4255913682
-964.4253710086
-964.4256257672
-964.4254380176
-964.4253625965
-964.4253910792
-964.4252712030
-964.4252248596
-964.4253911022
-964.4254407782
-964.4253613956
-964.4253228780
-964.4253305328
-964.4254232046
-964.4253993341
-964.4252952578
-964.4254127575
-964.4253385102
-964.4251673763
-964.4252601912
-964.4254772795
-964.4253440267
-964.4255930231
-964.4255121713
-964.4254499931
-964.4254021154
-964.4253276244
-964.4251423737
-964.4253066045
-964.4253496374
-964.4254621981
-964.4250928220
-964.4254125110
-964.4254388225
-964.4250041634
-964.4253604060
-964.4253463826
-964.4257175155
-964.4255766149
-964.4251292589
-964.4253101937
-964.4255459132
-964.4254172151
-964.4254976451
-964.4254236349
-964.4252825155
-964.4255789506
-964.4254244849
-964.4254698949
-964.4254638067
-964.4254755408
-964.4253300330
-964.4254698146
-964.4253135541
-964.4254498910
-964.4252770756
-964.4253660743
-964.4255269924
-964.4255779883
-964.4251451766
-964.4254424764
-964.4254975846
-964.4253032800
-964.4255143475
-964.4252905388
-964.4254540568
-964.4255132189
-964.4252318191
-964.4251573830
-964.4255766776
-964.4253382535
-964.4255508405
-964.4253545261
-964.4254052862
-964.4255741939
-964.4252534324
-964.4250776245
-964.4253538052
-964.4251600977
-964.4252746303
-964.4253472003
-964.4255225540
-964.4255777147
-964.4252894932
-964.4254558815
-964.4250761452
-964.4253055775
-964.4254963942
-964.4254058489
-964.4254979451
-964.4253737208
-964.4253997326
-964.4251975800
-964.4252395856
-964.4255401571
-964.4257179822
-964.4252120424
-964.4253597447
-964.4252782069
-964.4252518649
-964.4254895476
-964.4253680475
-964.4254564801
-964.4251550712
-964.4255356773
-964.4255405653
-964.4253533580
-964.4253112702
-964.4253856383
-964.4255608390
-964.4253406419
-964.4253643652
-964.4252926866
-964.4257175427
-964.4253468611
-964.4254786887
-964.4255482812
-964.4253043963
-964.4254003811
-964.4255011954
-964.4256218068
-964.4255527157
-964.4254264925
-964.4257176094
-964.4256152597
-964.4251928288
-964.4254028705
-964.4253447478
-964.4253414994
-964.4252570058
-964.4254645783
-964.4254233603
-964.4253156441
-964.4252922410
-964.4253393176
-964.4251403102
-964.4254435044
-964.4253165000
-964.4255028449
-964.4252841391
-964.4253742437
-964.4253333995
-964.4252845486
-964.4252717452
-964.4255811140
-964.4255027326
-964.4252657711
-964.4254489218
-964.4253550690
-964.4250112908
-964.4254107519
-964.4253601533
-964.4253719521
-964.4256147823
-964.4257175480
-964.4255673769
-964.4252759215
-964.4252040022
-964.4255008626
-964.4253666874
-964.4253470752
-964.4251033239
-964.4253117651
-964.4253469937
-964.4254599437
-964.4255831101
-964.4255276484
-964.4251970617
-964.4252709625
-964.4253794177
-964.4253830912
-964.4254677444
-964.4254069988
-964.4254114530
-964.4253936229
-964.4256188113
-964.4252111297
-964.4253637064
-964.4254434702
-964.4253206647
-964.4254399414
-964.4257171465
-964.4254274964
-964.4253133321
-964.4255512409
-964.4254207182
-964.4254869852
-964.4253218268
-964.4253721952
-964.4254804453
-964.4255388624
-964.4254054377
-964.4253668233
-964.4250369176
-964.4254213609
-964.4253106169
-964.4255597907
-964.4255637248
-964.4253887319
-964.4254575669
-964.4254980962
-964.4253662006
-964.4252260061
-964.4253170639
-964.4254403988
-964.4253993899
-964.4253947454
-964.4253423621
-964.4255198362
-964.4255471685
-964.4254572124
-964.4253135548
-964.4253966174
-964.4254018901
-964.4255380324
-964.4254717213
-964.4253551754
-964.4255391996
-964.4254533383
-964.4254861485
-964.4254044943
-964.4255020579
-964.4253274163
-964.4254866209
-964.4254237200
-964.4251052736
-964.4253330313
-964.4253412312
-964.4253176402
-964.4257167844
-964.4255158699
-964.4253785492
-964.4254607910
-964.4253073578
-964.4253659894
-964.4254839778
-964.4251176823
-964.4254017228
-964.4252228561
-964.4252976595
-964.4250596112
-964.4254043285
-964.4254348156
-964.4253850898
-964.4254860770
-964.4256564161
-964.4254006793
-964.4255497738
-964.4254540559
-964.4254160095
-964.4256127862
-964.4254716026
-964.4255016866
-964.4256038638
-964.4253035071
-964.4253923917
-964.4252863172
-964.4252529524
-964.4253823506
-964.4254990580
-964.4252467114
-964.4254909667
-964.4254932913
-964.4251980479
-964.4254646225
-964.4254210827
-964.4253659089
-964.4253539092
-964.4253964132
-964.4252739914
-964.4254230921
-964.4255137097
-964.4253300765
-964.4252115818
-964.4252693858
-964.4255236905
-964.4253274411
-964.4253138030
-964.4250265126
-964.4253098511
-964.4252476832
-964.4253496499
-964.4257167088
