-964.4129569613
-964.4147462992
-964.4129189558
-964.4166481578
-964.4159542439
-964.4112925776
-964.4081528641
-964.4166265509
-964.4110695406
-964.4254854159
-964.4255587344
-964.4255150965
-964.4254485934
-964.4255111651
-964.4256271825
-964.4256335731
-964.4254779273
-964.4256311111
-964.4256068336
-964.4255884549
-964.4255496833
-964.4256067918
-964.4255850678
-964.4255580681
-964.4255642948
-964.4255702867
-964.4255811981
-964.4255308759
-964.4254916059
-964.4254962369
-964.4255024964
-964.4255119340
-964.4254909196
-964.4254986171
-964.4254959815
-964.4254965376
-964.4254833096
-964.4254922781
-964.4254938938
-964.4254831972
-964.4254919586
-964.4254823354
-964.4254892836
-964.4254740374
-964.4254852495
-964.4254815424
-964.4254947384
-964.4254998933
-964.4254909183
-964.4254857220
-964.4254706878
-964.4254804764
-964.4255900912
-964.4255984492
-964.4254728546
-964.4255231367
-964.4254088181
-964.4255008639
-964.4256389281
-964.4254835691
-964.4253364271
-964.4255491208
-964.4255370795
-964.4256000037
-964.4254800606
-964.4255487534
-964.4255537001
-964.4255536812
-964.4254846864
-964.4254807481
-964.4254851163
-964.4254611454
-964.4254959989
-964.4254971428
-964.4254854637
-964.4254920242
-964.4254990275
-964.4254695365
-964.4254928906
-964.4254986642
-964.4254832356
-964.4254929779
-964.4254924275
-964.4254989323
-964.4254828850
-964.4254761414
-964.4254830979
-964.4254873844
-964.4254922013
-964.4255735538
-964.4254128551
-964.4255219377
-964.4255841642
-964.4255696379
-964.4255099285
-964.4254334074
-964.4255942534
-964.4256256616
-964.4255460523
-964.4255563361
-964.4254909001
-964.4255778929
-964.4255323033
-964.4255465386
-964.4255684196
-964.4256075699
-964.4255624288
-964.4255011602
-964.4255632615
-964.4254968158
-964.4255659485
-964.4255281222
-964.4256089531
-964.4255336438
-964.4255276403
-964.4256015810
-964.4255216534
-964.4255622376
-964.4255901746
-964.4255916384
-964.4255695857
-964.4255277510
-964.4256193095
-964.4256243301
-964.4255687058
-964.4255399623
-964.4255399349
-964.4255213123
-964.4254617791
-964.4256039002
-964.4255906703
-964.4255764070
-964.4254853280
-964.4255861648
-964.4255968645
-964.4255799556
-964.4255386941
-964.4254014124
-964.4255929834
-964.4254982276
-964.4256104610
-964.4254722467
-964.4254934430
-964.4255557399
-964.4255966953
-964.4256079125
-964.4255249524
-964.4255197245
-964.4255394658
-964.4255514470
-964.4254602532
-964.4254233178
-964.4255741398
-964.4255645731
-964.4255165906
-964.4254949915
-964.4255212716
-964.4254216783
-964.4255190700
-964.4255704870
-964.4255560590
-964.4255876516
-964.4255632971
-964.4254460006
-964.4256107920
-964.4255621234
-964.4254094091
-964.4256433985
-964.4255401589
-964.4254733099
-964.4255977868
-964.4254857068
-964.4255654584
-964.4255366242
-964.4255884818
-964.4254751838
-964.4256030127
-964.4254771046
-964.4255904921
-964.4256010573
-964.4254435275
-964.4256174023
-964.4255296373
-964.4254966319
-964.4253595100
-964.4255944915
-964.4255830379
-964.4254624052
-964.4254186744
-964.4254996916
-964.4254708131
-964.4255906953
-964.4255531046
-964.4256109114
-964.4255815946
-964.4255581648
-964.4255345024
-964.4256010138
-964.4255115862
-964.4255381847
-964.4254986941
-964.4255462316
-964.4255026470
-964.4254893352
-964.4255268701
-964.4255432860
-964.4255448657
-964.4256081368
-964.4256018020
-964.4255001849
-964.4255189150
-964.4256012565
-964.4255280027
-964.4255014242
-964.4254826352
-964.4255885529
-964.4255282563
-964.4255888076
-964.4256032261
-964.4255969654
-964.4254839991
-964.4254320877
-964.4255821353
-964.4255584949
-964.4255309338
-964.4255677120
-964.4254724528
-964.4255882849
-964.4255476073
-964.4256136559
-964.4255918174
-964.4255844901
-964.4255690732
-964.4255612125
-964.4253568461
-964.4254910650
-964.4254934688
-964.4254864346
-964.4255196056
-964.4255046106
-964.4255796687
-964.4256315508
-964.4255013908
-964.4255213197
-964.4255157420
-964.4255632791
-964.4255986254
-964.4255609873
-964.4255597844
-964.4255483356
-964.4255008791
-964.4255189958
-964.4255673648
-964.4255073165
-964.4255343411
-964.4254872498
-964.4255018416
-964.4255990472
-964.4255247777
-964.4256256032
-964.4256050727
-964.4253407938
-964.4255681535
-964.4255744157
-964.4254716297
-964.4256018322
-964.4255321747
-964.4255641575
-964.4255931261
-964.4255710887
-964.4255487093
-964.4255540461
-964.4255203909
-964.4255545638
-964.4255509508
-964.4255075360
-964.4255338591
-964.4255530118
-964.4256328200
-964.4255860927
-964.4254783425
-964.4255178984
-964.4255699179
-964.4255618718
-964.4255587727
-964.4255624036
-964.4256268517
-964.4254989305
-964.4255714523
-964.4255078011
-964.4255669987
-964.4254840792
-964.4255369425
-964.4255923789
-964.4254008461
-964.4255887525
-964.4255583217
-964.4255045995
-964.4253147074
-964.4255781078
-964.4254917783
-964.4255623332
-964.4255752230
-964.4255847605
-964.4255050673
-964.4255945190
-964.4256089061
-964.4256263617
-964.4255681835
-964.4254968250
-964.4255469914
-964.4255885690
-964.4255922372
-964.4255019829
-964.4255412187
-964.4255647767
-964.4255515248
-964.4255264585
-964.4255387404
-964.4255734952
-964.4255790802
-964.4255556939
-964.4255603635
-964.4255370213
-964.4255438359
-964.4254993215
-964.4254418655
-964.4254926180
-964.4254927795
-964.4256044852
-964.4255474884
-964.4254403266
-964.4255828479
-964.4255996184
-964.4255783564
-964.4255013413
-964.4255861201
-964.4253118084
-964.4254654154
-964.4256162482
-964.4254424188
-964.4255192140
-964.4255930848
-964.4255013575
-964.4254651839
-964.4253563764
-964.4255739292
-964.4255556634
-964.4254919030
-964.4256288889
-964.4255086212
-964.4255518201
-964.4253070390
-964.4255835415
-964.4254328996
-964.4256349462
-964.4255691734
-964.4255173991
-964.4255505911
-964.4255915000
-964.4255875231
-964.4255191981
-964.4256165000
-964.4255633707
-964.4253723421
-964.4254335937
-964.4256221284
-964.4255337448
-964.4255359507
-964.4255810774
-964.4254158633
-964.4255646064
-964.4255314654
-964.4254609582
-964.4255110468
-964.4255250737
-964.4255142706
-964.4255818044
-964.4255993485
-964.4256054658
-964.4254183067
-964.4255742593
-964.4255263903
-964.4256033942
-964.4255543980
-964.4255426859
-964.4255238046
-964.4255975295
-964.4255375466
-964.4255758878
-964.4255760907
-964.4256161632
-964.4254941708
-964.4255904192
-964.4255225369
-964.4256305189
-964.4255209037
-964.4255582015
-964.4255466598
-964.4255706800
-964.4255897641
-964.4255801524
-964.4255899390
-964.4255247618
-964.4254975099
-964.4255497973
-964.4255455813
-964.4255584362
-964.4254950997
-964.4254358221
-964.4255819395
-964.4255429933
-964.4255569059
-964.4255075120
-964.4255213713
-964.4254919114
-964.4255023452
-964.4254750672
-964.4254900000
-964.4254636064
-964.4254886832
-964.4255637714
-964.4255530049
-964.4255549534
-964.4255898470
-964.4255408221
-964.4255708845
-964.4255134573
-964.4253339333
-964.4255590122
-964.4255366044
-964.4255843315
-964.4254862567
-964.4255844172
-964.4254892195
-964.4254509945
-964.4255966365
-964.4255823441
-964.4255358731
-964.4255130450
-964.4255211467
-964.4256073258
-964.4256087680
-964.4255056122
-964.4254706970
-964.4255955068
-964.4254904061
-964.4256234289
-964.4255652417
-964.4255153665
-964.4255768908
-964.4255816782
-964.4255878717
-964.4255444650
-964.4255457663
-964.4255522241
-964.4255471833
-964.4253835826
-964.4255712995
-964.4254536169
-964.4255914031
-964.4256077755
-964.4255128700
-964.4254433599
-964.4256048214
-964.4255313662
-964.4255406269
-964.4255424609
-964.4256030394
-964.4255348501
-964.4254834107
-964.4255162539
-964.4255809438
-964.4255147295
-964.4255622929
-964.4253098377
-964.4254506040
-964.4255981978
-964.4255230589
-964.4255473666
-964.4256155820
-964.4255767916
-964.4255459170
-964.4255495906
-964.4254972997
-964.4255231743
-964.4255712273
-964.4253872010
-964.4254770245
-964.4255426102
-964.4255874642
-964.4255573253
-964.4255829558
-964.4254244148
-964.4255311914
-964.4254641115
-964.4255234937
-964.4255005854
-964.4255860608
-964.4255980888
-964.4255250130
-964.4255426005
-964.4255460288
-964.4255992614
-964.4255445900
-964.4255591616
-964.4253986375
-964.4255475732
-964.4256086209
-964.4255417785
-964.4255582141
-964.4256241331
-964.4255626570
-964.4255088815
-964.4255312863
-964.4254566134
-964.4255305691
-964.4256067831
-964.4254557356
-964.4256027375
-964.4255322272
-964.4255782231
-964.4255995962
-964.4254147281
-964.4254235516
-964.4255247190
-964.4255015478
-964.4255398343
-964.4255974012
-964.4256112244
-964.4255585702
-964.4253912415
-964.4255745517
-964.4255797698
-964.4256491353
-964.4256180195
-964.4255452178
-964.4255089825
-964.4255474541
-964.4254669326
-964.4255594299
-964.4255118296
-964.4255689494
-964.4255983932
-964.4256004459
-964.4255044381
-964.4256099728
-964.4255485519
-964.4256175129
-964.4255926357
-964.4255582878
-964.4255011327
-964.4255714277
-964.4255704793
-964.4255761329
-964.4255924723
-964.4255216502
-964.4255367642
-964.4256023170
-964.4255131838
-964.4255990926
-964.4255443236
-964.4255296393
-964.4255499540
-964.4256000132
-964.4256045432
-964.4256132210
-964.4255037299
-964.4255852311
-964.4255252959
-964.4255834729
-964.4255851177
-964.4255083911
-964.4255179433
-964.4255211768
-964.4255541365
-964.4255609400
-964.4255463915
-964.4255680283
-964.4254635610
-964.4255981031
-964.4255731611
-964.4254006909
-964.4255716695
-964.4255105670
-964.4253398500
-964.4253366995
-964.4256153337
-964.4256004767
-964.4255737683
-964.4255291719
-964.4255628779
-964.4255460552
-964.4255498766
-964.4255454455
-964.4255844420
-964.4254898667
-964.4255449811
-964.4253069922
-964.4254658141
-964.4255362787
-964.4255009719
-964.4255474049
-964.4255467807
-964.4254946286
-964.4255334590
-964.4255708884
-964.4255566921
-964.4256034821
-964.4256241094
-964.4255524605
-964.4255411897
-964.4255511195
-964.4255122223
-964.4256015070
-964.4255254284
-964.4255709998
-964.4255911837
-964.4255863465
-964.4254647568
-964.4255169352
-964.4255392640
-964.4254353090
-964.4255747915
-964.4255639025
-964.4255921142
-964.4255652529
-964.4255612361
-964.4254632134
-964.4255786007
-964.4255606931
-964.4255406559
-964.4255461395
-964.4255733363
-964.4254885936
-964.4255298343
-964.4254999360
-964.4255374923
-964.4256090446
-964.4254476578
-964.4254162644
-964.4255946401
-964.4255959307
-964.4255782524
-964.4256103035
-964.4255379981
-964.4255853377
-964.4255476602
-964.4255629850
-964.4255373186
-964.4254372913
-964.4255664577
-964.4255302207
-964.4255713498
-964.4256023823
-964.4255412578
-964.4255027484
-964.4255454340
-964.4255718058
-964.4255521695
-964.4253597855
-964.4254099169
-964.4255331542
-964.4255022602
-964.4255538770
-964.4256049221
-964.4255266769
-964.4254415233
-964.4254663754
-964.4255274693
-964.4254956033
-964.4255963206
-964.4254917373
-964.4255756369
-964.4256020664
-964.4255738439
-964.4255052071
-964.4254600903
-964.4255386926
-964.4255193123
-964.4255983837
-964.4255575866
-964.4254831777
-964.4255504219
-964.4255890768
-964.4255558935
-964.4255906796
-964.4255971436
-964.4256095142
-964.4255912124
-964.4255787577
-964.4256161476
-964.4254661933
-964.4255259168
-964.4255913527
-964.4255884145
-964.4254541882
-964.4255043955
-964.4256157376
-964.4254337956
-964.4256221372
-964.4255775901
-964.4254894807
-964.4255208699
-964.4256370529
-964.4255460177
-964.4255474028
-964.4254975944
-964.4254161127
-964.4254583785
-964.4256350013
-964.4256027529
-964.4255258916
-964.4255775639
-964.4255906899
-964.4255523779
-964.4256149765
-964.4256405288
-964.4255661664
-964.4255676938
-964.4255501381
-964.4255169005
-964.4255718606
-964.4254740527
-964.4255595517
-964.4255470203
-964.4255266270
-964.4255047035
-964.4255121417
-964.4254485094
-964.4255604766
-964.4253814587
-964.4256020567
-964.4254877926
-964.4254370073
-964.4255798253
-964.4255478487
-964.4256181550
-964.4256064307
-964.4255596904
-964.4254640379
-964.4255415259
-964.4255936349
-964.4254864590
-964.4255365609
-964.4255636181
-964.4255021551
-964.4255338074
-964.4255427744
-964.4255197758
-964.4255076509
-964.4254930433
-964.4255636465
-964.4255241703
-964.4255239878
-964.4255657535
-964.4255299113
-964.4254493792
-964.4255944700
-964.4255913230
-964.4255576132
-964.4255551129
-964.4256038216
-964.4255189869
-964.4255941594
-964.4254853164
-964.4255273719
-964.4255507211
-964.4254322349
-964.4255544292
-964.4255799158
-964.4255003330
-964.4255893160
-964.4255815047
-964.4255892039
-964.4254988640
-964.4255985827
-964.4254434468
-964.4255742885
-964.4254302286
-964.4255829294
-964.4255865063
-964.4255415394
-964.4255770136
-964.4254997478
-964.4255154584
-964.4255245734
-964.4255738213
-964.4255204644
-964.4254543149
-964.4255498463
-964.4254977828
-964.4255340795
-964.4256118145
-964.4256139640
-964.4255722416
-964.4255234934
-964.4255435895
-964.4255149333
-964.4255131814
-964.4255670444
-964.4255137836
-964.4255220994
-964.4255441668
-964.4255646140
-964.4255087902
-964.4255010836
-964.4255385466
-964.4256032586
-964.4255281536
-964.4254798357
-964.4256291599
-964.4255902641
-964.4254979358
-964.4255601860
-964.4255175346
-964.4255620813
-964.4255479381
-964.4255451313
-964.4255989642
-964.4254511598
-964.4255499646
-964.4254678693
-964.4255112193
-964.4255574315
-964.4255775047
-964.4255351066
-964.4255590010
-964.4255357227
-964.4253967164
-964.4254909357
-964.4254642063
-964.4255461814
-964.4255107233
-964.4254965562
-964.4255192190
-964.4255851771
-964.4253846412
-964.4256275082
-964.4255426014
-964.4255546418
-964.4256066613
-964.4256053687
-964.4254366255
-964.4254365880
-964.4255491715
-964.4255720234
-964.4255463069
-964.4255854439
-964.4256125584
-964.4256332465
-964.4255239932
-964.4254533692
-964.4255909714
-964.4255410990
-964.4255387022
-964.4255407617
-964.4255868563
-964.4255846911
-964.4255010143
-964.4255252785
-964.4254993356
-964.4255006010
-964.4255789301
-964.4255437067
-964.4255684994
-964.4256242608
-964.4255594620
-964.4256197566
-964.4255293044
-964.4255012682
-964.4253636770
-964.4255678915
-964.4255608628
-964.4255767133
-964.4255545484
-964.4254377358
-964.4254919945
-964.4254812088
-964.4254814016
-964.4254852986
-964.4254077455
-964.4255096393
-964.4255176957
-964.4255807957
-964.4255411331
-964.4255666671
-964.4254868162
-964.4255980970
-964.4254185686
-964.4256326842
-964.4255350378
-964.4255665273
-964.4255724445
-964.4256072457
-964.4255618724
-964.4255626205
-964.4255888874
-964.4253591871
-964.4255192256
-964.4255242627
-964.4255108469
-964.4256092114
-964.4255951618
-964.4254784109
-964.4255070295
-964.4255079683
-964.4256344428
-964.4255941412
-964.4255401990
-964.4255708440
-964.4255498855
-964.4254513461
-964.4255984999
-964.4255009117
-964.4255731946
-964.4255984468
-964.4253759067
-964.4255946923
-964.4255196580
-964.4254824826
-964.4255021171
-964.4255723648
-964.4255544057
-964.4255107941
-964.4254262942
-964.4255534929
-964.4256327267
-964.4255527140
-964.4255714234
-964.4255518614
-964.4254427624
-964.4255565625
-964.4255174564
-964.4255014758
-964.4256039744
-964.4256088462
-964.4255333771
-964.4255358510
-964.4255901257
-964.4255626928
-964.4256009726
-964.4255286660
-964.4255787881
-964.4255999389
-964.4255342865
-964.4256218416
-964.4255863183
-964.4255282739
-964.4255382262
-964.4255817711
-964.4256251002
-964.4255136991
-964.4255041330
-964.4254931025
-964.4255512983
-964.4255752121
-964.4255311917
-964.4255052026
-964.4255030053
-964.4252963649
-964.4255312738
-964.4254405523
-964.4255967223
-964.4255856908
-964.4254654144
-964.4255972366
-964.4255312677
-964.4255071897
-964.4256006070
-964.4255382710
-964.4255467603
-964.4255296890
-964.4255761991
-964.4254165558
-964.4255949342
-964.4255379602
-964.4255790393
-964.4256009847
-964.4255627461
-964.4255250850
-964.4255902721
-964.4254327660
-964.4255423937
-964.4254589154
-964.4255875233
-964.4256137716
-964.4254960753
-964.4254259076
-964.4255520049
-964.4255205835
-964.4256036447
-964.4255479893
-964.4254520222
-964.4255656490
-964.4254315039
-964.4254990646
-964.4255571489
-964.4255232727
-964.4254402254
-964.4255315403
-964.4255951400
-964.4256312613
-964.4255755833
-964.4255357865
-964.4255354164
-964.4254896794
-964.4255097325
-964.4254680077
-964.4254227562
-964.4255004412
-964.4254818440
-964.4255076301
-964.4255381374
-964.4256239849
-964.4255669878
-964.4255295138
-964.4255712267
-964.4256039195
-964.4255646420
-964.4254626482
-964.4254690346
-964.4255944981
-964.4255641331
-964.4255425703
-964.4256500367
-964.4255453595
-964.4255830531
-964.4254151419
-964.4256188545
-964.4255790116
-964.4255674242
-964.4254878291
-964.4254937396
-964.4255178942
-964.4254936132
-964.4254267655
-964.4255335228
-964.4255502014
-964.4254958657
-964.4255012646
-964.4252711970
-964.4255727144
-964.4256110881
-964.4254735927
-964.4255332770
-964.4255455771
-964.4254743404
-964.4255122997
-964.4255929735
-964.4255623514
-964.4255655355
-964.4255294830
-964.4254655711
-964.4256077344
-964.4255969635
-964.4254477417
-964.4255848882
-964.4254927865
-964.4256145397
-964.4256057769
-964.4255239230
-964.4255489705
-964.4254867030
-964.4254808557
-964.4254370409
-964.4255340448
-964.4253738899
-964.4256038140
-964.4255387139
-964.4255769149
-964.4256073561
-964.4255961038
-964.4255582479
-964.4255406525
-964.4254500034
-964.4255615574
-964.4255506916
-964.4255742202
-964.4256097485
-964.4255605176
-964.4255925857
-964.4255095933
-964.4253997208
-964.4255198363
-964.4256194360
-964.4255798492
-964.4254707487
-964.4255509353
-964.4255612035
-964.4254331871
-964.4254836237
-964.4255859974
-964.4256164261
-964.4254611885
-964.4255119329
-964.4255287946
-964.4254663195
-964.4255161957
-964.4256494528
-964.4256097618
-964.4255592714
-964.4256154806
-964.4255038821
-964.4255322711
-964.4253966344
-964.4255836499
-964.4254735427
-964.4255845786
-964.4255634000
-964.4255056162
-964.4255802901
-964.4255898250
-964.4255064223
-964.4255028179
-964.4255618587
-964.4255624237
-964.4254677813
-964.4256102315
-964.4255312971
-964.4252701967
-964.4255189906
-964.4254578241
-964.4255529026
-964.4255734029
-964.4255614119
-964.4254287430
-964.4255296128
-964.4255626493
-964.4255861523
-964.4255955074
-964.4254794089
-964.4255747009
-964.4255785914
-964.4255548843
-964.4255611406
-964.4255510191
-964.4255496257
-964.4256165031
-964.4254839393
-964.4255966565
-964.4255306329
-964.4254945339
-964.4255970908
-964.4254788358
-964.4256387435
-964.4255156864
-964.4253356666
-964.4255584411
-964.4255391355
-964.4254787640
-964.4255224758
-964.4255653651
-964.4256143184
-964.4255248149
-964.4255958190
-964.4255789069
-964.4255596311
-964.4254904950
-964.4255716351
-964.4254952021
-964.4253517917
-964.4255338989
-964.4256070055
-964.4256220179
-964.4254376162
-964.4255816744
-964.4255909343
-964.4255825019
-964.4255672850
-964.4255715077
-964.4254633352
-964.4255781844
-964.4255741006
-964.4255097163
-964.4255944819
-964.4255003026
-964.4254584795
-964.4254299648
-964.4254930270
-964.4256044470
-964.4256001880
-964.4255278760
-964.4255082079
-964.4255909763
-964.4255015364
-964.4255392995
-964.4255351376
-964.4253856293
-964.4255673926
-964.4254521883
-964.4256185388
-964.4255720976
-964.4256077989
-964.4255468806
-964.4255818688
-964.4256150143
-964.4256005402
-964.4255299778
-964.4256278199
-964.4256189751
-964.4256031740
-964.4256132266
-964.4255903346
-964.4255604138
-964.4252565752
-964.4256270276
-964.4255496392
-964.4255520677
-964.4254000162
-964.4255662273
-964.4255344043
-964.4255472105
-964.4255257051
-964.4255852300
-964.4255786119
-964.4254287127
-964.4255945274
-964.4255519752
-964.4255419445
-964.4255473587
-964.4254964635
-964.4255409225
-964.4255950078
-964.4255575694
-964.4256459966
-964.4255294411
-964.4255279134
-964.4255730992
-964.4254911809
-964.4255772748
-964.4255517316
-964.4254798205
-964.4254845430
-964.4255911366
-964.4255554616
-964.4255105560
-964.4254519589
-964.4254973760
-964.4256215619
-964.4255021631
-964.4254936762
-964.4256382219
-964.4255414594
-964.4255808486
-964.4256166388
-964.4256198678
-964.4255168440
-964.4255750038
-964.4255429402
-964.4256045212
-964.4255101436
-964.4254690506
-964.4255416814
-964.4254641271
-964.4255756831
-964.4255684775
-964.4254995213
-964.4255957239
-964.4255411592
-964.4255537318
-964.4255621841
-964.4255373736
-964.4254642582
-964.4255674101
-964.4255278809
-964.4255875155
-964.4254654920
-964.4255100918
-964.4256164281
-964.4255977406
-964.4255360139
-964.4255708867
-964.4255614663
-964.4254322155
-964.4255626149
-964.4254204161
-964.4254890633
-964.4256175063
-964.4255060937
-964.4256015494
-964.4255404932
-964.4255548262
-964.4255895365
-964.4255603023
-964.4255087664
-964.4255654415
-964.4255706973
-964.4254326583
-964.4255241142
-964.4256083330
-964.4255556392
-964.4255338227
-964.4255293720
-964.4255613520
-964.4255164924
-964.4255967324
-964.4255634178
-964.4255511460
-964.4255595359
-964.4254785610
-964.4255136709
-964.4255000250
-964.4256054500
-964.4255537635
-964.4256067358
-964.4256005108
-964.4255763068
-964.4255765426
-964.4255458014
-964.4255024172
-964.4255359751
-964.4256357725
-964.4255021882
-964.4255146638
-964.4253542137
-964.4254899394
-964.4254809546
-964.4255700247
-964.4255286168
-964.4255682600
-964.4255246414
-964.4255855939
-964.4255427787
-964.4255950584
-964.4256088025
-964.4256075436
-964.4255195810
-964.4255026685
-964.4255693851
-964.4255593575
-964.4254402595
-964.4254182263
-964.4255672385
-964.4256015726
-964.4255014288
-964.4254708337
-964.4255869483
-964.4255007675
-964.4255591326
-964.4255190388
-964.4255286213
-964.4256316889
-964.4253894615
-964.4255443740
-964.4255186050
-964.4253878732
-964.4255756872
-964.4255389804
-964.4255054910
-964.4255398393
-964.4255243379
-964.4255726233
-964.4254477082
-964.4255253891
-964.4254939429
-964.4255396557
-964.4255015483
-964.4255417324
-964.4255601101
-964.4253237427
-964.4254531670
-964.4255828092
-964.4255859571
-964.4255665364
-964.4256156503
-964.4255826725
-964.4255021882
-964.4256172190
-964.4255935484
-964.4255634947
-964.4255668793
-964.4255926898
-964.4255587216
-964.4256035548
-964.4255548508
-964.4255038401
-964.4254689705
-964.4255972768
-964.4254718594
-964.4255564424
-964.4255604846
-964.4255825702
-964.4253042462
-964.4255033921
-964.4254950688
-964.4255625185
-964.4256194485
-964.4255406763
-964.4256421496
-964.4255520540
-964.4254900522
-964.4255394273
-964.4255394616
-964.4255569899
-964.4255404208
-964.4254820512
-964.4255661665
-964.4255012640
-964.4256188087
-964.4255387604
-964.4255043773
-964.4256000464
-964.4255587438
-964.4255449456
-964.4255169176
-964.4255132934
-964.4255984227
-964.4255663671
-964.4254078599
-964.4254738240
-964.4255629295
-964.4255908024
-964.4253860678
-964.4255349812
-964.4253797005
-964.4256089466
-964.4255636642
-964.4256007985
-964.4255499097
-964.4255380344
-964.4255324190
-964.4256016707
-964.4255135624
-964.4255915219
-964.4254476566
-964.4255749436
-964.4256088747
-964.4255186929
-964.4255108947
-964.4255119761
-964.4255004813
-964.4253334716
-964.4256061033
-964.4255398009
-964.4255888793
-964.4254944413
-964.4255760368
-964.4254994661
-964.4253747953
-964.4254840687
-964.4254152621
-964.4255229001
-964.4255278897
-964.4256155929
-964.4255372441
-964.4254633300
-964.4253419494
-964.4255565375
-964.4255673286
-964.4254342515
-964.4254246214
-964.4255246680
-964.4254752568
-964.4255600590
-964.4254999246
-964.4255045829
-964.4255360182
-964.4255551563
-964.4255249255
-964.4256089414
-964.4255558905
-964.4255826870
-964.4255569740
-964.4255239701
-964.4255478810
-964.4255805209
-964.4255574578
-964.4255885982
-964.4255039151
-964.4255375755
-964.4255362479
-964.4253970038
-964.4255222051
-964.4255714602
-964.4255811483
-964.4255719836
-964.4255207952
-964.4255700112
-964.4255484274
-964.4256123847
-964.4255497996
-964.4254817550
-964.4255757241
-964.4255250984
-964.4255270948
-964.4255472036
-964.4256283958
-964.4255042759
-964.4252822168
-964.4255649118
-964.4253821947
-964.4255674654
-964.4255977491
-964.4253916444
-964.4255342661
-964.4255767976
-964.4255875019
-964.4255454543
-964.4255112991
-964.4255659178
-964.4254929758
-964.4255330780
-964.4255112003
-964.4255455459
-964.4255633657
-964.4254481400
-964.4255448239
-964.4256007039
-964.4255671067
-964.4255845968
-964.4255848461
-964.4253464158
-964.4254295423
-964.4256069638
-964.4255624008
-964.4255608828
-964.4256172258
-964.4255913925
-964.4255786468
-964.4255713465
-964.4255374804
-964.4255664361
-964.4254332542
-964.4255810634
-964.4256119379
-964.4255152141
-964.4255110473
-964.4256058838
-964.4256014223
-964.4255051554
-964.4255472018
-964.4255599891
-964.4255619429
-964.4255449895
-964.4255845672
-964.4255004478
-964.4255225585
-964.4255618561
-964.4253579615
-964.4255543421
-964.4255493133
-964.4255130158
-964.4255270323
-964.4254972283
-964.4254697911
-964.4255648672
-964.4255891581
-964.4255904526
-964.4255586553
-964.4255367697
-964.4254450762
-964.4254772439
-964.4255305930
-964.4255743012
-964.4255134271
-964.4256052224
-964.4255576573
-964.4255673537
-964.4255997053
-964.4254712181
-964.4255665248
-964.4255042060
-964.4255273217
-964.4254156040
-964.4255973911
-964.4255150416
-964.4256217035
-964.4255263598
-964.4256022142
-964.4255647882
-964.4256116887
-964.4255140106
-964.4255593547
-964.4255956374
-964.4255114139
-964.4255799861
-964.4253381097
-964.4255947061
-964.4255340390
-964.4255908659
-964.4255879269
-964.4255610607
-964.4256019393
-964.4254805134
-964.4254873773
-964.4255786642
-964.4256261692
-964.4256277069
-964.4255769488
-964.4255401972
-964.4253826070
-964.4254605198
-964.4254894292
-964.4254958393
-964.4255097029
-964.4255764703
-964.4255970166
-964.4256092206
-964.4255833438
-964.4255041381
-964.4252875426
-964.4255950510
-964.4255073762
-964.4255962850
-964.4255937859
-964.4255585495
-964.4255920195
-964.4254627540
-964.4255536357
-964.4254955947
-964.4254877442
-964.4255339168
-964.4255798835
-964.4255844523
-964.4255146090
-964.4255618030
-964.4255551281
-964.4255317095
-964.4255129434
-964.4255483220
-964.4256104995
-964.4255149666
-964.4256077309
-964.4254357348
-964.4255864579
-964.4255346694
-964.4255470234
-964.4255315900
-964.4255544046
-964.4255580334
-964.4255355476
-964.4255287034
-964.4254811584
-964.4255570088
-964.4255955389
-964.4255239444
-964.4256138575
-964.4255356230
-964.4255728845
-964.4255191709
-964.4255373720
-964.4254852455
-964.4254824783
-964.4255808551
-964.4256231059
-964.4255615824
-964.4256072686
-964.4255978274
-964.4255404451
-964.4254939977
-964.4255716318
-964.4255563467
-964.4255654629
-964.4254382751
-964.4255620634
-964.4255560749
-964.4254833820
-964.4255637834
-964.4255702667
-964.4255713645
-964.4255521878
-964.4254684681
-964.4255243072
-964.4255093131
-964.4255566459
-964.4255865703
-964.4254168823
-964.4255356882
-964.4255440791
-964.4255335189
-964.4256542829
-964.4255740584
-964.4255038649
-964.4255126956
-964.4255965146
-964.4256117035
-964.4255538234
-964.4255556059
-964.4256028007
-964.4254389318
-964.4255730222
-964.4255387286
-964.4255722827
-964.4255791490
-964.4255601973
-964.4255893819
-964.4255658537
-964.4255469073
-964.4256289993
-964.4256046050
-964.4255357991
-964.4255620329
-964.4255682514
-964.4255864172
-964.4255155122
-964.4255133078
-964.4255677599
-964.4255743082
-964.4255811168
-964.4255606970
-964.4254425112
-964.4255941566
-964.4256104450
-964.4255317559
-964.4255155472
-964.4255777243
-964.4255456192
-964.4253749323
-964.4255136033
-964.4255780507
-964.4255179337
-964.4256029893
-964.4255617011
-964.4254758693
-964.4255732639
-964.4255281933
-964.4256212041
-964.4255214257
-964.4254152819
-964.4255040253
-964.4255657845
-964.4255637596
-964.4255118860
-964.4256180765
-964.4255474817
-964.4255862239
-964.4254925165
-964.4255749506
-964.4254790522
-964.4255609616
-964.4254346392
-964.4255312752
-964.4254889239
-964.4255004002
-964.4253903120
-964.4255093012
-964.4255893521
-964.4255843089
-964.4255593178
-964.4256390773
-964.4255630241
-964.4256203656
-964.4255510278
-964.4255704793
-964.4255758778
-964.4255788617
-964.4255815660
-964.4256061277
-964.4255573965
-964.4255655356
-964.4254666249
-964.4253781926
-964.4255555234
-964.4255356361
-964.4256187768
-964.4256084093
-964.4255016986
-964.4255193743
-964.4256114117
-964.4254962942
-964.4255353631
-964.4255722637
-964.4255670207
-964.4255508879
-964.4256186855
-964.4256081578
-964.4255293673
-964.4255863096
-964.4255230087
-964.4254697063
-964.4255479220
-964.4255738115
-964.4255097957
-964.4255438120
-964.4255287691
-964.4255455964
-964.4255893553
-964.4255512155
-964.4255753486
-964.4255750819
-964.4254317188
-964.4255539109
-964.4255277772
-964.4254887090
-964.4254299852
-964.4255131904
-964.4255281648
-964.4255710163
-964.4255823482
-964.4254567160
-964.4255966733
-964.4255741690
-964.4255693590
-964.4255366181
-964.4254854361
-964.4255838529
-964.4256088593
-964.4256049580
-964.4254922712
-964.4255684821
-964.4255140765
-964.4255109465
-964.4255802866
-964.4255592131
-964.4255357217
-964.4255823657
-964.4255000878
-964.4254824872
-964.4255694319
-964.4253841430
-964.4255584937
-964.4255496125
-964.4256069650
-964.4255302091
-964.4255447757
-964.4255597263
-964.4255642439
-964.4255476683
-964.4255326456
-964.4255526855
-964.4254509630
-964.4255308188
-964.4256305273
-964.4255837803
-964.4255213388
-964.4255827037
-964.4255492230
-964.4256120601
-964.4255576640
-964.4255903666
-964.4256529528
-964.4255963559
-964.4255758165
-964.4255838721
-964.4255056386
-964.4255445031
-964.4256071682
-964.4255712695
-964.4255361847
-964.4255561944
-964.4255919177
-964.4255423559
-964.4256186119
-964.4255018544
-964.4255586165
-964.4254590553
-964.4255669428
-964.4255742146
-964.4255495475
-964.4255295607
-964.4255084348
-964.4254589610
-964.4255269034
-964.4255571174
-964.4255738769
-964.4255590136
-964.4254657503
-964.4254622846
-964.4255539893
-964.4255494828
-964.4255128945
-964.4255839886
-964.4255799467
-964.4254960567
-964.4255350515
-964.4254837076
-964.4255143754
-964.4254915034
-964.4255662694
-964.4256057160
-964.4255614829
-964.4255469948
-964.4255579909
-964.4256009417
-964.4256281107
-964.4254641478
-964.4254799315
-964.4255916956
-964.4255621540
-964.4255327601
-964.4255195080
-964.4255353971
-964.4255974715
-964.4254961510
-964.4255588672
-964.4255487851
-964.4255568103
-964.4255643826
-964.4255224931
-964.4255138387
-964.4255872394
-964.4256230497
-964.4256213848
-964.4254333602
-964.4255793343
-964.4254871436
-964.4256012537
-964.4255660344
-964.4256056635
-964.4255013042
-964.4255581761
-964.4255690996
-964.4255556721
-964.4256035927
-964.4255760036
-964.4255108434
-964.4255418392
-964.4255986036
-964.4255253625
-964.4255746855
-964.4254492962
-964.4256244080
-964.4255947193
-964.4254655144
-964.4255765079
-964.4255655972
-964.4255395620
-964.4255058470
-964.4255565652
-964.4256234703
-964.4255630838
-964.4255642516
-964.4255358442
-964.4255378587
-964.4256098404
-964.4255421180
-964.4254591561
-964.4254390693
-964.4255853346
-964.4256000154
-964.4255338368
-964.4255366729
-964.4255150746
-964.4255118833
-964.4254087362
-964.4254963961
-964.4254817577
-964.4255827340
-964.4255977331
-964.4255351907
-964.4256046792
-964.4255568248
-964.4255315376
-964.4254792559
-964.4254860886
-964.4255702396
-964.4255486022
-964.4254317607
-964.4255548919
-964.4254867860
-964.4256178785
-964.4255880271
-964.4255421315
-964.4254780970
-964.4256108549
-964.4255258128
-964.4256059551
-964.4255331351
-964.4255116869
-964.4256106581
-964.4255834662
-964.4254863934
-964.4256117160
-964.4255711569
-964.4254292577
-964.4255017868
-964.4255264878
-964.4255332148
-964.4255790737
-964.4254990446
-964.4255112454
-964.4255694813
-964.4255171163
-964.4255132452
-964.4253484417
-964.4255409223
-964.4255698886
-964.4254444393
-964.4255135668
-964.4255720892
-964.4255272629
-964.4255534848
-964.4255544296
-964.4255867847
-964.4255878966
-964.4254637699
-964.4254925260
-964.4255033813
-964.4255315492
-964.4255255415
-964.4255710715
-964.4253679811
-964.4256134895
-964.4255588380
-964.4255165856
-964.4255189136
-964.4255013112
-964.4255659515
-964.4255821475
-964.4254607966
-964.4254913923
-964.4255905173
-964.4255545516
-964.4256039246
-964.4255634387
-964.4255911193
-964.4255851670
-964.4255892067
-964.4255350639
-964.4256024591
-964.4255715769
-964.4253747990
-964.4255010319
-964.4255343131
-964.4255975086
-964.4254509802
-964.4255661028
-964.4256088242
-964.4255430247
-964.4254262593
-964.4255689583
-964.4255009846
-964.4255592051
-964.4254846737
-964.4255544769
-964.4255034011
-964.4256116123
-964.4255368616
-964.4256059332
-964.4255772987
-964.4254614128
-964.4255629311
-964.4255978050
-964.4254738363
-964.4255677087
-964.4256061864
-964.4254390798
-964.4256087085
-964.4254610376
-964.4255323800
-964.4255921060
-964.4255439418
-964.4255714711
-964.4255867355
-964.4255288923
-964.4254813610
-964.4256120488
-964.4254501486
-964.4255029128
-964.4255780399
-964.4254481452
-964.4255819030
-964.4256025617
-964.4255395721
-964.4256107147
-964.4255479805
-964.4255014063
-964.4255007241
-964.4254429824
-964.4255741117
-964.4255941616
-964.4255604841
-964.4255452807
-964.4254961998
-964.4256421659
-964.4255042325
-964.4254778267
-964.4254570648
-964.4255233989
-964.4255860423
-964.4255563428
-964.4255151891
-964.4254329212
-964.4255812961
-964.4255544029
-964.4255685090
-964.4255795551
-964.4255994853
-964.4254421695
-964.4255446150
-964.4255879018
-964.4255370007
-964.4255951569
-964.4255111745
-964.4254011445
-964.4255977597
-964.4255628866
-964.4255441953
-964.4254955748
-964.4255627178
-964.4255019220
-964.4255051275
-964.4256124005
-964.4255927852
-964.4255672706
-964.4255930495
-964.4256080921
-964.4255609356
-964.4256020356
-964.4255144245
-964.4256120936
-964.4253494175
-964.4255847338
-964.4255610209
-964.4255573196
-964.4255763599
-964.4256296583
-964.4255199082
-964.4254561184
-964.4255693813
-964.4255500114
-964.4255334954
-964.4255740118
-964.4255862993
-964.4254551234
-964.4255630567
-964.4254792805
-964.4255484815
-964.4256211241
-964.4255837492
-964.4254479822
-964.4255584078
-964.4256139302
-964.4255684049
-964.4254669913
-964.4256190257
-964.4255007837
-964.4255590906
-964.4253351150
-964.4256048018
-964.4254286472
-964.4255317983
-964.4255178465
-964.4255205140
-964.4256040202
-964.4255266689
-964.4255211618
-964.4255519027
-964.4255747590
-964.4255630061
-964.4255265148
-964.4255291075
-964.4255407868
-964.4255238630
-964.4255933122
-964.4255160495
-964.4256006122
-964.4255425473
-964.4256191906
-964.4254915155
-964.4255011375
-964.4255952178
-964.4255717211
-964.4254957108
-964.4255497377
-964.4254986056
-964.4255801395
-964.4255328621
-964.4255453588
-964.4255380056
-964.4255020386
-964.4254973149
-964.4255594747
-964.4256166493
-964.4256063396
-964.4255361998
-964.4255809559
-964.4255710235
-964.4254983777
-964.4256132505
-964.4255038132
-964.4255515720
-964.4255160684
-964.4255523513
-964.4255160556
-964.4255190462
-964.4255403403
-964.4255538622
-964.4256024830
-964.4255683792
-964.4255467229
-964.4255757569
-964.4254297404
-964.4255447438
-964.4256264613
-964.4256033395
-964.4255406012
-964.4254858764
-964.4255777524
-964.4256136730
-964.4255133296
-964.4255196371
-964.4255958588
-964.4256045487
-964.4255749531
-964.4255666675
-964.4255010918
-964.4255242284
-964.4256388325
-964.4255886350
-964.4256232283
-964.4256254741
-964.4255352270
-964.4255805632
-964.4256046213
-964.4255692122
-964.4255458240
-964.4255810445
-964.4255500652
-964.4254964886
-964.4254949436
-964.4254890706
-964.4256018602
-964.4256082903
-964.4255426569
-964.4255544688
-964.4253820299
-964.4253731430
-964.4255918473
-964.4255310240
-964.4255343184
-964.4256306785
-964.4255491310
-964.4254629354
-964.4255530579
-964.4255619995
-964.4255918304
-964.4255426988
-964.4255145233
-964.4255719590
-964.4255192550
-964.4255800222
-964.4255501356
-964.4256063839
-964.4254712744
-964.4254298300
-964.4255404087
-964.4255631603
-964.4254934901
-964.4255909742
-964.4255573711
-964.4256343047
-964.4254556126
-964.4256187158
-964.4255649971
-964.4256241924
-964.4255891387
-964.4255668181
-964.4255864728
-964.4254931987
-964.4254189092
-964.4255343595
-964.4255919134
-964.4255762096
-964.4256457849
-964.4255880603
-964.4255341859
-964.4256096329
-964.4255712983
-964.4255955343
-964.4255822387
-964.4255910671
-964.4254748331
-964.4256280703
-964.4256115581
-964.4255380372
-964.4255461648
-964.4253150599
-964.4255484244
-964.4255157656
-964.4254706750
-964.4254873093
-964.4255948693
-964.4255498441
-964.4256131767
-964.4255988163
-964.4256028100
-964.4256032476
-964.4255188581
-964.4255139507
-964.4255660434
-964.4256051931
-964.4254973621
-964.4254959272
-964.4255201540
-964.4255782026
-964.4255764683
-964.4255844577
-964.4255518237
-964.4254226788
-964.4255807070
-964.4252449329
-964.4255324909
-964.4256037371
-964.4255081475
-964.4255697748
-964.4254950134
-964.4255612896
-964.4255359834
-964.4255257689
-964.4254265127
-964.4255869874
-964.4255666413
-964.4255274351
-964.4255679864
-964.4255302855
-964.4255620759
-964.4256213314
-964.4255829806
-964.4256178235
-964.4254366468
-964.4255180603
-964.4255782662
-964.4255078465
-964.4256135990
-964.4254646464
-964.4255600884
-964.4255469937
-964.4255279928
-964.4255338666
-964.4256107000
-964.4255902336
-964.4255867115
-964.4254360708
-964.4254649275
-964.4256007915
-964.4254928342
-964.4255482510
-964.4255721457
-964.4255415150
-964.4254043822
-964.4255017186
-964.4255063836
-964.4255530737
-964.4255947484
-964.4255215776
-964.4254987860
-964.4256016186
-964.4255947387
-964.4256123512
-964.4255604452
-964.4255752385
-964.4254966781
-964.4256322771
-964.4255502270
-964.4255785215
-964.4254029187
-964.4254658483
-964.4255013707
-964.4255815954
-964.4255456819
-964.4255314768
-964.4254677017
-964.4255208162
-964.4255437205
-964.4255007046
-964.4255902619
-964.4255908802
-964.4256217953
-964.4255476561
-964.4255984983
-964.4254014739
-964.4254797668
-964.4254949770
-964.4255011880
-964.4255911704
-964.4255577185
-964.4255219344
-964.4255940142
-964.4255220927
-964.4255363949
-964.4256496629
-964.4254825533
-964.4255595850
-964.4254048742
-964.4255409275
-964.4253855137
-964.4255234539
-964.4256144464
-964.4255332968
-964.4255681490
-964.4255068728
-964.4255526479
-964.4255874985
-964.4255304063
-964.4254069399
-964.4256316489
-964.4255597113
-964.4254672057
-964.4255455132
-964.4254969282
-964.4255272463
-964.4254982803
-964.4255023098
-964.4256040693
-964.4255767521
-964.4255463397
-964.4254695525
-964.4254507176
-964.4255186942
-964.4255014513
-964.4256007691
-964.4255187806
-964.4254879972
-964.4255626433
-964.4254534435
-964.4254738220
-964.4255863422
-964.4255485843
-964.4254316246
-964.4255602903
-964.4255416144
-964.4255224661
-964.4255289413
-964.4256018127
-964.4256049798
-964.4255686735
-964.4255618549
-964.4255728085
-964.4254786952
-964.4255177222
-964.4255873139
-964.4256101986
-964.4255023574
-964.4255900112
-964.4255508614
-964.4255676764
-964.4255057563
-964.4255373757
-964.4254662063
-964.4255630083
-964.4255621947
-964.4255569187
-964.4255807440
-964.4255603856
-964.4256190586
-964.4254673760
-964.4255748668
-964.4256257836
-964.4255735196
-964.4255356283
-964.4254142915
-964.4256039956
-964.4255594170
-964.4255480176
-964.4255559719
-964.4255773997
-964.4255456632
-964.4255544482
-964.4253933987
-964.4256271318
-964.4255129552
-964.4256085037
-964.4255780976
-964.4255708146
-964.4255901393
-964.4254993198
-964.4255232900
-964.4255107168
-964.4254559642
-964.4255841711
-964.4255541465
-964.4255564778
-964.4255484468
-964.4256150485
-964.4255035477
-964.4255786443
-964.4254432969
-964.4255543381
-964.4255156280
-964.4255912456
-964.4255983890
-964.4255929378
-964.4255470700
-964.4256105382
-964.4255857256
-964.4255646848
-964.4255364393
-964.4255531325
-964.4255229574
-964.4255510528
-964.4255460613
-964.4255287827
-964.4255939357
-964.4256077079
-964.4255891359
-964.4255532787
-964.4255541278
-964.4255570545
-964.4255018114
-964.4255823590
-964.4256060961
-964.4255284388
-964.4254443617
-964.4255655345
-964.4256178826
-964.4255609883
-964.4254854221
-964.4255400521
-964.4255757385
-964.4254468516
-964.4255216625
-964.4255420738
-964.4256294194
-964.4253492916
-964.4254998479
-964.4255556770
-964.4253956772
-964.4255092583
-964.4254556986
-964.4255558829
-964.4255201062
-964.4255502664
-964.4255330054
-964.4255375694
-964.4254846416
-964.4256145705
-964.4256503659
-964.4255679966
-964.4254958201
-964.4255918031
-964.4255969596
-964.4255998497
-964.4255326981
-964.4255096560
-964.4255696440
-964.4255644278
-964.4256098947
-964.4256090538
-964.4254497191
-964.4254070544
-964.4255654278
-964.4255575850
-964.4255450467
-964.4255301657
-964.4255625341
-964.4255602005
-964.4255625666
-964.4255818619
-964.4255729988
-964.4255755080
-964.4255654066
-964.4254461341
-964.4255318982
-964.4255502132
-964.4255922644
-964.4255077430
-964.4256160267
-964.4255876081
-964.4256015989
-964.4256219180
-964.4256142120
-964.4255931377
-964.4253713680
-964.4255834323
-964.4255779322
-964.4255845696
-964.4255071455
-964.4255671666
-964.4255752859
-964.4255030679
-964.4256088032
-964.4255221317
-964.4254992941
-964.4254841436
-964.4255375012
-964.4256163795
-964.4256170652
-964.4255985957
-964.4255785892
-964.4255531727
-964.4256063616
-964.4255656081
-964.4256031375
-964.4254848902
-964.4255865861
-964.4255420139
-964.4255580626
-964.4256124520
-964.4256102953
-964.4255844139
-964.4256143117
-964.4255021760
-964.4255591869
-964.4255294667
-964.4255740714
-964.4256272080
-964.4255764889
-964.4255743807
-964.4255485064
-964.4255306167
-964.4255547318
-964.4255346175
-964.4253800736
-964.4255895560
-964.4255534450
-964.4255696495
-964.4255641291
-964.4256069461
-964.4255977433
-964.4255281649
-964.4254808061
-964.4255756320
-964.4255205620
-964.4255919844
-964.4255830660
-964.4254451406
-964.4255458994
-964.4255873788
-964.4255822526
-964.4255887176
-964.4254211950
-964.4255855544
-964.4255440659
-964.4255251914
-964.4255958245
-964.4255243908
-964.4254676883
-964.4255420669
-964.4255817700
-964.4255977051
-964.4256260327
-964.4254541995
-964.4255561996
-964.4255724414
-964.4254324934
-964.4254244760
-964.4253908090
-964.4255703028
-964.4255553775
-964.4255986602
-964.4255514735
-964.4254651268
-964.4256456519
-964.4253959272
-964.4255312167
-964.4256127062
-964.4255624419
-964.4255764174
-964.4254156854
-964.4255944884
-964.4254992832
-964.4253623750
-964.4255800581
-964.4256102443
-964.4254025966
-964.4255007530
-964.4255185152
-964.4255259195
-964.4255323301
-964.4255511018
-964.4255746484
-964.4254885610
-964.4255462842
-964.4255465038
-964.4255692168
-964.4256228009
-964.4255751733
-964.4255433314
-964.4255957924
-964.4256041195
-964.4256220775
-964.4255022998
-964.4255070605
-964.4254175819
-964.4255013358
-964.4254896827
-964.4256026777
-964.4255125702
-964.4255942714
-964.4255674383
-964.4254996456
-964.4255559132
-964.4256293083
-964.4255518264
-964.4255439010
-964.4254948345
-964.4255683834
-964.4254859498
-964.4255581234
-964.4255444050
-964.4254770832
-964.4255284960
-964.4255771662
-964.4256072685
-964.4255500724
-964.4255963045
-964.4255503975
-964.4255200503
-964.4255912698
-964.4255115266
-964.4255286656
-964.4255661236
-964.4255421512
-964.4254558639
-964.4256052901
-964.4255710475
-964.4255825111
-964.4253163087
-964.4255550663
-964.4256065652
-964.4255541359
-964.4254866564
-964.4255803369
-964.4255731964
-964.4255889645
-964.4255044827
-964.4254154394
-964.4254868226
-964.4255504067
-964.4255605321
-964.4255236477
-964.4256155170
-964.4255465124
-964.4255390933
-964.4254677824
-964.4255199269
-964.4255916811
-964.4255342575
-964.4255917527
-964.4255123911
-964.4255294561
-964.4255597953
-964.4255652154
-964.4255285166
-964.4253871255
-964.4255572867
-964.4256292839
-964.4254722114
-964.4255606621
-964.4256123084
-964.4255881127
-964.4255918020
-964.4254831413
-964.4255329337
-964.4253160854
-964.4254281187
-964.4256083856
-964.4255693269
-964.4254437221
-964.4256327347
-964.4255704450
-964.4256182409
-964.4255643133
-964.4255203093
-964.4254703084
-964.4255548653
-964.4254299244
-964.4254910718
-964.4255846446
-964.4255903534
-964.4255475414
-964.4255455491
-964.4255633968
-964.4255672579
-964.4255012336
-964.4255632149
-964.4255309147
-964.4255020165
-964.4255939680
-964.4255016648
-964.4256189673
-964.4255534986
-964.4254949974
-964.4255524371
-964.4254876055
-964.4254946687
-964.4255023514
-964.4255545952
-964.4255589971
-964.4255796300
-964.4256102682
-964.4255546140
-964.4256108432
-964.4254199867
-964.4256266847
-964.4255643932
-964.4255894530
-964.4255645563
-964.4256246674
-964.4255550681
-964.4255190504
-964.4256044587
-964.4254392635
-964.4255311632
-964.4255886857
-964.4255822720
-964.4255513154
-964.4254883178
-964.4256097923
-964.4255998805
-964.4255959730
-964.4255832278
-964.4255439702
-964.4256143263
-964.4255435665
-964.4255485263
-964.4254850929
-964.4255017805
-964.4255973103
-964.4255671238
-964.4255102691
-964.4256049722
-964.4255437627
-964.4255604491
-964.4255556378
-964.4255668681
-964.4255382664
-964.4255013443
-964.4255730467
-964.4255460491
-964.4255534779
-964.4254923993
-964.4256011708
-964.4255811026
-964.4255591872
-964.4255595913
-964.4255134837
-964.4255533308
-964.4253213368
-964.4256343472
-964.4255299479
-964.4255219243
-964.4255651702
-964.4255529722
-964.4256159112
-964.4255927059
-964.4256447202
-964.4254192628
-964.4255027861
-964.4256058473
-964.4255504798
-964.4255161724
-964.4255293741
-964.4254543857
-964.4255789224
-964.4254354903
-964.4255873201
-964.4255304050
-964.4255674606
-964.4255222037
-964.4255339024
-964.4254993338
-964.4255598482
-964.4256177875
-964.4254994332
-964.4255889568
-964.4255468781
-964.4255293745
-964.4256148645
-964.4255839301
-964.4254970409
-964.4255561373
-964.4255068897
-964.4254988224
-964.4255830185
-964.4255122802
-964.4255728610
-964.4255941662
-964.4254925401
-964.4256187433
-964.4255530969
-964.4255542098
-964.4254766730
-964.4254991238
-964.4255671911
-964.4255876040
-964.4256139394
-964.4256035945
-964.4255511902
-964.4256396950
-964.4254364497
-964.4255322855
-964.4255882711
-964.4255183420
-964.4254147495
-964.4255553952
-964.4255726532
-964.4256006105
-964.4254951134
-964.4255811380
-964.4254793459
-964.4254546126
-964.4254267905
-964.4256120260
-964.4255756411
-964.4254863771
-964.4255761221
-964.4255975263
-964.4254742507
-964.4256218267
-964.4255636265
-964.4254132763
-964.4255572740
-964.4255023868
-964.4255436410
-964.4255142279
-964.4254582084
-964.4254655489
-964.4255588565
-964.4256265804
-964.4255403867
-964.4256091183
-964.4255831917
-964.4254792055
-964.4255622309
-964.4255134826
-964.4255219609
-964.4255649879
-964.4255042307
-964.4254367772
-964.4255486857
-964.4255319277
-964.4255802544
-964.4255559475
-964.4255899612
-964.4254649229
-964.4255634949
-964.4255494887
-964.4256207806
-964.4255540957
-964.4253868391
-964.4255077016
-964.4255380388
-964.4254815869
-964.4255325520
-964.4256041501
-964.4255896960
-964.4255078891
-964.4255454590
-964.4255349557
-964.4256220117
-964.4255245294
-964.4255802150
-964.4254822231
-964.4256358391
-964.4256174773
-964.4255906397
-964.4255943258
-964.4256294506
-964.4255559196
-964.4253991241
-964.4254259859
-964.4255315089
-964.4255851296
-964.4255392733
-964.4255579174
-964.4255101354
-964.4255923912
-964.4255090951
-964.4255159594
-964.4255175518
-964.4255566345
-964.4256121245
-964.4255423494
-964.4254728876
-964.4255645293
-964.4255037622
-964.4254706772
-964.4253902569
-964.4255998658
-964.4255007874
-964.4255259793
-964.4256075712
-964.4255887746
-964.4255714615
-964.4256390370
-964.4255972259
-964.4254552453
-964.4254975345
-964.4255992215
-964.4255940588
-964.4254637300
-964.4255886491
-964.4256172307
-964.4255204911
-964.4255708045
-964.4256378212
-964.4255284370
-964.4255770727
-964.4255607697
-964.4255143070
-964.4252822944
-964.4253952948
-964.4255999640
-964.4255131585
-964.4255857354
-964.4255446991
-964.4255003068
-964.4254839821
-964.4255503414
-964.4254918741
-964.4256084487
-964.4255497405
-964.4255906104
-964.4255800007
-964.4255019556
-964.4254595926
-964.4255406378
-964.4255896122
-964.4255940173
-964.4255566748
-964.4255248089
-964.4255403347
-964.4255885404
-964.4256030926
-964.4255439612
-964.4255335228
-964.4254205536
-964.4254192985
-964.4255439458
-964.4255443272
-964.4255785408
-964.4255921850
-964.4255357216
-964.4254359031
-964.4255325061
-964.4255948962
-964.4254600517
-964.4255828867
-964.4255199794
-964.4255838701
-964.4255408026
-964.4255038398
-964.4255790486
-964.4255060777
-964.4255232174
-964.4254349066
-964.4254813697
-964.4255254032
-964.4255173215
-964.4255565822
-964.4255549740
-964.4255874563
-964.4254776512
-964.4255398033
-964.4253724862
-964.4255828757
-964.4255155797
-964.4255032669
-964.4256233535
-964.4255802486
-964.4255079124
-964.4255966655
-964.4254095821
-964.4255482388
-964.4255480480
-964.4255430869
-964.4255310867
-964.4252450049
-964.4255123990
-964.4254297893
-964.4255695598
-964.4254627756
-964.4255017200
-964.4254413880
-964.4255443107
-964.4255316557
-964.4255973877
-964.4255706870
-964.4255134647
-964.4255704487
-964.4255478065
-964.4255925502
-964.4255887349
-964.4255752235
-964.4254814791
-964.4255982026
-964.4256263561
-964.4254641016
-964.4255639904
-964.4255274978
-964.4255571967
-964.4255597866
-964.4254815667
-964.4254750740
-964.4255590883
-964.4255959238
-964.4256053484
-964.4255014911
-964.4255167461
-964.4254407136
-964.4255327270
-964.4255561557
-964.4254898193
-964.4254867109
-964.4255470204
-964.4255152039
-964.4255724949
-964.4256074305
-964.4255704188
-964.4255007999
-964.4255156047
-964.4255665437
-964.4255232098
-964.4254867658
-964.4255849732
-964.4255683145
-964.4255388105
-964.4256207778
-964.4256205674
-964.4256401996
-964.4255195265
-964.4255075865
-964.4254888650
-964.4255480277
-964.4255652441
-964.4255722116
-964.4255017600
-964.4255204735
-964.4255269780
-964.4254368501
-964.4255079180
-964.4255625055
-964.4255799231
-964.4255292334
-964.4255254067
-964.4254999831
-964.4255101233
-964.4256257273
-964.4252740825
-964.4255010066
-964.4255584952
-964.4255632137
-964.4255368904
-964.4255244948
-964.4255401742
-964.4255423480
-964.4254370062
-964.4254076936
-964.4255593813
-964.4255269377
-964.4254368619
-964.4255493636
-964.4255137332
-964.4255457252
-964.4255576484
-964.4252357691
-964.4255211872
-964.4255777031
-964.4255470445
-964.4255621018
-964.4255021465
-964.4255702742
-964.4256096829
-964.4255957383
-964.4255398264
-964.4255765771
-964.4255091893
-964.4255075096
-964.4255779030
-964.4254338362
-964.4255195052
-964.4254828597
-964.4255477722
-964.4254899975
-964.4256191722
-964.4254415979
-964.4255664944
-964.4254143294
-964.4254940196
-964.4255814192
-964.4255854932
-964.4254081960
-964.4255240201
-964.4255888798
-964.4255998603
-964.4255735688
-964.4256249668
-964.4256099942
-964.4253720100
-964.4255140146
-964.4255030406
-964.4255643520
-964.4255580310
-964.4254836116
-964.4255763003
-964.4255210722
-964.4255212566
-964.4255247676
-964.4254830086
-964.4254312902
-964.4255375383
-964.4255907915
-964.4254898986
-964.4255528650
-964.4254642324
-964.4256010403
-964.4254570950
-964.4255784444
-964.4255820517
-964.4255012827
-964.4255530700
-964.4254829962
-964.4255350683
-964.4254509527
-964.4255977091
-964.4254296668
-964.4254737115
-964.4254955948
-964.4255601163
-964.4255074991
-964.4255663174
-964.4256028838
-964.4255424503
-964.4255442685
-964.4255931955
-964.4255586549
-964.4255811221
-964.4255480345
-964.4255179367
-964.4255769716
-964.4256169146
-964.4255674693
-964.4254435617
-964.4255356505
-964.4255041542
-964.4255004603
-964.4255556691
-964.4255761368
-964.4254759010
-964.4255281615
-964.4255729404
-964.4256365105
-964.4254737663
-964.4255067659
-964.4255684539
-964.4255984424
-964.4256027821
-964.4255696986
-964.4254602501
-964.4255002379
-964.4254666017
-964.4255868886
-964.4256172380
-964.4255215027
-964.4255467015
-964.4256179099
-964.4256010839
-964.4255279989
-964.4255203344
-964.4255293292
-964.4255504225
-964.4255310268
-964.4255946803
-964.4255802224
-964.4255492768
-964.4256006367
-964.4255378765
-964.4255663745
-964.4255473676
-964.4256202489
-964.4255346921
-964.4255869817
-964.4256423250
-964.4254421933
-964.4255483241
-964.4255675025
-964.4255587032
-964.4254082487
-964.4256267513
-964.4254211350
-964.4255780728
-964.4255895347
-964.4254712539
-964.4255908120
-964.4255689371
-964.4255566384
-964.4255908411
-964.4255016151
-964.4255112531
-964.4254912232
-964.4255367993
-964.4256223693
-964.4255150848
-964.4256061205
-964.4254903186
-964.4255630781
-964.4255441826
-964.4255886324
-964.4254521518
-964.4255471848
-964.4255883145
-964.4255760989
-964.4256269028
-964.4255823994
-964.4255031893
-964.4253772165
-964.4255982580
-964.4256142621
-964.4255568783
-964.4255014580
-964.4255630584
-964.4254955212
-964.4255577705
-964.4255213613
-964.4255682071
-964.4255541532
-964.4255602579
-964.4254743124
-964.4254199491
-964.4255274328
-964.4255563432
-964.4253291639
-964.4253415565
-964.4255793767
-964.4255982934
-964.4255757350
-964.4255786819
-964.4255446667
-964.4255182635
-964.4255559233
-964.4254115794
-964.4254871316
-964.4256312897
-964.4255175383
-964.4255711124
-964.4255448100
-964.4255301498
-964.4253325638
-964.4255287025
-964.4255413753
-964.4255372431
-964.4255199870
-964.4254541274
-964.4255850941
-964.4255008677
-964.4255264933
-964.4254760324
-964.4255904126
-964.4254311174
-964.4255271290
-964.4255904392
-964.4256229952
-964.4254366551
-964.4253415583
-964.4255847182
-964.4254440895
-964.4255173696
-964.4255516445
-964.4254837910
-964.4255395864
-964.4255597635
-964.4255304688
-964.4255019003
-964.4255409634
-964.4255899950
-964.4255096042
-964.4255670521
-964.4255659912
-964.4255624977
-964.4255721119
-964.4253786401
-964.4254626677
-964.4255756437
-964.4255580833
-964.4255135520
-964.4255009824
-964.4255492463
-964.4255346266
-964.4252990180
-964.4255620420
-964.4255674674
-964.4256126142
-964.4254034504
-964.4256066040
-964.4254990686
-964.4255583387
-964.4254962651
-964.4254956283
-964.4255992357
-964.4255017325
-964.4254452451
-964.4255649146
-964.4255778181
-964.4253871960
-964.4253878472
-964.4252586714
-964.4255373449
-964.4255122820
-964.4255580912
-964.4255327843
-964.4255630722
-964.4255877197
-964.4255404918
-964.4255802307
-964.4256073878
-964.4255686081
-964.4255579085
-964.4255022151
-964.4253094050
-964.4254706903
-964.4254493444
-964.4256178496
-964.4255197031
-964.4255833767
-964.4255089866
-964.4255024398
-964.4255077489
-964.4255655605
-964.4255971775
-964.4255609767
-964.4254750510
-964.4255318490
-964.4256154426
-964.4255892309
-964.4254702914
-964.4255834172
-964.4256346482
-964.4254983682
-964.4255928362
-964.4255703069
-964.4256065106
-964.4254682026
-964.4254333258
-964.4255643888
-964.4255391380
-964.4255225944
-964.4255543156
-964.4254749703
-964.4254007631
-964.4256104143
-964.4256155409
-964.4255278244
-964.4255492652
-964.4253937366
-964.4255746563
-964.4255248856
-964.4255428859
-964.4255835228
-964.4255279499
-964.4256199288
-964.4255935360
-964.4255347799
-964.4254977224
-964.4254078487
-964.4254448573
-964.4255935961
-964.4255538373
-964.4256295703
-964.4255816319
-964.4255768312
-964.4255890157
-964.4255657905
-964.4254582773
-964.4255021471
-964.4255351881
-964.4254084831
-964.4254698517
-964.4254947242
-964.4255241578
-964.4256085660
-964.4255880381
-964.4255349426
-964.4255353279
-964.4255955159
-964.4254918461
-964.4254947708
-964.4256218993
-964.4255950439
-964.4255324336
-964.4255425783
-964.4255953315
-964.4255707874
-964.4254923404
-964.4255556333
-964.4255066891
-964.4255447544
-964.4256036735
-964.4255954575
-964.4255700785
-964.4255874379
-964.4255474049
-964.4256406650
-964.4255138607
-964.4256224931
-964.4254830179
-964.4255402187
-964.4255761806
-964.4255885558
-964.4255942917
-964.4255755437
-964.4255809567
-964.4253799333
-964.4255198469
-964.4255666482
-964.4254050908
-964.4255672349
-964.4255433662
-964.4256045741
-964.4255248652
-964.4254757141
-964.4255487281
-964.4254729423
-964.4255480230
-964.4254723653
-964.4255326384
-964.4255704569
-964.4255928314
-964.4255216101
-964.4255855360
-964.4254962822
-964.4255699850
-964.4255431743
-964.4254762829
-964.4255294386
-964.4255192938
-964.4255760101
-964.4254162296
-964.4255097579
-964.4255269882
-964.4255983058
-964.4255866232
-964.4255146876
-964.4256157118
-964.4256020258
-964.4255857286
-964.4256303771
-964.4256275432
-964.4254434645
-964.4256029702
-964.4253678313
-964.4255823840
-964.4255547941
-964.4255509861
-964.4254586412
-964.4255742930
-964.4255900374
-964.4255383745
-964.4256213831
-964.4255137286
-964.4255927769
-964.4255959226
-964.4255717065
-964.4255506185
-964.4255243908
-964.4255762094
-964.4256048902
-964.4255650862
-964.4255324898
-964.4254842577
-964.4255932837
-964.4254294401
-964.4254656714
-964.4255883323
-964.4255434372
-964.4255977874
-964.4255633673
-964.4256235741
-964.4254733890
-964.4255906225
-964.4255641531
-964.4255678412
-964.4255255596
-964.4256078821
-964.4254899450
-964.4255464893
-964.4253764660
-964.4254277220
-964.4255739517
-964.4254821401
-964.4255024866
-964.4255314083
-964.4255542782
-964.4254981019
-964.4255470615
-964.4255687655
-964.4256243384
-964.4255950727
-964.4256045464
-964.4255522268
-964.4255222853
-964.4256069893
-964.4255489422
-964.4255430368
-964.4255497791
-964.4254652145
-964.4254899801
-964.4256126287
-964.4255306756
-964.4256197046
-964.4255656221
-964.4255386432
-964.4254796644
-964.4256265691
-964.4255092777
-964.4254868663
-964.4255547419
-964.4255805096
-964.4255873915
-964.4254334529
-964.4255186047
-964.4255912106
-964.4255089318
-964.4255495062
-964.4254902536
-964.4255660782
-964.4255250418
-964.4255038602
-964.4255119592
-964.4255707272
-964.4255958046
-964.4256008986
-964.4255965977
-964.4253627801
-964.4255579507
-964.4255754905
-964.4255577865
-964.4254949179
-964.4256416890
-964.4255511907
-964.4254840900
-964.4254202156
-964.4255928838
-964.4254917992
-964.4255274654
-964.4255402730
-964.4255113097
-964.4255589113
-964.4255442210
-964.4255408572
-964.4255165644
-964.4255200820
-964.4255468851
-964.4255236798
-964.4255583370
-964.4255795254
-964.4255018909
-964.4255525225
-964.4255758430
-964.4254806900
-964.4255448032
-964.4255810191
-964.4254386404
-964.4255019279
-964.4255661108
-964.4256028067
-964.4256102549
-964.4254937331
-964.4255675937
-964.4256194298
-964.4255020885
-964.4255180599
-964.4254964588
-964.4255503340
-964.4255301598
-964.4255932830
-964.4256025695
-964.4256017501
-964.4254602502
-964.4255727366
-964.4254900325
-964.4255778459
-964.4255314546
-964.4255429436
-964.4255030779
-964.4255239237
-964.4255833312
-964.4256053180
-964.4253338008
-964.4255444601
-964.4255998930
-964.4254511989
-964.4254817437
-964.4255800275
-964.4255603069
-964.4255143705
-964.4253741446
-964.4254420576
-964.4255134211
-964.4256294188
-964.4255617360
-964.4255951404
-964.4255560763
-964.4255616545
-964.4255232157
-964.4255618590
-964.4255035538
-964.4254528661
-964.4254368328
-964.4255627585
-964.4256045332
-964.4254763432
-964.4254662056
-964.4256166538
-964.4255925513
-964.4255395305
-964.4255324201
-964.4255578602
-964.4255731262
-964.4254406005
-964.4255974557
-964.4254158740
-964.4255680703
-964.4254472548
-964.4255435914
-964.4254734352
-964.4255380916
-964.4254393706
-964.4253466207
-964.4254881043
-964.4254953575
-964.4255463472
-964.4255371914
-964.4255843347
-964.4255001131
-964.4254910664
-964.4255429694
-964.4254617228
-964.4255992951
-964.4255571954
-964.4255838852
-964.4254777741
-964.4255367153
-964.4254760868
-964.4254739316
-964.4254633454
-964.4255053841
-964.4255727310
-964.4256014726
-964.4255476874
-964.4253830985
-964.4253907968
-964.4254842989
-964.4255530905
-964.4255628325
-964.4256098858
-964.4256301674
-964.4255859642
-964.4254907261
-964.4256044418
-964.4254491454
-964.4255293026
-964.4255968166
-964.4255366514
-964.4255821720
-964.4254258557
-964.4255113594
-964.4255425068
-964.4255022441
-964.4255632363
-964.4256083379
-964.4255865716
-964.4256090616
-964.4255433047
-964.4254940590
-964.4256116593
-964.4254472351
-964.4255993704
-964.4255055075
-964.4255943108
-964.4254740994
-964.4254704825
-964.4256094795
-964.4252978662
-964.4255074250
-964.4256007559
-964.4254884739
-964.4255013020
-964.4255257154
-964.4255845787
-964.4256032422
-964.4254707572
-964.4255162527
-964.4255643497
-964.4256373941
-964.4255302016
-964.4254342546
-964.4255712752
-964.4256052432
-964.4255168428
-964.4255441088
-964.4255161788
-964.4255870592
-964.4255444839
-964.4254983711
-964.4255124919
-964.4255205400
-964.4255983177
-964.4255148318
-964.4254312202
-964.4255735738
-964.4254923327
-964.4255480377
-964.4255595396
-964.4255820906
-964.4256198640
-964.4254974900
-964.4255980766
-964.4255467379
-964.4254256345
-964.4255570130
-964.4256015670
-964.4255088678
-964.4255064551
-964.4254813098
-964.4254901065
-964.4255095281
-964.4255800171
-964.4255910276
-964.4256242792
-964.4255904892
-964.4255823077
-964.4255542231
-964.4255764590
-964.4256276039
-964.4255716256
-964.4255410219
-964.4256012883
-964.4255609956
-964.4256003675
-964.4255886525
-964.4254262718
-964.4256359273
-964.4255950905
-964.4255534001
-964.4255491455
-964.4255490363
-964.4255211808
-964.4254070188
-964.4255229112
-964.4255758218
-964.4255647619
-964.4255746509
-964.4255867030
-964.4255872718
-964.4255984972
-964.4254988381
-964.4256323282
-964.4255627899
-964.4255633018
-964.4256106755
-964.4255784629
-964.4255243774
-964.4253531763
-964.4255957270
-964.4254716148
-964.4256300288
-964.4256273955
-964.4255179953
-964.4255824118
-964.4255320441
-964.4255656814
-964.4255385768
-964.4255899972
-964.4253589869
-964.4255602620
-964.4255865500
-964.4255470032
-964.4255394511
-964.4255809271
-964.4255434076
-964.4255711769
-964.4255455116
-964.4256256065
-964.4256113156
-964.4255621556
-964.4255613422
-964.4255824738
-964.4255640896
-964.4255451171
-964.4256143974
-964.4255781960
-964.4255155940
-964.4255121360
-964.4254252214
-964.4254542293
-964.4255128492
-964.4255362396
-964.4255346149
-964.4255622085
-964.4256282919
-964.4255777890
-964.4255264825
-964.4255930196
-964.4255270046
-964.4255001833
-964.4256214138
-964.4254817572
-964.4256084922
-964.4255194326
-964.4254514892
-964.4253974968
-964.4254785213
-964.4255184792
-964.4254604280
-964.4255633760
-964.4254975816
-964.4255649505
-964.4255613558
-964.4256252869
-964.4255923182
-964.4254810809
-964.4254990357
-964.4255949323
-964.4255367830
-964.4255667917
-964.4256324458
-964.4256212884
-964.4255317468
-964.4254756405
-964.4255486292
-964.4255528552
-964.4256221663
-964.4256284277
-964.4255013096
-964.4254280201
-964.4256044586
-964.4255229277
-964.4253962851
-964.4255473844
-964.4255958564
-964.4256346210
-964.4255790657
-964.4255299543
-964.4253994225
-964.4254791492
-964.4255250329
-964.4256123808
-964.4255996753
-964.4255239083
-964.4253830769
-964.4254320945
-964.4255575875
-964.4254681533
-964.4255807605
-964.4255460811
-964.4255549898
-964.4255287066
-964.4256063226
-964.4255698968
-964.4255850299
-964.4256277921
-964.4255654985
-964.4254096307
-964.4255507088
-964.4255739260
-964.4254939075
-964.4254786946
-964.4255375551
-964.4254751058
-964.4254913537
-964.4255020900
-964.4255879897
-964.4255719140
-964.4255668094
-964.4255250678
-964.4255462538
-964.4255194557
-964.4255571035
-964.4255752577
-964.4255248099
-964.4254640460
-964.4255782781
-964.4255582176
-964.4254872856
-964.4254499230
-964.4255705573
-964.4255291962
-964.4255907552
-964.4255630978
-964.4255900240
-964.4255329629
-964.4255905408
-964.4255656451
-964.4255902143
-964.4255636475
-964.4255582260
-964.4255612283
-964.4255165158
-964.4255431534
-964.4255967671
-964.4255895338
-964.4255584960
-964.4255047085
-964.4255690577
-964.4255130373
-964.4255442637
-964.4255285852
-964.4254934705
-964.4256005342
-964.4253618680
-964.4255676777
-964.4255795497
-964.4253557083
-964.4254313761
-964.4255832271
-964.4255988753
-964.4255316771
-964.4255672691
-964.4255342246
-964.4255554474
-964.4256071941
-964.4256186744
-964.4256272516
-964.4255747593
-964.4255246078
-964.4256068066
-964.4255856811
-964.4254692010
-964.4255495132
-964.4256101089
-964.4256266704
-964.4255254600
-964.4254055338
-964.4255172335
-964.4255879010
-964.4255736775
-964.4254705243
-964.4255059776
-964.4255268462
-964.4255939743
-964.4254602819
-964.4254532311
-964.4256157076
-964.4255347606
-964.4255391744
-964.4255013502
-964.4255987455
-964.4254984694
-964.4255905397
-964.4256103256
-964.4256276230
-964.4255746445
-964.4255507349
-964.4255527878
-964.4255372329
-964.4255575249
-964.4254788356
-964.4255720898
-964.4255726749
-964.4255500878
-964.4255695004
-964.4255017511
-964.4255964130
-964.4255344530
-964.4255828171
-964.4255230579
-964.4256130410
-964.4254998023
-964.4255662626
-964.4255424984
-964.4255060673
-964.4255493858
-964.4256344886
-964.4255467925
-964.4253559394
-964.4255377950
-964.4255888463
-964.4255722109
-964.4255857577
-964.4255108299
-964.4254678488
-964.4253685753
-964.4255706563
-964.4255955751
-964.4255466062
-964.4255458545
-964.4255235723
-964.4255682501
-964.4255678575
-964.4255744969
-964.4254968467
-964.4255739648
-964.4255420742
-964.4255342619
-964.4255943443
-964.4254695766
-964.4254524515
-964.4255464242
-964.4255584186
-964.4255728173
-964.4254255566
-964.4254198018
-964.4254967731
-964.4255372457
-964.4255774443
-964.4255018876
-964.4255597023
-964.4254536563
-964.4255166093
-964.4255603884
-964.4255514887
-964.4256420543
-964.4255374237
-964.4255739545
-964.4256213193
-964.4256094754
-964.4256234677
-964.4255428450
-964.4255482059
-964.4255620135
-964.4255941647
-964.4255579636
-964.4255903750
-964.4256387921
-964.4253466651
-964.4254225390
-964.4255541874
-964.4255082878
-964.4255636159
-964.4255444107
-964.4255608809
-964.4254227339
-964.4254954124
-964.4256346347
-964.4255965209
-964.4254252220
-964.4256118041
-964.4255908032
-964.4255521204
-964.4255392807
-964.4255288677
-964.4255804323
-964.4254952915
-964.4255946893
-964.4255006750
-964.4255242932
-964.4255598434
-964.4255230973
-964.4255832139
-964.4255565920
-964.4255117680
-964.4255325533
-964.4255030336
-964.4256013675
-964.4255475078
-964.4255842351
-964.4254212990
-964.4255033680
-964.4254459043
-964.4254784395
-964.4255751550
-964.4255889067
-964.4256004668
-964.4254779506
-964.4254201501
-964.4256066350
-964.4255843373
-964.4255386463
-964.4255819189
-964.4256108384
-964.4255496279
-964.4255953525
-964.4255412039
-964.4255473599
-964.4255323504
-964.4255287185
-964.4255618649
-964.4255975041
-964.4254949106
-964.4255508651
-964.4255687251
-964.4255916565
-964.4256075950
-964.4255792690
-964.4254932515
-964.4255521670
-964.4255739744
-964.4254973762
-964.4255252584
-964.4255563624
-964.4255586537
-964.4255398864
-964.4256019152
-964.4255461699
-964.4255405420
-964.4255690564
-964.4255397908
-964.4255842057
-964.4256242268
-964.4254848505
-964.4255647790
-964.4255255414
-964.4255622745
-964.4254544136
-964.4255937347
-964.4255486879
-964.4255885735
-964.4255649944
-964.4254759511
-964.4255100331
-964.4256042130
-964.4255561258
-964.4255278432
-964.4255081899
-964.4255906712
-964.4255829933
-964.4254555829
-964.4256117823
-964.4255322749
-964.4254629779
-964.4255832200
-964.4255616288
-964.4254342359
-964.4255699497
-964.4255497781
-964.4255994597
-964.4254621250
-964.4254492901
-964.4255936647
-964.4255702075
-964.4255475964
-964.4255813036
-964.4255465642
-964.4255005478
-964.4255028050
-964.4255612197
-964.4255956987
-964.4255905776
-964.4254820522
-964.4255687733
-964.4255136359
-964.4256122194
-964.4255558022
-964.4255952980
-964.4256281177
-964.4255386891
-964.4255839462
-964.4255555362
-964.4255875550
-964.4255469457
-964.4255007733
-964.4254093763
-964.4255333731
-964.4255417057
-964.4255011798
-964.4254910868
-964.4254643123
-964.4254653895
-964.4255774954
-964.4255455681
-964.4256187284
-964.4254913055
-964.4255510728
-964.4255675634
-964.4256478986
-964.4255520146
-964.4255628519
-964.4254712542
-964.4254937126
-964.4255498439
-964.4255588079
-964.4255970071
-964.4255137367
-964.4255895649
-964.4255834660
-964.4255844802
-964.4254676198
-964.4254090752
-964.4255519540
-964.4256046482
-964.4255571134
-964.4253940956
-964.4255358970
-964.4254235333
-964.4255755052
-964.4256006937
-964.4255469591
-964.4255809699
-964.4255419184
-964.4255875529
-964.4255804259
-964.4255572431
-964.4255535337
-964.4255282716
-964.4255297263
-964.4255173617
-964.4255613774
-964.4255234788
-964.4255938511
-964.4254915291
-964.4255801272
-964.4255863204
-964.4255153868
-964.4256335266
-964.4255810126
-964.4254946478
-964.4255493643
-964.4255467978
-964.4255778533
-964.4255621533
-964.4254625336
-964.4255586658
-964.4255770850
-964.4255637597
-964.4255650458
-964.4255487758
-964.4254503903
-964.4256088899
-964.4255216004
-964.4255384150
-964.4255740915
-964.4254291927
-964.4255752210
-964.4255371755
-964.4256222259
-964.4256065162
-964.4256472918
-964.4254968857
-964.4255577409
-964.4255013948
-964.4254651643
-964.4255362976
-964.4255496928
-964.4254206304
-964.4255502409
-964.4254512792
-964.4255998742
-964.4256019324
-964.4255127031
-964.4255174411
-964.4256136791
-964.4256322881
-964.4255003928
-964.4255646812
-964.4254646288
-964.4255809777
-964.4255315674
-964.4255566973
-964.4256127943
-964.4254719828
-964.4255255268
-964.4253683836
-964.4253700115
-964.4254759066
-964.4256110899
-964.4255154077
-964.4255358140
-964.4255376880
-964.4255653540
-964.4255457833
-964.4256137290
-964.4256065284
-964.4256158030
-964.4255492493
-964.4254981106
-964.4255008452
-964.4255439505
-964.4255844770
-964.4255438678
-964.4255498542
-964.4255731276
-964.4253466066
-964.4255317987
-964.4255606321
-964.4254846751
-964.4254431457
-964.4256066949
-964.4254744133
-964.4255884306
-964.4254957009
-964.4255173949
-964.4255664269
-964.4255905475
-964.4254690883
-964.4255889247
-964.4255696062
-964.4255585759
-964.4256105345
-964.4255795637
-964.4256077239
-964.4255555507
-964.4255841029
-964.4255048550
-964.4254577035
-964.4255531934
-964.4255009495
-964.4255416906
-964.4256035643
-964.4253410988
-964.4254580399
-964.4255447329
-964.4255876353
-964.4255728225
-964.4255258826
-964.4255430355
-964.4255986024
-964.4255838516
-964.4255721482
-964.4254678729
-964.4254324804
-964.4255753773
-964.4255564467
-964.4254948155
-964.4255791081
-964.4255678183
-964.4255018656
-964.4254565541
-964.4255143214
-964.4256060457
-964.4254892035
-964.4255809627
-964.4254831668
-964.4256120340
-964.4255015003
-964.4254774230
-964.4255751340
-964.4256016563
-964.4255436785
-964.4255506054
-964.4256271446
-964.4255108328
-964.4255015010
-964.4253432441
-964.4254856375
-964.4255699483
-964.4255902528
-964.4256066189
-964.4255021895
-964.4254159536
-964.4254228182
-964.4255104946
-964.4256014285
-964.4254145822
-964.4255850257
-964.4255604887
-964.4255676421
-964.4255500508
-964.4254866687
-964.4254209404
-964.4255207797
-964.4255036414
-964.4254914587
-964.4255571469
-964.4255296665
-964.4255618668
-964.4255809282
-964.4255000577
-964.4254645495
-964.4255777451
-964.4254934504
-964.4255591272
-964.4255711157
-964.4255909917
-964.4255612722
-964.4254843057
-964.4256228055
-964.4255192634
-964.4254855942
-964.4254726326
-964.4255876260
-964.4255252045
-964.4254810103
-964.4253315404
-964.4255171659
-964.4256390498
-964.4254146838
-964.4255534625
-964.4255059703
-964.4255016310
-964.4255279327
-964.4254224160
-964.4255098648
-964.4255863313
-964.4255335903
-964.4254789702
-964.4256151876
-964.4255397589
-964.4255180561
-964.4256107984
-964.4255820222
-964.4256143745
-964.4255871519
-964.4255635566
-964.4255470863
-964.4255278104
-964.4255936857
-964.4255966813
-964.4254501942
-964.4255857496
-964.4255864379
-964.4255129313
-964.4255614069
-964.4256367796
-964.4254652842
-964.4256188248
-964.4255340616
-964.4255992256
-964.4255781686
-964.4254349406
-964.4255236764
-964.4254996652
-964.4255902486
-964.4255727999
-964.4253560686
-964.4255885051
-964.4256234273
-964.4254908842
-964.4255036670
-964.4256090117
-964.4255081548
-964.4255118334
-964.4255404018
-964.4255198313
-964.4255734041
-964.4253576985
-964.4254496834
-964.4254586685
-964.4255746833
-964.4255027892
-964.4255324100
-964.4255887817
-964.4255250937
-964.4255815172
-964.4254416382
-964.4255203649
-964.4255515733
-964.4255021498
-964.4254281477
-964.4255575002
-964.4254927522
-964.4255609139
-964.4255550601
-964.4254307626
-964.4255897222
-964.4255089637
-964.4255695418
-964.4255535889
-964.4255112174
-964.4254771410
-964.4255441810
-964.4255559544
-964.4256083629
-964.4254366559
-964.4255305223
-964.4255004604
-964.4255690567
-964.4256289077
-964.4256073588
-964.4254789223
-964.4254629391
-964.4255902517
-964.4254585866
-964.4256227022
-964.4255921370
-964.4255013887
-964.4256206805
-964.4255323695
-964.4254947633
-964.4255485091
-964.4254558154
-964.4254857196
-964.4255016890
-964.4255453653
-964.4254619507
-964.4254487329
-964.4254659997
-964.4255181869
-964.4255613314
-964.4255205569
-964.4255361638
-964.4255480709
-964.4256079597
-964.4255952571
-964.4254865593
-964.4255391930
-964.4255595356
-964.4254443251
-964.4255718467
-964.4255281102
-964.4255451490
-964.4254847267
-964.4255417408
-964.4254925272
-964.4255646122
-964.4255224060
-964.4255008807
-964.4254630534
-964.4255550583
-964.4255077013
-964.4256030098
-964.4256093001
-964.4255003877
-964.4254754337
-964.4255476955
-964.4255770921
-964.4255990248
-964.4256223926
-964.4256007457
-964.4255484592
-964.4254741856
-964.4255432268
-964.4255267193
-964.4255864204
-964.4256057597
-964.4255701778
-964.4255167856
-964.4256177311
-964.4254812685
-964.4256029198
-964.4255371644
-964.4255586422
-964.4255408354
-964.4255016217
-964.4255725926
-964.4255214526
-964.4256152224
-964.4255516780
-964.4255539384
-964.4255991238
-964.4255968954
-964.4254712832
-964.4255373817
-964.4255236347
-964.4255341508
-964.4253257957
-964.4255412355
-964.4255652020
-964.4254727312
-964.4255663350
-964.4254984179
-964.4255882732
-964.4255800628
-964.4255284110
-964.4255261923
-964.4254756727
-964.4255997492
-964.4255766234
-964.4254207594
-964.4255964974
-964.4255890241
-964.4254945764
-964.4255808639
-964.4256073034
-964.4255673140
-964.4256045585
-964.4255555849
-964.4254885697
-964.4255335283
-964.4256291626
-964.4255522549
-964.4255433598
-964.4254951586
-964.4255068123
-964.4255682237
-964.4255360029
-964.4255743031
-964.4254305050
-964.4255797519
-964.4255959836
-964.4255581771
-964.4254993458
-964.4255111155
-964.4255476120
-964.4254612332
-964.4255093904
-964.4255505344
-964.4255979998
-964.4253910265
-964.4255978905
-964.4253754327
-964.4255150975
-964.4254604339
-964.4255935545
-964.4255962730
-964.4255450553
-964.4255686904
-964.4255698903
-964.4256098857
-964.4256196187
-964.4255697212
-964.4255051731
-964.4255786912
-964.4255144811
-964.4255586477
-964.4255536970
-964.4255458574
-964.4255676994
-964.4255044952
-964.4255663190
-964.4255332454
-964.4254517606
-964.4254825499
-964.4255123801
-964.4254884859
-964.4255108902
-964.4256178886
-964.4255827042
-964.4256006858
-964.4254946095
-964.4255282325
-964.4255930438
-964.4256191472
-964.4256023430
-964.4254946830
-964.4255118244
-964.4255535057
-964.4256241381
-964.4255079035
-964.4255541094
-964.4254640598
-964.4255206702
-964.4254500250
-964.4255611078
-964.4254992059
