-964.4228925516
-964.4228859596
-964.4229015790
-964.4229071852
-964.4228897376
-964.4162901085
-964.4228928041
-964.4228787364
-964.4228892088
-964.4228929139
-964.4228862569
-964.4229050166
-964.4228952497
-964.4228788765
-964.4229009013
-964.4228930910
-964.4229067833
-964.4228883671
-964.4228892396
-964.4228927523
-964.4228907690
-964.4228919235
-964.4228882093
-964.4229089843
-964.4228754279
-964.4228989711
-964.4228741690
-964.4228848279
-964.4228871919
-964.4228976524
-964.4229038415
-964.4228809176
-964.4228913472
-964.4228991759
-964.4228875618
-964.4228965173
-964.4229048874
-964.4229074515
-964.4228883618
-964.4228931022
-964.4228812416
-964.4228897632
-964.4228818352
-964.4229031806
-964.4228741334
-964.4229033993
-964.4228711035
-964.4229015588
-964.4228910380
-964.4228911045
-964.4228899930
-964.4228800663
-964.4228907256
-964.4228948217
-964.4228783245
-964.4228969752
-964.4228791276
-964.4228925180
-964.4228875049
-964.4228817693
-964.4228900209
-964.4228863475
-964.4228955293
-964.4228849468
-964.4228878265
-964.4228940475
-964.4228866682
-964.4228934558
-964.4229044294
-964.4228754406
-964.4228801787
-964.4229039650
-964.4228964718
-964.4228746906
-964.4228884160
-964.4228882539
-964.4228884691
-964.4229087353
-964.4229127523
-964.4228711709
-964.4228693192
-964.4228827801
-964.4228908522
-964.4229089957
-964.4228904468
-964.4228943247
-964.4228913414
-964.4228856015
-964.4229012160
-964.4228951808
-964.4229116129
-964.4228867382
-964.4228912629
-964.4228815842
-964.4228824288
-964.4228886412
-964.4229098131
-964.4228984197
-964.4228772769
-964.4228935630
-964.4229006298
-964.4228945324
-964.4229025365
-964.4228876086
-964.4228950520
-964.4228902393
-964.4229069591
-964.4229040754
-964.4229098293
-964.4229020604
-964.4228929194
-964.4229014852
-964.4229081432
-964.4228687902
-964.4229030895
-964.4228952469
-964.4229093967
-964.4228914907
-964.4229106888
-964.4228883288
-964.4228702737
-964.4228804267
-964.4228919742
-964.4228702224
-964.4228791730
-964.4229095388
-964.4229110747
-964.4228825734
-964.4229052222
-964.4229035111
-964.4228924087
-964.4228813487
-964.4228894186
-964.4228949991
-964.4228926447
-964.4228860007
-964.4228699413
-964.4228963638
-964.4228952393
-964.4228685235
-964.4228966244
-964.4228814365
-964.4228905509
-964.4228801268
-964.4228930258
-964.4228683753
-964.4228821811
-964.4229000923
-964.4228916285
-964.4228951702
-964.4229006423
-964.4229078043
-964.4228924961
-964.4228980820
-964.4228904618
-964.4229036102
-964.4229015421
-964.4228862890
-964.4228888838
-964.4228848125
-964.4228942478
-964.4228935653
-964.4228966001
-964.4228974877
-964.4229000837
-964.4228954851
-964.4228894773
-964.4228774512
-964.4228939101
-964.4229041498
-964.4228887217
-964.4228907262
-964.4228975617
-964.4228859608
-964.4228936122
-964.4228934974
-964.4228966684
-964.4228779645
-964.4229109663
-964.4228919321
-964.4228902060
-964.4228994921
-964.4228827288
-964.4228881315
-964.4228855524
-964.4229080607
-964.4229258504
-964.4229111692
-964.4228961644
-964.4228830268
-964.4228970555
-964.4228794565
-964.4228875155
-964.4228884450
-964.4228928093
-964.4228974464
-964.4228980711
-964.4228922411
-964.4228886345
-964.4229056300
-964.4228635673
-964.4228827778
-964.4228933676
-964.4229191972
-964.4229129507
-964.4228898669
-964.4229268282
-964.4228717730
-964.4228752930
-964.4228875130
-964.4228986141
-964.4228942802
-964.4228954500
-964.4228855129
-964.4228827466
-964.4228875629
-964.4228964022
-964.4229061161
-964.4228854711
-964.4228817186
-964.4229022167
-964.4228806543
-964.4228947575
-964.4229027646
-964.4228818534
-964.4228828086
-964.4228813109
-964.4228957935
-964.4228940533
-964.4228984466
-964.4228917596
-964.4228848721
-964.4229013249
-964.4228706420
-964.4229019752
-964.4228971576
-964.4228835978
-964.4229035793
-964.4228808341
-964.4228915478
-964.4228944177
-964.4229094669
-964.4228999388
-964.4228900545
-964.4228816045
-964.4229005315
-964.4228852492
-964.4229009200
-964.4228847405
-964.4229092591
-964.4228998370
-964.4228876124
-964.4228913758
-964.4228841143
-964.4229081151
-964.4185175062
-964.3897189765
-964.4052433411
-964.4113860366
-964.4159607834
-964.4114604379
-964.4165889883
-964.4131395544
-964.4146583388
-964.4181284068
-964.4081091457
-964.4153190085
-964.4119186536
-964.4056191715
-964.4170713835
-964.4129717355
-964.4065994848
-964.4125235944
-964.4083919464
-964.4086120412
-964.4042867992
-964.4111700146
-964.4033242477
-964.4100804833
-964.4042240186
-964.4076405175
-964.4157940656
-964.4185589044
-964.4140307997
-964.4155571788
-964.4170969488
-964.4088734155
-964.4188463812
-964.4067079345
-964.4087672924
-964.4171070865
-964.4018413362
-964.4130460279
-964.4137523128
-964.4160587399
-964.4124394187
-964.4101962176
-964.4124304380
-964.4146393426
-964.4159427049
-964.4137012489
-964.4119487172
-964.4041886066
-964.4179363700
-964.3995057197
-964.4071631481
-964.4058730705
-964.4062569076
-964.4112128260
-964.4162553840
-964.4159689329
-964.4150898519
-964.4154160930
-964.4152315415
-964.4115189579
-964.4132539134
-964.4188182516
-964.4176199434
-964.4167007536
-964.4114499244
-964.4098148336
-964.4167550696
-964.4059544835
-964.4162445711
-964.4230857800
-964.4229465810
-964.4230143850
-964.4228541962
-964.4229828828
-964.4230259849
-964.4229388940
-964.4228398000
-964.4229805998
-964.4229426598
-964.4229768862
-964.4229461413
-964.4228849394
-964.4229845275
-964.4227852657
-964.4229357520
-964.4229885196
-964.4229449354
-964.4230495261
-964.4229903287
-964.4230232893
-964.4229497321
-964.4230132887
-964.4230114956
-964.4229592378
-964.4229245865
-964.4229308896
-964.4228817858
-964.4230035016
-964.4229432190
-964.4229596326
-964.4229762796
-964.4228151031
-964.4229480352
-964.4229526195
-964.4230069228
-964.4229624122
-964.4230200931
-964.4229847252
-964.4229558486
-964.4230030447
-964.4230406022
-964.4229453591
-964.4229769843
-964.4229840306
-964.4230076592
-964.4230080007
-964.4229244713
-964.4230004857
-964.4230145099
-964.4229689846
-964.4229657920
-964.4228877216
-964.4229982509
-964.4229528180
-964.4228767548
-964.4229710504
-964.4229559070
-964.4229740536
-964.4229418705
-964.4230400441
-964.4229047124
-964.4230038983
-964.4229378415
-964.4230430837
-964.4228438114
-964.4229926426
-964.4229709565
-964.4230309435
-964.4229767474
-964.4228320719
-964.4229623694
-964.4229317166
-964.4229475993
-964.4229195548
-964.4229690162
-964.4229915211
-964.4230011784
-964.4230173207
-964.4229984678
-964.4229775396
-964.4229830055
-964.4230065193
-964.4229723686
-964.4230483500
-964.4229054003
-964.4229616375
-964.4228711209
-964.4229430444
-964.4229219928
-964.4229712366
-964.4230293905
-964.4230275721
-964.4230116471
-964.4229689725
-964.4230098758
-964.4230284458
-964.4228472870
-964.4228231286
-964.4229315825
-964.4228767395
-964.4230152771
-964.4230495409
-964.4229400542
-964.4229357178
-964.4229706125
-964.4228424592
-964.4230261868
-964.4228129138
-964.4230097697
-964.4230233030
-964.4229835238
-964.4229184511
-964.4229530610
-964.4230214015
-964.4228356854
-964.4229526685
-964.4229822936
-964.4229226167
-964.4229927277
-964.4229848438
-964.4229034714
-964.4228436197
-964.4229301219
-964.4229031679
-964.4229736218
-964.4229787287
-964.4229710636
-964.4229595942
-964.4230184045
-964.4229446940
-964.4228369609
-964.4229377682
-964.4228792274
-964.4230028092
-964.4230379037
-964.4229444080
-964.4229410279
-964.4229930949
-964.4230235034
-964.4228878427
-964.4229829112
-964.4228046638
-964.4229455510
-964.4228897221
-964.4229433780
-964.4228697381
-964.4228616190
-964.4229777225
-964.4230479908
-964.4230076361
-964.4229170787
-964.4229288757
-964.4228168725
-964.4229411522
-964.4228666514
-964.4230434716
-964.4230037092
-964.4229374109
-964.4230206985
-964.4229943974
-964.4229638457
-964.4230263403
-964.4228386216
-964.4229122804
-964.4229634903
-964.4230151214
-964.4229140672
-964.4229609892
-964.4229911453
-964.4230202560
-964.4228683200
-964.4229804212
-964.4227481972
-964.4229466634
-964.4230074595
-964.4229784456
-964.4229440350
-964.4229292900
-964.4229364853
-964.4229838813
-964.4229246634
-964.4229947899
-964.4228875019
-964.4229334225
-964.4228183554
-964.4229780124
-964.4229817045
-964.4229119384
-964.4229189451
-964.4230146049
-964.4228776469
-964.4230285724
-964.4229730539
-964.4229832125
-964.4228827346
-964.4228576565
-964.4229736341
-964.4230008043
-964.4229270618
-964.4228977687
-964.4230114878
-964.4228663483
-964.4230269635
-964.4230290307
-964.4230144437
-964.4229695246
-964.4229169127
-964.4228892324
-964.4228183288
-964.4229470197
-964.4229216927
-964.4229321952
-964.4230136419
-964.4229945089
-964.4229730402
-964.4229973064
-964.4229418301
-964.4230245496
-964.4229553103
-964.4229678323
-964.4229524791
-964.4228287872
-964.4228936338
-964.4228536889
-964.4228740548
-964.4230105376
-964.4229154115
-964.4229770675
-964.4228813416
-964.4230335191
-964.4228990157
-964.4230094291
-964.4230211263
-964.4229749662
-964.4229614298
-964.4229245062
-964.4229973016
-964.4229974851
-964.4228798440
-964.4230062778
-964.4229654897
-964.4230020727
-964.4229934499
-964.4229231991
-964.4229284968
-964.4229789953
-964.4229975914
-964.4229092896
-964.4228916754
-964.4229113441
-964.4229890759
-964.4229083459
-964.4229245704
-964.4229706967
-964.4229731608
-964.4230463121
-964.4228178009
-964.4229859702
-964.4229237352
-964.4229842824
-964.4229279348
-964.4229709150
-964.4228586362
-964.4230160002
-964.4230202655
-964.4229315358
-964.4229301478
-964.4230568231
-964.4229923376
-964.4229477582
-964.4228671345
-964.4230206002
-964.4229824942
-964.4229992091
-964.4228836034
-964.4230232921
-964.4229045102
-964.4229975433
-964.4228733229
-964.4229919001
-964.4228559801
-964.4230074845
-964.4226312947
-964.4229667133
-964.4229420211
-964.4229860061
-964.4229947490
-964.4229057749
-964.4230028541
-964.4229683169
-964.4229692354
-964.4229274178
-964.4228960763
-964.4230024501
-964.4229343208
-964.4229478655
-964.4229831344
-964.4229388072
-964.4229689850
-964.4230326370
-964.4229093399
-964.4230083598
-964.4229065845
-964.4229794848
-964.4230359596
-964.4230145384
-964.4230125765
-964.4229862216
-964.4229442859
-964.4230016090
-964.4229560657
-964.4229649588
-964.4229096766
-964.4228825970
-964.4229876362
-964.4229408679
-964.4228372039
-964.4228676692
-964.4229602833
-964.4229427250
-964.4229432882
-964.4229307889
-964.4229268581
-964.4230354398
-964.4229626162
-964.4229568470
-964.4229247081
-964.4229280118
-964.4228456111
-964.4229634761
-964.4229751475
-964.4228986020
-964.4230247526
-964.4229486533
-964.4230004380
-964.4229334870
-964.4230048714
-964.4229034546
-964.4229453212
-964.4228762722
-964.4229746876
-964.4229822195
-964.4229985811
-964.4229821392
-964.4229203944
-964.4229363989
-964.4229093264
-964.4229716446
-964.4229833491
-964.4229978992
-964.4229745983
-964.4229507335
-964.4229697349
-964.4229656843
-964.4228503367
-964.4229146887
-964.4229820464
-964.4229828025
-964.4228572710
-964.4229943869
-964.4229425669
-964.4229215987
-964.4229891343
-964.4229276357
-964.4229530024
-964.4229811715
-964.4229448555
-964.4227377683
-964.4228360219
-964.4228449660
-964.4229620512
-964.4229033544
-964.4228700453
-964.4230253974
-964.4229421756
-964.4229616787
-964.4230198790
-964.4230235583
-964.4229764405
-964.4229563690
-964.4228923472
-964.4229894942
-964.4229360550
-964.4229648892
-964.4230021807
-964.4229800676
-964.4230132046
-964.4229452577
-964.4229494602
-964.4229548806
-964.4230000463
-964.4229487628
-964.4229905185
-964.4229638024
-964.4229215481
-964.4229183203
-964.4230235130
-964.4230226233
-964.4230315743
-964.4229483037
-964.4229590233
-964.4230436178
-964.4229861125
-964.4230326231
-964.4230465794
-964.4229875535
-964.4228325867
-964.4230083463
-964.4230092472
-964.4229299978
-964.4229913225
-964.4228424284
-964.4228702003
-964.4229713745
-964.4230608023
-964.4229099548
-964.4230390184
-964.4229301132
-964.4229137560
-964.4229795201
-964.4228586389
-964.4229932713
-964.4229664040
-964.4229374626
-964.4229645360
-964.4229648801
-964.4229799240
-964.4229870684
-964.4230203000
-964.4230085827
-964.4228719626
-964.4229265764
-964.4227969314
-964.4230207383
-964.4230114762
-964.4229076380
-964.4229766595
-964.4228621671
-964.4227438393
-964.4229258601
-964.4229709796
-964.4230023654
-964.4230275858
-964.4229769019
-964.4229796976
-964.4229383563
-964.4229232427
-964.4229941470
-964.4229840686
-964.4230110620
-964.4229466058
-964.4229229068
-964.4229893688
-964.4229992412
-964.4114732379
-964.3989898339
-964.4162774516
-964.3881478802
-964.3991714451
-964.4106262842
-964.4130017910
-964.4122748767
-964.4147415371
-964.4174879590
-964.4128525086
-964.4113476804
-964.4082786695
-964.4162760528
-964.4091563184
-964.4122239249
-964.4093470717
-964.4115801835
-964.4107274234
-964.4128539366
-964.4152723863
-964.4103671755
-964.4121580459
-964.4103190056
-964.4140275148
-964.4133507429
-964.4087199567
-964.4055635420
-964.4140285885
-964.4084900277
-964.4229022782
-964.4229748257
-964.4229288141
-964.4228592863
-964.4229238316
-964.4230417904
-964.4230482481
-964.4228902883
-964.4230447149
-964.4230180747
-964.4230049479
-964.4229621493
-964.4230225808
-964.4230007042
-964.4229741844
-964.4229807780
-964.4229881000
-964.4229950713
-964.4229420841
-964.4228980486
-964.4229030217
-964.4229090958
-964.4229190341
-964.4228978191
-964.4229053645
-964.4229025875
-964.4229032639
-964.4228896581
-964.4228989651
-964.4229005012
-964.4228894838
-964.4228985952
-964.4228887991
-964.4228960806
-964.4228803614
-964.4228916043
-964.4228880523
-964.4229016160
-964.4229065989
-964.4228974096
-964.4228922272
-964.4228768883
-964.4228868262
-964.4230041183
-964.4230124373
-964.4228875851
-964.4229369398
-964.4228228191
-964.4229134294
-964.4230519437
-964.4228980340
-964.4227517667
-964.4229655825
-964.4229483642
-964.4230146216
-964.4228975190
-964.4229624044
-964.4229664946
-964.4229714497
-964.4228911173
-964.4228870697
-964.4228915505
-964.4228670874
-964.4229026744
-964.4229040262
-964.4228919630
-964.4228988016
-964.4229057021
-964.4228756250
-964.4228995337
-964.4229054550
-964.4228898156
-964.4228994823
-964.4228991712
-964.4229055627
-964.4228892077
-964.4228825968
-964.4228893777
-964.4228939010
-964.4228987632
-964.4229897068
-964.4228221959
-964.4229373886
-964.4229980802
-964.4229816047
-964.4229274891
-964.4228459701
-964.4230109687
-964.4230387761
-964.4229627374
-964.4229712512
-964.4229096196
-964.4229898971
-964.4229463278
-964.4229620299
-964.4229835397
-964.4230212034
-964.4229777218
-964.4229079620
-964.4229784590
-964.4229165330
-964.4229825476
-964.4229417928
-964.4230250311
-964.4229479200
-964.4229450561
-964.4230173854
-964.4229388945
-964.4229769105
-964.4230041265
-964.4230057851
-964.4229834472
-964.4229396192
-964.4230317121
-964.4230354749
-964.4229787164
-964.4229531073
-964.4229524328
-964.4229320353
-964.4228742133
-964.4230177504
-964.4230053260
-964.4229925181
-964.4228997084
-964.4229980793
-964.4230102956
-964.4229951502
-964.4229560144
-964.4228195948
-964.4230062007
-964.4229135079
-964.4230258338
-964.4228864945
-964.4229064803
-964.4229700611
-964.4230114883
-964.4230202562
-964.4229398509
-964.4229283194
-964.4229548464
-964.4229637330
-964.4228746279
-964.4228433393
-964.4229897847
-964.4229817949
-964.4229275872
-964.4229070586
-964.4229321071
-964.4228333430
-964.4229324413
-964.4229837528
-964.4229684209
-964.4229995752
-964.4229805126
-964.4228586808
-964.4230239930
-964.4229774521
-964.4228268863
-964.4230570081
-964.4229524132
-964.4228826078
-964.4230122031
-964.4228973426
-964.4229789831
-964.4229557299
-964.4230046395
-964.4228908991
-964.4230173088
-964.4228947873
-964.4230063135
-964.4230137469
-964.4228590075
-964.4230321143
-964.4229465704
-964.4229101739
-964.4227711832
-964.4230041278
-964.4229969442
-964.4228796763
-964.4228391908
-964.4229064881
-964.4228876107
-964.4230044708
-964.4229693419
-964.4230259964
-964.4229940122
-964.4229724588
-964.4229503950
-964.4230139392
-964.4229250898
-964.4229504629
-964.4229068200
-964.4229600606
-964.4229094636
-964.4229031933
-964.4229423562
-964.4229561741
-964.4229627129
-964.4230207925
-964.4230167199
-964.4229070001
-964.4229305769
-964.4230159062
-964.4229407604
-964.4229082180
-964.4228928804
-964.4230042510
-964.4229450433
-964.4230056573
-964.4230201752
-964.4230109667
-964.4229014102
-964.4228518083
-964.4229982362
-964.4229740899
-964.4229464695
-964.4229819786
-964.4228870502
-964.4230009162
-964.4229624569
-964.4230278070
-964.4230056917
-964.4229967012
-964.4229843877
-964.4229763639
-964.4227679192
-964.4229042855
-964.4229068817
-964.4228976087
-964.4229325358
-964.4229211223
-964.4229935416
-964.4230459117
-964.4229082091
-964.4229348773
-964.4229310828
-964.4229767155
-964.4230116162
-964.4229764497
-964.4229755742
-964.4229600724
-964.4229076786
-964.4229313273
-964.4229819616
-964.4229177388
-964.4229469340
-964.4229012076
-964.4229086447
-964.4230167377
-964.4229439041
-964.4230386608
-964.4230194840
-964.4227559302
-964.4229823064
-964.4229886698
-964.4228911989
-964.4230127729
-964.4229433120
-964.4229814844
-964.4230042160
-964.4229809980
-964.4229644378
-964.4229688401
-964.4229334252
-964.4229697764
-964.4229614637
-964.4229206866
-964.4229450742
-964.4229660459
-964.4230460697
-964.4230016552
-964.4228958232
-964.4229330841
-964.4229808059
-964.4229744312
-964.4229711258
-964.4229757893
-964.4230395547
-964.4229145442
-964.4229871214
-964.4229233714
-964.4229854908
-964.4229032799
-964.4229528641
-964.4230063119
-964.4228156024
-964.4230051862
-964.4229761298
-964.4229207479
-964.4227305109
-964.4229933563
-964.4229043715
-964.4229745323
-964.4229889540
-964.4229985814
-964.4229242186
-964.4230115833
-964.4230228968
-964.4230404304
-964.4229848657
-964.4229135376
-964.4229587148
-964.4230046026
-964.4230042750
-964.4229087959
-964.4229557207
-964.4229751137
-964.4229663244
-964.4229389723
-964.4229521025
-964.4229875620
-964.4229933457
-964.4229676626
-964.4229782313
-964.4229502030
-964.4229582620
-964.4229115037
-964.4228533189
-964.4229062649
-964.4229066154
-964.4230215394
-964.4229640118
-964.4228529647
-964.4229979571
-964.4230180188
-964.4229946976
-964.4229081587
-964.4229961082
-964.4227262780
-964.4228762523
-964.4230274210
-964.4228591102
-964.4229303563
-964.4230093673
-964.4229081869
-964.4228770838
-964.4227677560
-964.4229898022
-964.4229714284
-964.4229078460
-964.4230438746
-964.4229224885
-964.4229656440
-964.4227196982
-964.4229963622
-964.4228405476
-964.4230485065
-964.4229792683
-964.4229300226
-964.4229613519
-964.4230069989
-964.4230024466
-964.4229352995
-964.4230323147
-964.4229750943
-964.4227794743
-964.4228483661
-964.4230369324
-964.4229474785
-964.4229518160
-964.4229936176
-964.4228363011
-964.4229817691
-964.4229439677
-964.4228788035
-964.4229227971
-964.4229374423
-964.4229325935
-964.4229929140
-964.4230161780
-964.4230174372
-964.4228332925
-964.4229896830
-964.4229427354
-964.4230170499
-964.4229673749
-964.4229569897
-964.4229354378
-964.4230139120
-964.4229516292
-964.4229910657
-964.4229916422
-964.4230286528
-964.4229146729
-964.4230048624
-964.4229363843
-964.4230456722
-964.4229349979
-964.4229695422
-964.4229644515
-964.4229853537
-964.4230048440
-964.4229959026
-964.4230043900
-964.4229388857
-964.4229126897
-964.4229679081
-964.4229589392
-964.4229743646
-964.4229084038
-964.4228529177
-964.4229977496
-964.4229580114
-964.4229705830
-964.4229242215
-964.4229334318
-964.4229065656
-964.4229091749
-964.4228882026
-964.4229097432
-964.4228777298
-964.4229001101
-964.4229813433
-964.4229644165
-964.4229721100
-964.4230032513
-964.4229538473
-964.4229836333
-964.4229290379
-964.4227539156
-964.4229728406
-964.4229496797
-964.4229997488
-964.4229022428
-964.4229980945
-964.4229006160
-964.4228643196
-964.4230091244
-964.4229976318
-964.4229535370
-964.4229287930
-964.4229322626
-964.4230217815
-964.4230227317
-964.4229204014
-964.4228835034
-964.4230115044
-964.4229048335
-964.4230356623
-964.4229799128
-964.4229306132
-964.4229905155
-964.4229923731
-964.4230002608
-964.4229595253
-964.4229604567
-964.4229620944
-964.4229625004
-964.4227951661
-964.4229868490
-964.4228673869
-964.4230059642
-964.4230221700
-964.4229296558
-964.4228551570
-964.4230198735
-964.4229469160
-964.4229544930
-964.4229559399
-964.4230171757
-964.4229495682
-964.4228926642
-964.4229259185
-964.4229990408
-964.4229294599
-964.4229715699
-964.4227206358
-964.4228653535
-964.4230131096
-964.4229394654
-964.4229630418
-964.4230306561
-964.4229931469
-964.4229579828
-964.4229670753
-964.4229091788
-964.4229408239
-964.4229846778
-964.4228042441
-964.4228955978
-964.4229577217
-964.4229998888
-964.4229699374
-964.4229996868
-964.4228392022
-964.4229468018
-964.4228769931
-964.4229382871
-964.4229073890
-964.4230001778
-964.4230109898
-964.4229403632
-964.4229613551
-964.4229603300
-964.4230127253
-964.4229588126
-964.4229758812
-964.4228127581
-964.4229633815
-964.4230212388
-964.4229562198
-964.4229707509
-964.4230415745
-964.4229737637
-964.4229228515
-964.4229452376
-964.4228690302
-964.4229495575
-964.4230194225
-964.4228740762
-964.4230146588
-964.4229473021
-964.4229902026
-964.4230136700
-964.4228319218
-964.4228380172
-964.4229388274
-964.4229083567
-964.4229558350
-964.4230124546
-964.4230250119
-964.4229701180
-964.4228038254
-964.4229882407
-964.4229932437
-964.4230626706
-964.4230352219
-964.4229578265
-964.4229244818
-964.4229626224
-964.4228812787
-964.4229729827
-964.4229252684
-964.4229853981
-964.4230114368
-964.4230136357
-964.4229250064
-964.4230239096
-964.4229638495
-964.4230323746
-964.4230051930
-964.4229720337
-964.4229079523
-964.4229882531
-964.4229840356
-964.4229931465
-964.4230061343
-964.4229386652
-964.4229503805
-964.4230167907
-964.4229280658
-964.4230170000
-964.4229617207
-964.4229423611
-964.4229609291
-964.4230147835
-964.4230210730
-964.4230258729
-964.4229186554
-964.4229984466
-964.4229359834
-964.4230003739
-964.4230002425
-964.4229226510
-964.4229364829
-964.4229368519
-964.4229699217
-964.4229748730
-964.4229619803
-964.4229809147
-964.4228748991
-964.4230106780
-964.4229844729
-964.4228169528
-964.4229834050
-964.4229212964
-964.4227565886
-964.4227525738
-964.4230279307
-964.4230165830
-964.4229894944
-964.4229459812
-964.4229771873
-964.4229577362
-964.4229664663
-964.4229601567
-964.4230005271
-964.4229049306
-964.4229599436
-964.4227233508
-964.4228800510
-964.4229518063
-964.4229077875
-964.4229591701
-964.4229632396
-964.4229079301
-964.4229445526
-964.4229850028
-964.4229704736
-964.4230175573
-964.4230375903
-964.4229661570
-964.4229505329
-964.4229647075
-964.4229269377
-964.4230149694
-964.4229402516
-964.4229852317
-964.4230008318
-964.4230034296
-964.4228832064
-964.4229280088
-964.4229536684
-964.4228528377
-964.4229895905
-964.4229825648
-964.4230090563
-964.4229805804
-964.4229712197
-964.4228771168
-964.4229938219
-964.4229762795
-964.4229593691
-964.4229597636
-964.4229873372
-964.4229060585
-964.4229463999
-964.4229163360
-964.4229516989
-964.4230258171
-964.4228644588
-964.4228263353
-964.4230082500
-964.4230084119
-964.4229923120
-964.4230234763
-964.4229535064
-964.4229992535
-964.4229612811
-964.4229753491
-964.4229528547
-964.4228559664
-964.4229807386
-964.4229411304
-964.4229838535
-964.4230162273
-964.4229541390
-964.4229173723
-964.4229644439
-964.4229838049
-964.4229610623
-964.4227762810
-964.4228260937
-964.4229473947
-964.4229090936
-964.4229675155
-964.4230217122
-964.4229396719
-964.4228552256
-964.4228779063
-964.4229448675
-964.4229080206
-964.4230101603
-964.4229030374
-964.4229926154
-964.4230172932
-964.4229867594
-964.4229178344
-964.4228765283
-964.4229523046
-964.4229344572
-964.4230145118
-964.4229703235
-964.4228949468
-964.4229650120
-964.4230003534
-964.4229654318
-964.4230031705
-964.4230104120
-964.4230232813
-964.4230061319
-964.4229920801
-964.4230325066
-964.4228836241
-964.4229387186
-964.4230057160
-964.4230048997
-964.4228688080
-964.4229177234
-964.4230285846
-964.4228435785
-964.4230373676
-964.4229919225
-964.4229054419
-964.4229386415
-964.4230515852
-964.4229582763
-964.4229629431
-964.4229139811
-964.4228291623
-964.4228705325
-964.4230513267
-964.4230154069
-964.4229403756
-964.4229907393
-964.4230038237
-964.4229693109
-964.4230312145
-964.4230554057
-964.4229810089
-964.4229821059
-964.4229664045
-964.4229309350
-964.4229823724
-964.4228893963
-964.4229758036
-964.4229573715
-964.4229397739
-964.4229190606
-964.4229280350
-964.4228673391
-964.4229733639
-964.4227982520
-964.4230144520
-964.4229031234
-964.4228514312
-964.4229930388
-964.4229605421
-964.4230329516
-964.4230208897
-964.4229763838
-964.4228726057
-964.4229556073
-964.4230088557
-964.4229023758
-964.4229522207
-964.4229767862
-964.4229089770
-964.4229509270
-964.4229542276
-964.4229334646
-964.4229238289
-964.4229069431
-964.4229756538
-964.4229424833
-964.4229381494
-964.4229771593
-964.4229464097
-964.4228628497
-964.4230098409
-964.4230050978
-964.4229701028
-964.4229672080
-964.4230177338
-964.4229295530
-964.4230085178
-964.4228969014
-964.4229413370
-964.4229629050
-964.4228468235
-964.4229685547
-964.4229970523
-964.4229071467
-964.4230019490
-964.4229963642
-964.4230046907
-964.4229133011
-964.4230140693
-964.4228582676
-964.4229889165
-964.4228434191
-964.4229978359
-964.4230011847
-964.4229527503
-964.4229948731
-964.4229065559
-964.4229340987
-964.4229391395
-964.4229887822
-964.4229339593
-964.4228702262
-964.4229603842
-964.4229090203
-964.4229474074
-964.4230276918
-964.4230302703
-964.4229856601
-964.4229388965
-964.4229545956
-964.4229255824
-964.4229267085
-964.4229846333
-964.4229276654
-964.4229349422
-964.4229609577
-964.4229800779
-964.4229205294
-964.4229078916
-964.4229577140
-964.4230136315
-964.4229430353
-964.4228934371
-964.4230426281
-964.4230064449
-964.4229102011
-964.4229734373
-964.4229377571
-964.4229774260
-964.4229611567
-964.4229580493
-964.4230143720
-964.4228645381
-964.4229624657
-964.4228844520
-964.4229266154
-964.4229703743
-964.4229936006
-964.4229480516
-964.4229754673
-964.4229520764
-964.4228106536
-964.4229086798
-964.4228822238
-964.4229586759
-964.4229215483
-964.4229081736
-964.4229323875
-964.4229986247
-964.4227992865
-964.4230408329
-964.4229549992
-964.4229664824
-964.4230235216
-964.4230182804
-964.4228504159
-964.4228506768
-964.4229678240
-964.4229863537
-964.4229595233
-964.4230002205
-964.4230274609
-964.4230481189
-964.4229373191
-964.4228682318
-964.4230059448
-964.4229561345
-964.4229529315
-964.4229548825
-964.4229997496
-964.4229988599
-964.4229172438
-964.4229419803
-964.4229082087
-964.4229073982
-964.4229925364
-964.4229550518
-964.4229842780
-964.4230367734
-964.4229761642
-964.4230350128
-964.4229455293
-964.4229205777
-964.4227792534
-964.4229818576
-964.4229713901
-964.4229911979
-964.4229670960
-964.4228538761
-964.4229085717
-964.4228964007
-964.4228958753
-964.4228980579
-964.4228182114
-964.4229266487
-964.4229314018
-964.4229962604
-964.4229559073
-964.4229785389
-964.4229041899
-964.4230146151
-964.4228310917
-964.4230483934
-964.4229485161
-964.4229787485
-964.4229870022
-964.4230209092
-964.4229753532
-964.4229722356
-964.4230065529
-964.4227748001
-964.4229278032
-964.4229334781
-964.4229221692
-964.4230217933
-964.4230073713
-964.4228945971
-964.4229268542
-964.4229211354
-964.4230463036
-964.4230064205
-964.4229515611
-964.4229841969
-964.4229649860
-964.4228605645
-964.4230120132
-964.4229151892
-964.4229894454
-964.4230133015
-964.4227900210
-964.4230090967
-964.4229304412
-964.4229014280
-964.4229089459
-964.4229858311
-964.4229679589
-964.4229270033
-964.4228391928
-964.4229681045
-964.4230464565
-964.4229679810
-964.4229885482
-964.4229647208
-964.4228570768
-964.4229703278
-964.4229308340
-964.4229083032
-964.4230196024
-964.4230205277
-964.4229464457
-964.4229486312
-964.4230039301
-964.4229756905
-964.4230149353
-964.4229425591
-964.4229953698
-964.4230157847
-964.4229493500
-964.4230365365
-964.4230001413
-964.4229400740
-964.4229516967
-964.4229976150
-964.4230389565
-964.4229333548
-964.4229163130
-964.4229099602
-964.4229665195
-964.4229864734
-964.4229472076
-964.4229191941
-964.4229098054
-964.4227051411
-964.4229412863
-964.4228528317
-964.4230113362
-964.4229978382
-964.4228800967
-964.4230096700
-964.4229449994
-964.4229199986
-964.4230131128
-964.4229537871
-964.4229615452
-964.4229427899
-964.4229925184
-964.4228352762
-964.4230091791
-964.4229508901
-964.4229922408
-964.4230141802
-964.4229784187
-964.4229392903
-964.4230038709
-964.4228433192
-964.4229536316
-964.4228778383
-964.4230015768
-964.4230250799
-964.4229127341
-964.4228420690
-964.4229635553
-964.4229374571
-964.4230192212
-964.4229643515
-964.4228672767
-964.4229782307
-964.4228453143
-964.4229121617
-964.4229724532
-964.4229406948
-964.4228569166
-964.4229446117
-964.4230106806
-964.4230455818
-964.4229892240
-964.4229513467
-964.4229484168
-964.4229034179
-964.4229245038
-964.4228871045
-964.4228396211
-964.4229072602
-964.4228967893
-964.4229254890
-964.4229508220
-964.4230406992
-964.4229836750
-964.4229431474
-964.4229818882
-964.4230202264
-964.4229800935
-964.4228805192
-964.4228857449
-964.4230097899
-964.4229779255
-964.4229520154
-964.4230653570
-964.4229608360
-964.4230009254
-964.4228299609
-964.4230322355
-964.4229945659
-964.4229814898
-964.4229049264
-964.4229109917
-964.4229291829
-964.4229059986
-964.4228410361
-964.4229412694
-964.4229643413
-964.4229097522
-964.4229194257
-964.4226897046
-964.4229895709
-964.4230289725
-964.4228882493
-964.4229460932
-964.4229591676
-964.4228858152
-964.4229318757
-964.4230058284
-964.4229786481
-964.4229808387
-964.4229476904
-964.4228775809
-964.4230225440
-964.4230115737
-964.4228583589
-964.4230006055
-964.4229046805
-964.4230283066
-964.4230231542
-964.4229336842
-964.4229633118
-964.4229000150
-964.4228938753
-964.4228540048
-964.4229510795
-964.4227915633
-964.4230188623
-964.4229503209
-964.4229924612
-964.4230231430
-964.4230083333
-964.4229687731
-964.4229543105
-964.4228620579
-964.4229751152
-964.4229646999
-964.4229887138
-964.4230251410
-964.4229740384
-964.4230056409
-964.4229233763
-964.4228141895
-964.4229374373
-964.4230355919
-964.4229934206
-964.4228865738
-964.4229642022
-964.4229751717
-964.4228459202
-964.4228931574
-964.4230001568
-964.4230303772
-964.4228751327
-964.4229262144
-964.4229463532
-964.4228850861
-964.4229266912
-964.4230626041
-964.4230227344
-964.4229717244
-964.4230287653
-964.4229229992
-964.4229441164
-964.4228152488
-964.4229995162
-964.4228888285
-964.4229977797
-964.4229768620
-964.4229254520
-964.4229951774
-964.4230042337
-964.4229240180
-964.4229096428
-964.4229745718
-964.4229781721
-964.4228803691
-964.4230261863
-964.4229432277
-964.4226820779
-964.4229359190
-964.4228713599
-964.4229659583
-964.4229873000
-964.4229775664
-964.4228406010
-964.4229444727
-964.4229766004
-964.4229989834
-964.4230082116
-964.4228986958
-964.4229863498
-964.4229944355
-964.4229691518
-964.4229722829
-964.4229627502
-964.4229655280
-964.4230317465
-964.4228970942
-964.4230109277
-964.4229458943
-964.4229117945
-964.4230079084
-964.4228919033
-964.4230539163
-964.4229305791
-964.4227531256
-964.4229733075
-964.4229531037
-964.4228907357
-964.4229362307
-964.4229832955
-964.4230301155
-964.4229401273
-964.4230065882
-964.4229951270
-964.4229730167
-964.4229033108
-964.4229869040
-964.4229090955
-964.4227673550
-964.4229475744
-964.4230238385
-964.4230349726
-964.4228493655
-964.4229987589
-964.4230045783
-964.4229954618
-964.4229836537
-964.4229875237
-964.4228810347
-964.4229900251
-964.4229902054
-964.4229256501
-964.4230103653
-964.4229071097
-964.4228728353
-964.4228396512
-964.4229080485
-964.4230187122
-964.4230151391
-964.4229398816
-964.4229237052
-964.4230036750
-964.4229083727
-964.4229551385
-964.4229503312
-964.4227989459
-964.4229808764
-964.4228657630
-964.4230318468
-964.4229880099
-964.4230205533
-964.4229610894
-964.4229979381
-964.4230293538
-964.4230137009
-964.4229462760
-964.4230416406
-964.4230330985
-964.4230164097
-964.4230287333
-964.4230020801
-964.4229725352
-964.4226662462
-964.4230419614
-964.4229644822
-964.4229666685
-964.4228136115
-964.4229826025
-964.4229492636
-964.4229608994
-964.4229405060
-964.4230022484
-964.4229945488
-964.4228452321
-964.4230111041
-964.4229666501
-964.4229576966
-964.4229618684
-964.4229065994
-964.4229509405
-964.4230098352
-964.4229744483
-964.4230596756
-964.4229404477
-964.4229456077
-964.4229871807
-964.4229084084
-964.4229925438
-964.4229682909
-964.4228961378
-964.4229000898
-964.4230065645
-964.4229714081
-964.4229288539
-964.4228670543
-964.4229104606
-964.4230350124
-964.4229089776
-964.4229034463
-964.4230530190
-964.4229573221
-964.4229944177
-964.4230298961
-964.4230355053
-964.4229341117
-964.4229859379
-964.4229600743
-964.4230195021
-964.4229254735
-964.4228850111
-964.4229590168
-964.4228813749
-964.4229901025
-964.4229791599
-964.4229157147
-964.4230096909
-964.4229581702
-964.4229705732
-964.4229780680
-964.4229538724
-964.4228805574
-964.4229794506
-964.4229419134
-964.4230025294
-964.4228804208
-964.4229229603
-964.4230306974
-964.4230122856
-964.4229506409
-964.4229824407
-964.4229771906
-964.4228461291
-964.4229789606
-964.4228369002
-964.4228986948
-964.4230345374
-964.4229167086
-964.4230148258
-964.4229567629
-964.4229726119
-964.4230031950
-964.4229741242
-964.4229242230
-964.4229793086
-964.4229838293
-964.4228455226
-964.4229366784
-964.4230216394
-964.4229708018
-964.4229483472
-964.4229441513
-964.4229734829
-964.4229297080
-964.4230126095
-964.4229800923
-964.4229669462
-964.4229766185
-964.4228954386
-964.4229258049
-964.4229186574
-964.4230214590
-964.4229689826
-964.4230214868
-964.4230110777
-964.4229902937
-964.4229916658
-964.4229593179
-964.4229122157
-964.4229505469
-964.4230500568
-964.4229158734
-964.4229276394
-964.4227712350
-964.4229082658
-964.4228938000
-964.4229856961
-964.4229421705
-964.4229822839
-964.4229410213
-964.4229986079
-964.4229554592
-964.4230100208
-964.4230240467
-964.4230231404
-964.4229325761
-964.4229140249
-964.4229839326
-964.4229714292
-964.4228580926
-964.4228285529
-964.4229795071
-964.4230175063
-964.4229082409
-964.4228894065
-964.4230033009
-964.4229075662
-964.4229773431
-964.4229345448
-964.4229416892
-964.4230464729
-964.4227985920
-964.4229544995
-964.4229350889
-964.4228020685
-964.4229908225
-964.4229548445
-964.4229188191
-964.4229504378
-964.4229365635
-964.4229877255
-964.4228655700
-964.4229423248
-964.4229107559
-964.4229485687
-964.4229083622
-964.4229516201
-964.4229723374
-964.4227331602
-964.4228630618
-964.4229970238
-964.4229997898
-964.4229818017
-964.4230313243
-964.4229958863
-964.4229090264
-964.4230325848
-964.4230065112
-964.4229799396
-964.4229799059
-964.4230073684
-964.4229728832
-964.4230157295
-964.4229711249
-964.4229163761
-964.4228860639
-964.4230099608
-964.4228841642
-964.4229718949
-964.4229743348
-964.4229983568
-964.4227241521
-964.4229168605
-964.4229063146
-964.4229756380
-964.4230352146
-964.4229541245
-964.4230567039
-964.4229663817
-964.4229067021
-964.4229533232
-964.4229578205
-964.4229746596
-964.4229526393
-964.4228992369
-964.4229793831
-964.4229080782
-964.4230337584
-964.4229535023
-964.4229193509
-964.4230164849
-964.4229737215
-964.4229584697
-964.4229305643
-964.4229285032
-964.4230129232
-964.4229836411
-964.4228223571
-964.4228914927
-964.4229775887
-964.4230064549
-964.4228045272
-964.4229500036
-964.4227929475
-964.4230233218
-964.4229752860
-964.4230129379
-964.4229632286
-964.4229520653
-964.4229427529
-964.4230161569
-964.4229282026
-964.4230058764
-964.4228614156
-964.4229887276
-964.4230213557
-964.4229347753
-964.4229228887
-964.4229274392
-964.4229072816
-964.4227486574
-964.4230216643
-964.4229522626
-964.4230038632
-964.4229083110
-964.4229868359
-964.4229115797
-964.4227863863
-964.4228974155
-964.4228269829
-964.4229391675
-964.4229433416
-964.4230304600
-964.4229486125
-964.4228786483
-964.4227634917
-964.4229705546
-964.4229866676
-964.4228477335
-964.4228437395
-964.4229397477
-964.4228919955
-964.4229739805
-964.4229123722
-964.4229215059
-964.4229505294
-964.4229699430
-964.4229424028
-964.4230251679
-964.4229677672
-964.4229986468
-964.4229704034
-964.4229387080
-964.4229642724
-964.4229979166
-964.4229740540
-964.4230019820
-964.4229161570
-964.4229518469
-964.4229510486
-964.4228110850
-964.4229421342
-964.4229834764
-964.4229938307
-964.4229849811
-964.4229363154
-964.4229834455
-964.4229587907
-964.4230278245
-964.4229637858
-964.4228956719
-964.4229901611
-964.4229392267
-964.4229445287
-964.4229610703
-964.4230419777
-964.4229152536
-964.4226981050
-964.4229789674
-964.4227985832
-964.4229810831
-964.4230098376
-964.4228072354
-964.4229474504
-964.4229934674
-964.4230032077
-964.4229563439
-964.4229223572
-964.4229774119
-964.4229046353
-964.4229490435
-964.4229267740
-964.4229592659
-964.4229790134
-964.4228652354
-964.4229617797
-964.4230149827
-964.4229851584
-964.4229995852
-964.4229997524
-964.4227586008
-964.4228421928
-964.4230215584
-964.4229746671
-964.4229758135
-964.4230334554
-964.4230045786
-964.4229910219
-964.4229837769
-964.4229489911
-964.4229816578
-964.4228476288
-964.4229958848
-964.4230271782
-964.4229287541
-964.4229227894
-964.4230208982
-964.4230154464
-964.4229180495
-964.4229628337
-964.4229772181
-964.4229752963
-964.4229594620
-964.4229986306
-964.4229153393
-964.4229367870
-964.4229753673
-964.4227742405
-964.4229710083
-964.4229651343
-964.4229291411
-964.4229422117
-964.4229081307
-964.4228820075
-964.4229798385
-964.4230031422
-964.4230024764
-964.4229763737
-964.4229501019
-964.4228586564
-964.4228958239
-964.4229451988
-964.4229858688
-964.4229274775
-964.4230181243
-964.4229710633
-964.4229802688
-964.4230125965
-964.4228866616
-964.4229825991
-964.4229139595
-964.4229428180
-964.4228294740
-964.4230107071
-964.4229279189
-964.4230364850
-964.4229390738
-964.4230146464
-964.4229741142
-964.4230259440
-964.4229268306
-964.4229741332
-964.4230073476
-964.4229281539
-964.4229938658
-964.4227515868
-964.4230119124
-964.4229520226
-964.4230032067
-964.4230039220
-964.4229763800
-964.4230190573
-964.4228935477
-964.4228993396
-964.4229955406
-964.4230405357
-964.4230408630
-964.4229939416
-964.4229531069
-964.4227939346
-964.4228745710
-964.4229079232
-964.4229093307
-964.4229256430
-964.4229916541
-964.4230077761
-964.4230224040
-964.4229981400
-964.4229155800
-964.4226947948
-964.4230098416
-964.4229166952
-964.4230071671
-964.4230070362
-964.4229703947
-964.4230065098
-964.4228766966
-964.4229675667
-964.4229127964
-964.4229008113
-964.4229513311
-964.4229932306
-964.4229985674
-964.4229304846
-964.4229795498
-964.4229724762
-964.4229454262
-964.4229313453
-964.4229650197
-964.4230250722
-964.4229320758
-964.4230237588
-964.4228491451
-964.4229986094
-964.4229490041
-964.4229590201
-964.4229427579
-964.4229736076
-964.4229734026
-964.4229498311
-964.4229438071
-964.4228953453
-964.4229736276
-964.4230099813
-964.4229406235
-964.4230301047
-964.4229498354
-964.4229881684
-964.4229293862
-964.4229540261
-964.4228967552
-964.4228952632
-964.4229946484
-964.4230377079
-964.4229769582
-964.4230229341
-964.4230125941
-964.4229584435
-964.4229065238
-964.4229827540
-964.4229680109
-964.4229768098
-964.4228555534
-964.4229781417
-964.4229706022
-964.4228967083
-964.4229791425
-964.4229856984
-964.4229864731
-964.4229642611
-964.4228857366
-964.4229404960
-964.4229258212
-964.4229711111
-964.4230003944
-964.4228308844
-964.4229505887
-964.4229617456
-964.4229466889
-964.4230691399
-964.4229896316
-964.4229216869
-964.4229253489
-964.4230127364
-964.4230255065
-964.4229664350
-964.4229720801
-964.4230170619
-964.4228543100
-964.4229872525
-964.4229566481
-964.4229849400
-964.4229975443
-964.4229721333
-964.4230015907
-964.4229798453
-964.4229638916
-964.4230451496
-964.4230197159
-964.4229524470
-964.4229783148
-964.4229838202
-964.4229993599
-964.4229288119
-964.4229276051
-964.4229821248
-964.4229897997
-964.4229977695
-964.4229746534
-964.4228556932
-964.4230077641
-964.4230251726
-964.4229482741
-964.4229269945
-964.4229900456
-964.4229613350
-964.4227853620
-964.4229263451
-964.4229959815
-964.4229360744
-964.4230200423
-964.4229729808
-964.4228867132
-964.4229871150
-964.4229437025
-964.4230341277
-964.4229357193
-964.4228292681
-964.4229207870
-964.4229817189
-964.4229779161
-964.4229288908
-964.4230318447
-964.4229611356
-964.4229995832
-964.4229061174
-964.4229860263
-964.4228901759
-964.4229781141
-964.4228540789
-964.4229494053
-964.4229059273
-964.4229072074
-964.4227996830
-964.4229206114
-964.4230060445
-964.4230019303
-964.4229737125
-964.4230537996
-964.4229780717
-964.4230350940
-964.4229675662
-964.4229887744
-964.4229938754
-964.4229936589
-964.4229960171
-964.4230241056
-964.4229725473
-964.4229828043
-964.4228816276
-964.4227930393
-964.4229693831
-964.4229496747
-964.4230344976
-964.4230257626
-964.4229085053
-964.4229324728
-964.4230281432
-964.4229100630
-964.4229477138
-964.4229885674
-964.4229803575
-964.4229668810
-964.4230317045
-964.4230244312
-964.4229469670
-964.4230020571
-964.4229411594
-964.4228827664
-964.4229569395
-964.4229864295
-964.4229285261
-964.4229585623
-964.4229413062
-964.4229591859
-964.4230028126
-964.4229666360
-964.4229934700
-964.4229868742
-964.4228469599
-964.4229691872
-964.4229448943
-964.4229065896
-964.4228490000
-964.4229280256
-964.4229469164
-964.4229860042
-964.4229993590
-964.4228679457
-964.4230141682
-964.4229910441
-964.4229847684
-964.4229514529
-964.4228970363
-964.4229988740
-964.4230208498
-964.4230199232
-964.4229002061
-964.4229855905
-964.4229248782
-964.4229245816
-964.4229953685
-964.4229743207
-964.4229498869
-964.4229980734
-964.4229068611
-964.4228991982
-964.4229850116
-964.4227997809
-964.4229757217
-964.4229663306
-964.4230208219
-964.4229447785
-964.4229622704
-964.4229775062
-964.4229805593
-964.4229660768
-964.4229438821
-964.4229693229
-964.4228641243
-964.4229448582
-964.4230433913
-964.4229976688
-964.4229320293
-964.4229931146
-964.4229613226
-964.4230279386
-964.4229698749
-964.4230074443
-964.4230663798
-964.4230133122
-964.4229881529
-964.4229980852
-964.4229161724
-964.4229583697
-964.4230213485
-964.4229875100
-964.4229512022
-964.4229700743
-964.4230088749
-964.4229546441
-964.4230313122
-964.4229086709
-964.4229733699
-964.4228739566
-964.4229826308
-964.4229876504
-964.4229674677
-964.4229496872
-964.4229253646
-964.4228766877
-964.4229388938
-964.4229698897
-964.4229909868
-964.4229727966
-964.4228780199
-964.4228723638
-964.4229642641
-964.4229661554
-964.4229235979
-964.4229984289
-964.4229940271
-964.4229083934
-964.4229533358
-964.4228993848
-964.4229300936
-964.4229073394
-964.4229791887
-964.4230184128
-964.4229732553
-964.4229645855
-964.4229723140
-964.4230151696
-964.4230424098
-964.4228741442
-964.4228919054
-964.4230026875
-964.4229793485
-964.4229504372
-964.4229395569
-964.4229477381
-964.4230145953
-964.4229112409
-964.4229705967
-964.4229647241
-964.4229718117
-964.4229802000
-964.4229353713
-964.4229257094
-964.4230022680
-964.4230382592
-964.4230360214
-964.4228497056
-964.4229909694
-964.4228980050
-964.4230151802
-964.4229791388
-964.4230197970
-964.4229184095
-964.4229718764
-964.4229847593
-964.4229699614
-964.4230198257
-964.4229935791
-964.4229251612
-964.4229540160
-964.4230121760
-964.4229396799
-964.4229916457
-964.4228618570
-964.4230375192
-964.4230099135
-964.4228782041
-964.4229919849
-964.4229811185
-964.4229517151
-964.4229203905
-964.4229716202
-964.4230390492
-964.4229752627
-964.4229800290
-964.4229530505
-964.4229540948
-964.4230249797
-964.4229536662
-964.4228753090
-964.4228500958
-964.4230003820
-964.4230142770
-964.4229495005
-964.4229490741
-964.4229320474
-964.4229252793
-964.4228248490
-964.4229125526
-964.4228921832
-964.4230000192
-964.4230118636
-964.4229494500
-964.4230196068
-964.4229707703
-964.4229476318
-964.4228963307
-964.4228982659
-964.4229801828
-964.4229651597
-964.4228420014
-964.4229666982
-964.4228982445
-964.4230303087
-964.4230030739
-964.4229595559
-964.4228959132
-964.4230262309
-964.4229398863
-964.4230204358
-964.4229465689
-964.4229257718
-964.4230253125
-964.4229948499
-964.4228980143
-964.4230236990
-964.4229865647
-964.4228451503
-964.4229184064
-964.4229389650
-964.4229459747
-964.4229911082
-964.4229115121
-964.4229246458
-964.4229867629
-964.4229306297
-964.4229295050
-964.4227585607
-964.4229546179
-964.4229870437
-964.4228639105
-964.4229267592
-964.4229855344
-964.4229449344
-964.4229691230
-964.4229696377
-964.4230028450
-964.4230033996
-964.4228821960
-964.4229090895
-964.4229102181
-964.4229501567
-964.4229392967
-964.4229850597
-964.4227851677
-964.4230280545
-964.4229721396
-964.4229258069
-964.4229344383
-964.4229133206
-964.4229800073
-964.4229963531
-964.4228744162
-964.4229036076
-964.4230051264
-964.4229697101
-964.4230189466
-964.4229777769
-964.4230043404
-964.4229980162
-964.4230026053
-964.4229472487
-964.4230190992
-964.4229870532
-964.4227883136
-964.4229078607
-964.4229508932
-964.4230127227
-964.4228661270
-964.4229770411
-964.4230213586
-964.4229596676
-964.4228397226
-964.4229792967
-964.4229077660
-964.4229746520
-964.4229030237
-964.4229709292
-964.4229176144
-964.4230240085
-964.4229468189
-964.4230175098
-964.4229910547
-964.4228757895
-964.4229748265
-964.4230118132
-964.4228909487
-964.4229775609
-964.4230226480
-964.4228532962
-964.4230224848
-964.4228728367
-964.4229466155
-964.4230081456
-964.4229573948
-964.4229856932
-964.4230015287
-964.4229420199
-964.4228979623
-964.4230299378
-964.4228663638
-964.4229123644
-964.4229938922
-964.4228666557
-964.4229966930
-964.4230158033
-964.4229552599
-964.4230258372
-964.4229636661
-964.4229082092
-964.4229187248
-964.4228573161
-964.4229890775
-964.4230121864
-964.4229786630
-964.4229595289
-964.4229115658
-964.4230569463
-964.4229140483
-964.4228941822
-964.4228760905
-964.4229373220
-964.4229984654
-964.4229719048
-964.4229275806
-964.4228412423
-964.4229927989
-964.4229660110
-964.4229830645
-964.4229943647
-964.4230165560
-964.4228622676
-964.4229610391
-964.4230051884
-964.4229544091
-964.4230053204
-964.4229289251
-964.4228167796
-964.4230133252
-964.4229759066
-964.4229587800
-964.4229062831
-964.4229784044
-964.4229087291
-964.4229234822
-964.4230286231
-964.4230081301
-964.4229828180
-964.4230063379
-964.4230222662
-964.4229801798
-964.4230153205
-964.4229294008
-964.4230259222
-964.4227676447
-964.4229982656
-964.4229751148
-964.4229704066
-964.4229919218
-964.4230433964
-964.4229362078
-964.4228707997
-964.4229822401
-964.4229624374
-964.4229492351
-964.4229877823
-964.4230022602
-964.4228695523
-964.4229784808
-964.4228909608
-964.4229637396
-964.4230342989
-964.4229988401
-964.4228603434
-964.4229731465
-964.4230277556
-964.4229858228
-964.4228793786
-964.4230349885
-964.4229075999
-964.4229737335
-964.4227479595
-964.4230204417
-964.4228425958
-964.4229435253
-964.4229334604
-964.4229334362
-964.4230173901
-964.4229445839
-964.4229361511
-964.4229661342
-964.4229897149
-964.4229759715
-964.4229449969
-964.4229448752
-964.4229552420
-964.4229360183
-964.4230052671
-964.4229340942
-964.4230181642
-964.4229603058
-964.4230333473
-964.4229058348
-964.4229079398
-964.4230118255
-964.4229877934
-964.4229067955
-964.4229681778
-964.4229141445
-964.4229921121
-964.4229441393
-964.4229621321
-964.4229535723
-964.4229182042
-964.4229077439
-964.4229723480
-964.4230321690
-964.4230201566
-964.4229512577
-964.4229961184
-964.4229810448
-964.4229124537
-964.4230271195
-964.4229151885
-964.4229665819
-964.4229275390
-964.4229664002
-964.4229299757
-964.4229339988
-964.4229531785
-964.4229704249
-964.4230168493
-964.4229796569
-964.4229591694
-964.4229907919
-964.4228490015
-964.4229595530
-964.4230391176
-964.4230169762
-964.4229569568
-964.4229004673
-964.4229950367
-964.4230263746
-964.4229265751
-964.4229317884
-964.4230120061
-964.4230208059
-964.4229894905
-964.4229800433
-964.4229167378
-964.4229367709
-964.4230549302
-964.4230047220
-964.4230378048
-964.4230396806
-964.4229507588
-964.4229934315
-964.4230215038
-964.4229844372
-964.4229626215
-964.4229992470
-964.4229639094
-964.4229074940
-964.4229120886
-964.4229028523
-964.4230169517
-964.4230232572
-964.4229549250
-964.4229686916
-964.4227933325
-964.4227918982
-964.4230037830
-964.4229450402
-964.4229521730
-964.4230437924
-964.4229670828
-964.4228807489
-964.4229657995
-964.4229800114
-964.4230046338
-964.4229570725
-964.4229340073
-964.4229884269
-964.4229315846
-964.4229952994
-964.4229604948
-964.4230218271
-964.4228894754
-964.4228438162
-964.4229585814
-964.4229783187
-964.4229140083
-964.4230079471
-964.4229714094
-964.4230490187
-964.4228670352
-964.4230328735
-964.4229791307
-964.4230394117
-964.4230040141
-964.4229841114
-964.4229991886
-964.4229045521
-964.4228356525
-964.4229499408
-964.4230077343
-964.4229880116
-964.4230601222
-964.4230036515
-964.4229461073
-964.4230231569
-964.4229816485
-964.4230081190
-964.4229990887
-964.4230055257
-964.4228884590
-964.4230393442
-964.4230279242
-964.4229524383
-964.4229632754
-964.4227338716
-964.4229645749
-964.4229322271
-964.4228835935
-964.4228994710
-964.4230098240
-964.4229633789
-964.4230275524
-964.4230112602
-964.4230174090
-964.4230174691
-964.4229370451
-964.4229292390
-964.4229772225
-964.4230190380
-964.4229119542
-964.4229097591
-964.4229364144
-964.4229919729
-964.4229878927
-964.4229994212
-964.4229654614
-964.4228380854
-964.4229970319
-964.4226640340
-964.4229490140
-964.4230185684
-964.4229259283
-964.4229851571
-964.4229124701
-964.4229745102
-964.4229517439
-964.4229386228
-964.4228387744
-964.4230052364
-964.4229816531
-964.4229439016
-964.4229839701
-964.4229417583
-964.4229797150
-964.4230339797
-964.4229980985
-964.4230330148
-964.4228539525
-964.4229300375
-964.4229954609
-964.4229252689
-964.4230280569
-964.4228767529
-964.4229726712
-964.4229589964
-964.4229463392
-964.4229515587
-964.4230228111
-964.4230029847
-964.4230025529
-964.4228551362
-964.4228792042
-964.4230158078
-964.4229107555
-964.4229623190
-964.4229841184
-964.4229573866
-964.4228189739
-964.4229124857
-964.4229210893
-964.4229673451
-964.4230104403
-964.4229338762
-964.4229105361
-964.4230174107
-964.4230076424
-964.4230249622
-964.4229716157
-964.4229870946
-964.4229092649
-964.4230460589
-964.4229607766
-964.4229907401
-964.4228202916
-964.4228836895
-964.4229194941
-964.4229964389
-964.4229570468
-964.4229432282
-964.4228861862
-964.4229379626
-964.4229591903
-964.4229099290
-964.4230048521
-964.4230022524
-964.4230365461
-964.4229617292
-964.4230128219
-964.4228188000
-964.4228984218
-964.4229088516
-964.4229080195
-964.4230049363
-964.4229738395
-964.4229379070
-964.4230081543
-964.4229376779
-964.4229514034
-964.4230642578
-964.4228998494
-964.4229753698
-964.4228184760
-964.4229534364
-964.4228017909
-964.4229403696
-964.4230266912
-964.4229475027
-964.4229859508
-964.4229200587
-964.4229633046
-964.4229998253
-964.4229418198
-964.4228174476
-964.4230448231
-964.4229754995
-964.4228875884
-964.4229600942
-964.4229140375
-964.4229431102
-964.4229122345
-964.4229160405
-964.4230163737
-964.4229948395
-964.4229558140
-964.4228840152
-964.4228650766
-964.4229337594
-964.4229082547
-964.4230158294
-964.4229327069
-964.4228983751
-964.4229785604
-964.4228636107
-964.4228888567
-964.4230015903
-964.4229628634
-964.4228446769
-964.4229734206
-964.4229533093
-964.4229427029
-964.4229451434
-964.4230163937
-964.4230209661
-964.4229841532
-964.4229757440
-964.4229886533
-964.4228938668
-964.4229285762
-964.4230010917
-964.4230248456
-964.4229201616
-964.4230038297
-964.4229622899
-964.4229814715
-964.4229250842
-964.4229507310
-964.4228825251
-964.4229771707
-964.4229775011
-964.4229699460
-964.4229911570
-964.4229718310
-964.4230351365
-964.4228786278
-964.4229872727
-964.4230408028
-964.4229899386
-964.4229519816
-964.4228240600
-964.4230169980
-964.4229740485
-964.4229655667
-964.4229698598
-964.4229916335
-964.4229611148
-964.4229699461
-964.4228054202
-964.4230411521
-964.4229292825
-964.4230204059
-964.4229948927
-964.4229859200
-964.4230033988
-964.4229175355
-964.4229393916
-964.4229242370
-964.4228700461
-964.4229993076
-964.4229688363
-964.4229713277
-964.4229645302
-964.4230302795
-964.4229180580
-964.4229930048
-964.4228527410
-964.4229683731
-964.4229323885
-964.4230065760
-964.4230137344
-964.4230072380
-964.4229606074
-964.4230232709
-964.4230019348
-964.4229824866
-964.4229533912
-964.4229638026
-964.4229314125
-964.4229655461
-964.4229590275
-964.4229402770
-964.4230073045
-964.4230224706
-964.4230033047
-964.4229689003
-964.4229660039
-964.4229689879
-964.4229086330
-964.4229958498
-964.4230196226
-964.4229467641
-964.4228626917
-964.4229851868
-964.4230328736
-964.4229733816
-964.4228985850
-964.4229531165
-964.4229899781
-964.4228621507
-964.4229316224
-964.4229597727
-964.4230458101
-964.4227609521
-964.4229066321
-964.4229726944
-964.4228116782
-964.4229234639
-964.4228730046
-964.4229712375
-964.4229359431
-964.4229694363
-964.4229472984
-964.4229513841
-964.4229022073
-964.4230285042
-964.4230639077
-964.4229815775
-964.4229074202
-964.4230053084
-964.4230115301
-964.4230134006
-964.4229465376
-964.4229228219
-964.4229877973
-964.4229795065
-964.4230264355
-964.4230214342
-964.4228610633
-964.4228216221
-964.4229799415
-964.4229716017
-964.4229585015
-964.4229448168
-964.4229777061
-964.4229753574
-964.4229747511
-964.4229969676
-964.4229849081
-964.4229877650
-964.4229809243
-964.4228583760
-964.4229452366
-964.4229672403
-964.4230070545
-964.4229195259
-964.4230289355
-964.4230044427
-964.4230159909
-964.4230355003
-964.4230287589
-964.4230098543
-964.4227789833
-964.4230009330
-964.4229896770
-964.4229999838
-964.4229208335
-964.4229803576
-964.4229896563
-964.4229098979
-964.4230220313
-964.4229370514
-964.4229060705
-964.4228939105
-964.4229483626
-964.4230303625
-964.4230300075
-964.4230145826
-964.4229919341
-964.4229685682
-964.4230240083
-964.4229784625
-964.4230170096
-964.4228992862
-964.4230019589
-964.4229574596
-964.4229745946
-964.4230262077
-964.4230248999
-964.4230007853
-964.4230263349
-964.4229166880
-964.4229756255
-964.4229446260
-964.4229868342
-964.4230434859
-964.4229908859
-964.4229905446
-964.4229634952
-964.4229458563
-964.4229646627
-964.4229515833
-964.4227979333
-964.4230047336
-964.4229688349
-964.4229870587
-964.4229819444
-964.4230232795
-964.4230126964
-964.4229390611
-964.4228969465
-964.4229880834
-964.4229322389
-964.4230072016
-964.4229974676
-964.4228615442
-964.4229576356
-964.4230010802
-964.4229953304
-964.4230022421
-964.4228310743
-964.4229992440
-964.4229592531
-964.4229415058
-964.4230102338
-964.4229368299
-964.4228783570
-964.4229578052
-964.4229954644
-964.4230146803
-964.4230408007
-964.4228703676
-964.4229742344
-964.4229885199
-964.4228466361
-964.4228396008
-964.4228031392
-964.4229873894
-964.4229658386
-964.4230124307
-964.4229681154
-964.4228780156
-964.4230606045
-964.4228144272
-964.4229479198
-964.4230265293
-964.4229761226
-964.4229889164
-964.4228312690
-964.4230048334
-964.4229159231
-964.4227805093
-964.4229917553
-964.4230229242
-964.4228232474
-964.4229075479
-964.4229357926
-964.4229421641
-964.4229449242
-964.4229623832
-964.4229892697
-964.4229017336
-964.4229616794
-964.4229609292
-964.4229835293
-964.4230376077
-964.4229901463
-964.4229603931
-964.4230127083
-964.4230197073
-964.4230365167
-964.4229091183
-964.4229193159
-964.4228270613
-964.4229081423
-964.4229078521
-964.4230174531
-964.4229235132
-964.4230066330
-964.4229816955
-964.4229064552
-964.4229703197
-964.4230460026
-964.4229674657
-964.4229588270
-964.4229117256
-964.4229847172
-964.4229013069
-964.4229733141
-964.4229582447
-964.4228902668
-964.4229424084
-964.4229945244
-964.4230216286
-964.4229637872
-964.4230101979
-964.4229628813
-964.4229354673
-964.4230067240
-964.4229261866
-964.4229434040
-964.4229809803
-964.4229576042
-964.4228737910
-964.4230235632
-964.4229861902
-964.4229980971
-964.4227279444
-964.4229674844
-964.4230216080
-964.4229678209
-964.4229016243
-964.4229921871
-964.4229883672
-964.4230024622
-964.4229194685
-964.4228284898
-964.4228987975
-964.4229675949
-964.4229742434
-964.4229357188
-964.4230298177
-964.4229646445
-964.4229543874
-964.4228867763
-964.4229351235
-964.4230053929
-964.4229482345
-964.4230076670
-964.4229257259
-964.4229468019
-964.4229733824
-964.4229773122
-964.4229457005
-964.4227974246
-964.4229729620
-964.4230446384
-964.4228907041
-964.4229747029
-964.4230245424
-964.4230012668
-964.4230046299
-964.4228987776
-964.4229463971
-964.4227351226
-964.4228399269
-964.4230233600
-964.4229839924
-964.4228613220
-964.4230447931
-964.4229840669
-964.4230338598
-964.4229765371
-964.4229363160
-964.4228873092
-964.4229659393
-964.4228474261
-964.4229067536
-964.4229987232
-964.4230022396
-964.4229613596
-964.4229569361
-964.4229781515
-964.4229801579
-964.4229080298
-964.4229782329
-964.4229451233
-964.4229156056
-964.4230071943
-964.4229199533
-964.4230334786
-964.4229677804
-964.4229115343
-964.4229672645
-964.4229061623
-964.4229079932
-964.4229091565
-964.4229667866
-964.4229721754
-964.4229913372
-964.4230248035
-964.4229694292
-964.4230229620
-964.4228356498
-964.4230424893
-964.4229788247
-964.4230039258
-964.4229764393
-964.4230394478
-964.4229701042
-964.4229353742
-964.4230160685
-964.4228561034
-964.4229411228
-964.4230041316
-964.4229922254
-964.4229698413
-964.4229016697
-964.4230251958
-964.4230144426
-964.4230118017
-964.4229964695
-964.4229616632
-964.4230259673
-964.4229574644
-964.4229657965
-964.4229016133
-964.4229086004
-964.4230155311
-964.4229819881
-964.4229232312
-964.4230213624
-964.4229567716
-964.4229733954
-964.4229730812
-964.4229798654
-964.4229520535
-964.4229081481
-964.4229889759
-964.4229639327
-964.4229693864
-964.4229033545
-964.4230143624
-964.4229964998
-964.4229739633
-964.4229707646
-964.4229324110
-964.4229670404
-964.4227323196
-964.4230500435
-964.4229453159
-964.4229373368
-964.4229803562
-964.4229634826
-964.4230310654
-964.4230080162
-964.4230582692
-964.4228327696
-964.4229095974
-964.4230195653
-964.4229629257
-964.4229335525
-964.4229442810
-964.4228697005
-964.4229958675
-964.4228484290
-964.4230034381
-964.4229430670
-964.4229837336
-964.4229358493
-964.4229469667
-964.4229093621
-964.4229729520
-964.4230328602
-964.4229104871
-964.4230018178
-964.4229633267
-964.4229420241
-964.4230303870
-964.4229943543
-964.4229108565
-964.4229701245
-964.4229195590
-964.4229167812
-964.4229962847
-964.4229287246
-964.4229886194
-964.4230110125
-964.4229026950
-964.4230306765
-964.4229655875
-964.4229707000
-964.4228920889
-964.4229062019
-964.4229807237
-964.4230013587
-964.4230288362
-964.4230172119
-964.4229666924
-964.4230543420
-964.4228561655
-964.4229463363
-964.4230055377
-964.4229293505
-964.4228261108
-964.4229711304
-964.4229853244
-964.4230159306
-964.4229105635
-964.4229924490
-964.4228950822
-964.4228661931
-964.4228432137
-964.4230272156
-964.4229894410
-964.4228987555
-964.4229892662
-964.4230119417
-964.4228931563
-964.4230340772
-964.4229785050
-964.4228293281
-964.4229765265
-964.4229092066
-964.4229586532
-964.4229310227
-964.4228706078
-964.4228817063
-964.4229746785
-964.4230427456
-964.4229580248
-964.4230229801
-964.4229971392
-964.4228958977
-964.4229778654
-964.4229282127
-964.4229332730
-964.4229787091
-964.4229177971
-964.4228450086
-964.4229673988
-964.4229472493
-964.4229955322
-964.4229702419
-964.4229999358
-964.4228812544
-964.4229815287
-964.4229618223
-964.4230343172
-964.4229685747
-964.4228073027
-964.4229209315
-964.4229541364
-964.4228991482
-964.4229463538
-964.4230171030
-964.4230068611
-964.4229253342
-964.4229571541
-964.4229450605
-964.4230367351
-964.4229413592
-964.4229916329
-964.4228950121
-964.4230499594
-964.4230322099
-964.4230042810
-964.4230069176
-964.4230437568
-964.4229706977
-964.4228139815
-964.4228399588
-964.4229434978
-964.4230013932
-964.4229517360
-964.4229711506
-964.4229260897
-964.4230068403
-964.4229212395
-964.4229247719
-964.4229306607
-964.4229695700
-964.4230256982
-964.4229559039
-964.4228848276
-964.4229767851
-964.4229164039
-964.4228843608
-964.4228018764
-964.4230158599
-964.4229173047
-964.4229366107
-964.4230230227
-964.4230014291
-964.4229844429
-964.4230523334
-964.4230092797
-964.4228708830
-964.4229148388
-964.4230146973
-964.4230061197
-964.4228830713
-964.4230053753
-964.4230304662
-964.4229350341
-964.4229864744
-964.4230529629
-964.4229438908
-964.4229928075
-964.4229758480
-964.4229296221
-964.4227015896
-964.4228090269
-964.4230166666
-964.4229279850
-964.4229987315
-964.4229559010
-964.4229149569
-964.4229042771
-964.4229653556
-964.4229118551
-964.4230216220
-964.4229647457
-964.4230038252
-964.4229956589
-964.4229087670
-964.4228766288
-964.4229549987
-964.4230047983
-964.4230072045
-964.4229699916
-964.4229415439
-964.4229582126
-964.4230028902
-964.4230152317
-964.4229597673
-964.4229442257
-964.4228348610
-964.4228306763
-964.4229563666
-964.4229559195
-964.4229924792
-964.4230053213
-964.4229506033
-964.4228499284
-964.4229467198
-964.4230099248
-964.4228703937
-964.4229945939
-964.4229350537
-964.4229976323
-964.4229551402
-964.4229199119
-964.4229954818
-964.4229214606
-964.4229361606
-964.4228459999
-964.4228965946
-964.4229407507
-964.4229309321
-964.4229747933
-964.4229684773
-964.4230003357
-964.4228938907
-964.4229503347
-964.4227885005
-964.4229982326
-964.4229292468
-964.4229224789
-964.4230375381
-964.4229944871
-964.4229199309
-964.4230120763
-964.4228249509
-964.4229613078
-964.4229637697
-964.4229611693
-964.4229455164
-964.4226617929
-964.4229229059
-964.4228446130
-964.4229853481
-964.4228776959
-964.4229085212
-964.4228565576
-964.4229577825
-964.4229427102
-964.4230126857
-964.4229841742
-964.4229233059
-964.4229861267
-964.4229643283
-964.4230067349
-964.4230036500
-964.4229905032
-964.4228940250
-964.4230136500
-964.4230404384
-964.4228757192
-964.4229754066
-964.4229429722
-964.4229749416
-964.4229765172
-964.4228948646
-964.4228955013
-964.4229733808
-964.4230105617
-964.4230188005
-964.4229150658
-964.4229311040
-964.4228539043
-964.4229459165
-964.4229703559
-964.4229054812
-964.4229016820
-964.4229654176
-964.4229308136
-964.4229877113
-964.4230231745
-964.4229859078
-964.4229076107
-964.4229336549
-964.4229829212
-964.4229373767
-964.4229014135
-964.4230008025
-964.4229819813
-964.4229529375
-964.4230343600
-964.4230337941
-964.4230546235
-964.4229349851
-964.4229252210
-964.4229052682
-964.4229630444
-964.4229782176
-964.4229886589
-964.4229085586
-964.4229321665
-964.4229461068
-964.4228504498
-964.4229221333
-964.4229798195
-964.4229968464
-964.4229455287
-964.4229408275
-964.4229140834
-964.4229211004
-964.4230423234
-964.4226891739
-964.4229078162
-964.4229713516
-964.4229770674
-964.4229511637
-964.4229387219
-964.4229526024
-964.4229570900
-964.4228470825
-964.4228195829
-964.4229727671
-964.4229430275
-964.4228506713
-964.4229653674
-964.4229299511
-964.4229561500
-964.4229712335
-964.4226481641
-964.4229371581
-964.4229929255
-964.4229615425
-964.4229770367
-964.4229170768
-964.4229847274
-964.4230265075
-964.4230091382
-964.4229509884
-964.4229911145
-964.4229246825
-964.4229222692
-964.4229892164
-964.4228509844
-964.4229358152
-964.4228992117
-964.4229617419
-964.4229079248
-964.4230343508
-964.4228565231
-964.4229783083
-964.4228290586
-964.4229140215
-964.4229984981
-964.4230021821
-964.4228204757
-964.4229360169
-964.4230017638
-964.4230121795
-964.4229867414
-964.4230412892
-964.4230262877
-964.4227858139
-964.4229305359
-964.4229176600
-964.4229774964
-964.4229751188
-964.4228967954
-964.4229893512
-964.4229374450
-964.4229320018
-964.4229406042
-964.4228997184
-964.4228461010
-964.4229515348
-964.4230044247
-964.4229114504
-964.4229700386
-964.4228813018
-964.4230148032
-964.4228738539
-964.4229932921
-964.4229994422
-964.4229080821
-964.4229647313
-964.4228953472
-964.4229520696
-964.4228689268
-964.4230141861
-964.4228414138
-964.4228938017
-964.4229111959
-964.4229733208
-964.4229191111
-964.4229797682
-964.4230189669
-964.4229595411
-964.4229595698
-964.4230097421
-964.4229724922
-964.4229970976
-964.4229645255
-964.4229279518
-964.4229870330
-964.4230295235
-964.4229808040
-964.4228574008
-964.4229509184
-964.4229177184
-964.4229072336
-964.4229701923
-964.4229900645
-964.4228871376
-964.4229429548
-964.4229881963
-964.4230497363
-964.4228881650
-964.4229166553
-964.4229802882
-964.4230131621
-964.4230163576
-964.4229857345
-964.4228753147
-964.4229122551
-964.4228837193
-964.4230004917
-964.4230328830
-964.4229364103
-964.4229614219
-964.4230323565
-964.4230160579
-964.4229388578
-964.4229361482
-964.4229428224
-964.4229659904
-964.4229418813
-964.4230094214
-964.4229947027
-964.4229611033
-964.4230173285
-964.4229536874
-964.4229786421
-964.4229630549
-964.4230367900
-964.4229463656
-964.4230019513
-964.4230556256
-964.4228535148
-964.4229644678
-964.4229781374
-964.4229727409
-964.4228259182
-964.4230421641
-964.4228380235
-964.4229922101
-964.4230036876
-964.4228804815
-964.4230067867
-964.4229832405
-964.4229714096
-964.4230052749
-964.4229084663
-964.4229257816
-964.4229076106
-964.4229500855
-964.4230335667
-964.4229333267
-964.4230186057
-964.4229033127
-964.4229759475
-964.4229565745
-964.4230030017
-964.4228714531
-964.4229629779
-964.4229998703
-964.4229919823
-964.4230412963
-964.4229962668
-964.4229169120
-964.4227901294
-964.4230133797
-964.4230283702
-964.4229714880
-964.4229082840
-964.4229765693
-964.4229132608
-964.4229742483
-964.4229357833
-964.4229823773
-964.4229653459
-964.4229754587
-964.4228910152
-964.4228346530
-964.4229459014
-964.4229689729
-964.4227402741
-964.4227535818
-964.4229968449
-964.4230105998
-964.4229905017
-964.4229888448
-964.4229595791
-964.4229306039
-964.4229716364
-964.4228297486
-964.4228997016
-964.4230443138
-964.4229341340
-964.4229882884
-964.4229609397
-964.4229430550
-964.4227510528
-964.4229408703
-964.4229592341
-964.4229531156
-964.4229326265
-964.4228669561
-964.4229972111
-964.4229134388
-964.4229396892
-964.4228899595
-964.4230021027
-964.4228482385
-964.4229423757
-964.4230018470
-964.4230385997
-964.4228509789
-964.4227504189
-964.4229989075
-964.4228545126
-964.4229312533
-964.4229665533
-964.4228948722
-964.4229537976
-964.4229699838
-964.4229463969
-964.4229166793
-964.4229577021
-964.4230018724
-964.4229258013
-964.4229815931
-964.4229796894
-964.4229734527
-964.4229863664
-964.4227970505
-964.4228805311
-964.4229911349
-964.4229722407
-964.4229321758
-964.4229077969
-964.4229667611
-964.4229534026
-964.4227139579
-964.4229777098
-964.4229812597
-964.4230284032
-964.4228237843
-964.4230200993
-964.4229155590
-964.4229761676
-964.4229139439
-964.4229114719
-964.4230110429
-964.4229085637
-964.4228605007
-964.4229762389
-964.4229921646
-964.4228012269
-964.4228011932
-964.4226798268
-964.4229554686
-964.4229276426
-964.4229733079
-964.4229494461
-964.4229769486
-964.4229998228
-964.4229563537
-964.4229933341
-964.4230223726
-964.4229813082
-964.4229731634
-964.4229090389
-964.4227253503
-964.4228822015
-964.4228652409
-964.4230317794
-964.4229355935
-964.4229987887
-964.4229240197
-964.4229092551
-964.4229192833
-964.4229832521
-964.4230123755
-964.4229732700
-964.4228904115
-964.4229483732
-964.4230326617
-964.4230048236
-964.4228800756
-964.4229983234
-964.4230476206
-964.4229139396
-964.4230078248
-964.4229875030
-964.4230198383
-964.4228825818
-964.4228505136
-964.4229772435
-964.4229494611
-964.4229356146
-964.4229666646
-964.4228866349
-964.4228094676
-964.4230244002
-964.4230304182
-964.4229430027
-964.4229636561
-964.4228067126
-964.4229896735
-964.4229403392
-964.4229594879
-964.4229987998
-964.4229474425
-964.4230338696
-964.4230069703
-964.4229504586
-964.4229151434
-964.4228206031
-964.4228622195
-964.4230080418
-964.4229680776
-964.4230436141
-964.4229978643
-964.4229895355
-964.4229992524
-964.4229798047
-964.4228705359
-964.4229160472
-964.4229454383
-964.4228222841
-964.4228879949
-964.4229096102
-964.4229369596
-964.4230239617
-964.4229993514
-964.4229502435
-964.4229496397
-964.4230081337
-964.4229063301
-964.4229101788
-964.4230341825
-964.4230091393
-964.4229469029
-964.4229567801
-964.4230091325
-964.4229874164
-964.4229054914
-964.4229713047
-964.4229188855
-964.4229601692
-964.4230181345
-964.4230091742
-964.4229828215
-964.4230029733
-964.4229584288
-964.4230548745
-964.4229283356
-964.4230373685
-964.4229007844
-964.4229510613
-964.4229913822
-964.4230031910
-964.4230079356
-964.4229872184
-964.4229983267
-964.4227956886
-964.4229362174
-964.4229832935
-964.4228237318
-964.4229822682
-964.4229586976
-964.4230188734
-964.4229375556
-964.4228934334
-964.4229662413
-964.4228900266
-964.4229612733
-964.4228896500
-964.4229502967
-964.4229818567
-964.4230066950
-964.4229354058
-964.4229978237
-964.4229122095
-964.4229851491
-964.4229571010
-964.4228929434
-964.4229440273
-964.4229357385
-964.4229916114
-964.4228276263
-964.4229254955
-964.4229448192
-964.4230135185
-964.4230038508
-964.4229282745
-964.4230298543
-964.4230167238
-964.4229971032
-964.4230462027
-964.4230418916
-964.4228544301
-964.4230134500
-964.4227823970
-964.4229973097
-964.4229718285
-964.4229674694
-964.4228711090
-964.4229892882
-964.4230023082
-964.4229536548
-964.4230344291
-964.4229259115
-964.4230052643
-964.4230140964
-964.4229845758
-964.4229684156
-964.4229390762
-964.4229904248
-964.4230219517
-964.4229783420
-964.4229426875
-964.4229010766
-964.4230031979
-964.4228464660
-964.4228814492
-964.4230044070
-964.4229557509
-964.4230152374
-964.4229763519
-964.4230384424
-964.4228876842
-964.4230022371
-964.4229814386
-964.4229806203
-964.4229439345
-964.4230241125
-964.4229024059
-964.4229650597
-964.4227898975
-964.4228432833
-964.4229891619
-964.4228971448
-964.4229148804
-964.4229463776
-964.4229660141
-964.4229074878
-964.4229621102
-964.4229861905
-964.4230400323
-964.4230063534
-964.4230174104
-964.4229671206
-964.4229408461
-964.4230214876
-964.4229618296
-964.4229564840
-964.4229665281
-964.4228788858
-964.4229043853
-964.4230243365
-964.4229446119
-964.4230341555
-964.4229841613
-964.4229550474
-964.4228914421
-964.4230395175
-964.4229253780
-964.4229018707
-964.4229683770
-964.4229946779
-964.4230033869
-964.4228477923
-964.4229294695
-964.4230062688
-964.4229193664
-964.4229616869
-964.4229049313
-964.4229824000
-964.4229416923
-964.4229186931
-964.4229246947
-964.4229859716
-964.4230093493
-964.4230130327
-964.4230096978
-964.4227820129
-964.4229724725
-964.4229899087
-964.4229716372
-964.4229098691
-964.4230565361
-964.4229658023
-964.4228967612
-964.4228336750
-964.4230061672
-964.4229080398
-964.4229414581
-964.4229571720
-964.4229250342
-964.4229747400
-964.4229591022
-964.4229554222
-964.4229331232
-964.4229356469
-964.4229597229
-964.4229408982
-964.4229739239
-964.4229929332
-964.4229181772
-964.4229680568
-964.4229887272
-964.4228902470
-964.4229579111
-964.4229977057
-964.4228543435
-964.4229200944
-964.4229816549
-964.4230194717
-964.4230235180
-964.4229042636
-964.4229814324
-964.4230334988
-964.4229089067
-964.4229364396
-964.4229065486
-964.4229653872
-964.4229459018
-964.4230096090
-964.4230146172
-964.4230171860
-964.4228730115
-964.4229901971
-964.4229034193
-964.4229932981
-964.4229479656
-964.4229566895
-964.4229177037
-964.4229384419
-964.4230003307
-964.4230181860
-964.4227500053
-964.4229616757
-964.4230141134
-964.4228630197
-964.4228964300
-964.4229922362
-964.4229716796
-964.4229253631
-964.4227867528
-964.4228528717
-964.4229279619
-964.4230432256
-964.4229777074
-964.4230090540
-964.4229725355
-964.4229756119
-964.4229406652
-964.4229768644
-964.4229212721
-964.4228656158
-964.4228493539
-964.4229742870
-964.4230175858
-964.4228881571
-964.4228833185
-964.4230297615
-964.4230076536
-964.4229560691
-964.4229468472
-964.4229731692
-964.4229887792
-964.4228571897
-964.4230139447
-964.4228309886
-964.4229774784
-964.4228608160
-964.4229572783
-964.4228864650
-964.4229526423
-964.4228532047
-964.4227614021
-964.4229028723
-964.4229097757
-964.4229593645
-964.4229540410
-964.4229969560
-964.4229069041
-964.4229101281
-964.4229540540
-964.4228770204
-964.4230147467
-964.4229691027
-964.4229996739
-964.4228872568
-964.4229496288
-964.4228897859
-964.4228873264
-964.4228788439
-964.4229156170
-964.4229864267
-964.4230166084
-964.4229620105
-964.4227976460
-964.4228021017
-964.4228959934
-964.4229659933
-964.4229801618
-964.4230218347
-964.4230452169
-964.4230001122
-964.4229029864
-964.4230209393
-964.4228624199
-964.4229420883
-964.4230127396
-964.4229514660
-964.4229965575
-964.4228385124
-964.4229288273
-964.4229579957
-964.4229090919
-964.4229790005
-964.4230248663
-964.4230015136
-964.4230233680
-964.4229596063
-964.4229105479
-964.4230266442
-964.4228623183
-964.4230117784
-964.4229229893
-964.4230071899
-964.4228828771
-964.4228878318
-964.4230241675
-964.4227174270
-964.4229218591
-964.4230134907
-964.4229036819
-964.4229170634
-964.4229406298
-964.4229987013
-964.4230175087
-964.4228842837
-964.4229262929
-964.4229795380
-964.4230517187
-964.4229472747
-964.4228489266
-964.4229831375
-964.4230200905
-964.4229308708
-964.4229605260
-964.4229314215
-964.4230040633
-964.4229620210
-964.4229154831
-964.4229276956
-964.4229341441
-964.4230094156
-964.4229289015
-964.4228476544
-964.4229903565
-964.4229095585
-964.4229622283
-964.4229725916
-964.4229955418
-964.4230338339
-964.4229122360
-964.4230128686
-964.4229608338
-964.4228400843
-964.4229706283
-964.4230169373
-964.4229275545
-964.4229212296
-964.4228982938
-964.4229045406
-964.4229258814
-964.4229953100
-964.4230063045
-964.4230387962
-964.4230041088
-964.4229987740
-964.4229672464
-964.4229911915
-964.4230408443
-964.4229858166
-964.4229579935
-964.4230145536
-964.4229766841
-964.4230151981
-964.4230026776
-964.4228417638
-964.4230498508
-964.4230122050
-964.4229690381
-964.4229624796
-964.4229643050
-964.4229327036
-964.4228218276
-964.4229382693
-964.4229945191
-964.4229765713
-964.4229907704
-964.4230016462
-964.4230034190
-964.4230117021
-964.4229133643
-964.4230474273
-964.4229774676
-964.4229784163
-964.4230238573
-964.4229957830
-964.4229412551
-964.4227703694
-964.4230102984
-964.4228793601
-964.4230444639
-964.4230406830
-964.4229291196
-964.4229982141
-964.4229484253
-964.4229807946
-964.4229512797
-964.4230025037
-964.4227698275
-964.4229745133
-964.4229997208
-964.4229571416
-964.4229482204
-964.4229928798
-964.4229598148
-964.4229845696
-964.4229639976
-964.4230419980
-964.4230269600
-964.4229747672
-964.4229753045
-964.4229991422
-964.4229765879
-964.4229607797
-964.4230307110
-964.4229923119
-964.4229273682
-964.4229297093
-964.4228392336
-964.4228659036
-964.4229262809
-964.4229517655
-964.4229454102
-964.4229767663
-964.4230423517
-964.4229915739
-964.4229407312
-964.4230073450
-964.4229428254
-964.4229136721
-964.4230369287
-964.4228963339
-964.4230238592
-964.4229320941
-964.4228637939
-964.4228129897
-964.4228933719
-964.4229308366
-964.4228740263
-964.4229788794
-964.4229137093
-964.4229762758
-964.4229754689
-964.4230380992
-964.4230064138
-964.4228945962
-964.4229137765
-964.4230095395
-964.4229506508
-964.4229792491
-964.4230484366
-964.4230360771
-964.4229487639
-964.4228893554
-964.4229630422
-964.4229661751
-964.4230354757
-964.4230457171
-964.4229132536
-964.4228409860
-964.4230172686
-964.4229409695
-964.4228139999
-964.4229605582
-964.4230110586
-964.4230483921
-964.4229916845
-964.4229416220
-964.4228186229
-964.4228920458
-964.4229407532
-964.4230268774
-964.4230148807
-964.4229377797
-964.4227986997
-964.4228438223
-964.4229739428
-964.4228826127
-964.4229948764
-964.4229597721
-964.4229654823
-964.4229398738
-964.4230186236
-964.4229868159
-964.4230006366
-964.4230420090
-964.4229764659
-964.4228209400
-964.4229645100
-964.4229889775
-964.4229067956
-964.4228880795
-964.4229499516
-964.4228880754
-964.4229055650
-964.4229171049
-964.4230041806
-964.4229849493
-964.4229800015
-964.4229404337
-964.4229633561
-964.4229318322
-964.4229719463
-964.4229879652
-964.4229371822
-964.4228792792
-964.4229930893
-964.4229732554
-964.4228991374
-964.4228655813
-964.4229854479
-964.4229468489
-964.4230045361
-964.4229804626
-964.4230046334
-964.4229472819
-964.4230039395
-964.4229809030
-964.4230039313
-964.4229750989
-964.4229699961
-964.4229766325
-964.4229272521
-964.4229564482
-964.4230091249
-964.4230020443
-964.4229740170
-964.4229182891
-964.4229852032
-964.4229279156
-964.4229590130
-964.4229407018
-964.4229112189
-964.4230151132
-964.4227736139
-964.4229799711
-964.4229981954
-964.4227660546
-964.4228416611
-964.4230011955
-964.4230149395
-964.4229489380
-964.4229803030
-964.4229468810
-964.4229700765
-964.4230247038
-964.4230323062
-964.4230403223
-964.4229859974
-964.4229390209
-964.4230174285
-964.4229967511
-964.4228819406
-964.4229621069
-964.4230248580
-964.4230400680
-964.4229432567
-964.4228244528
-964.4229349802
-964.4230047426
-964.4229856392
-964.4228838596
-964.4229213522
-964.4229415339
-964.4230063554
-964.4228755871
-964.4228731587
-964.4230317240
-964.4229470974
-964.4229553350
-964.4229171860
-964.4230106032
-964.4229164674
-964.4230048643
-964.4230237115
-964.4230430546
-964.4229888792
-964.4229624218
-964.4229686720
-964.4229543430
-964.4229774013
-964.4228956322
-964.4229867534
-964.4229887835
-964.4229638338
-964.4229832041
-964.4229085787
-964.4230114385
-964.4229492347
-964.4229994739
-964.4229342448
-964.4230286527
-964.4229066148
-964.4229840620
-964.4229577478
-964.4229184944
-964.4229635376
-964.4230463432
-964.4229589539
-964.4227692419
-964.4229533162
-964.4230034309
-964.4229886007
-964.4230023823
-964.4229275751
-964.4228809300
-964.4227822718
-964.4229830089
-964.4230092476
-964.4229577835
-964.4229588835
-964.4229371719
-964.4229820958
-964.4229832735
-964.4229886481
-964.4229119671
-964.4229881274
-964.4229570775
-964.4229473377
-964.4230108265
-964.4228855666
-964.4228692016
-964.4229604919
-964.4229724126
-964.4229864073
-964.4228405269
-964.4228333341
-964.4229115233
-964.4229531071
-964.4229875787
-964.4229086884
-964.4229716137
-964.4228703550
-964.4229300851
-964.4229720924
-964.4229643477
-964.4230553421
-964.4229508341
-964.4229906712
-964.4230378728
-964.4230219325
-964.4230382359
-964.4229558861
-964.4229633225
-964.4229754668
-964.4230103851
-964.4229710639
-964.4230031342
-964.4230522593
-964.4227592459
-964.4228414325
-964.4229686145
-964.4229211095
-964.4229787102
-964.4229586271
-964.4229754294
-964.4228363184
-964.4229124634
-964.4230504808
-964.4230109717
-964.4228401648
-964.4230254854
-964.4230037275
-964.4229656953
-964.4229574004
-964.4229438111
-964.4229965066
-964.4229109828
-964.4230083610
-964.4229074729
-964.4229402845
-964.4229742363
-964.4229326846
-964.4229981786
-964.4229709021
-964.4229253977
-964.4229442521
-964.4229098503
-964.4230171969
-964.4229621368
-964.4230009096
-964.4228398783
-964.4229150498
-964.4228637553
-964.4228953477
-964.4229916188
-964.4230041292
-964.4230131335
-964.4228923758
-964.4228384192
-964.4230198768
-964.4230003444
-964.4229511252
-964.4229940723
-964.4230240763
-964.4229632070
-964.4230108148
-964.4229538416
-964.4229631912
-964.4229461039
-964.4229424943
-964.4229779147
-964.4230131913
-964.4229095901
-964.4229659097
-964.4229806374
-964.4230057027
-964.4230220111
-964.4229944541
-964.4229054634
-964.4229643448
-964.4229872375
-964.4229074635
-964.4229419003
-964.4229704094
-964.4229722501
-964.4229560305
-964.4230185273
-964.4229592996
-964.4229531916
-964.4229843427
-964.4229538260
-964.4230009714
-964.4230396123
-964.4228976513
-964.4229769081
-964.4229420786
-964.4229729258
-964.4228660052
-964.4230069364
-964.4229606689
-964.4230033501
-964.4229755533
-964.4228882031
-964.4229279912
-964.4230182972
-964.4229756854
-964.4229424807
-964.4229290403
-964.4230050905
-964.4229993978
-964.4228710283
-964.4230259019
-964.4229507655
-964.4228815035
-964.4230003106
-964.4229746849
-964.4228481172
-964.4229836885
-964.4229625671
-964.4230163761
-964.4228754680
-964.4228656179
-964.4230072118
-964.4229838539
-964.4229603675
-964.4229978305
-964.4229594804
-964.4229159148
-964.4229096219
-964.4229793413
-964.4230140456
-964.4230057540
-964.4228989520
-964.4229858463
-964.4229292382
-964.4230272453
-964.4229702179
-964.4230114172
-964.4230407779
-964.4229533252
-964.4229976552
-964.4229712597
-964.4229999305
-964.4229628852
-964.4229141078
-964.4228218666
-964.4229496222
-964.4229565719
-964.4229079968
-964.4229074113
-964.4228831615
-964.4228812838
-964.4229927647
-964.4229603671
-964.4230344766
-964.4229030047
-964.4229650495
-964.4229844992
-964.4230625443
-964.4229666330
-964.4229780284
-964.4228897868
-964.4229068904
-964.4229656561
-964.4229706408
-964.4230126688
-964.4229288691
-964.4230023557
-964.4229966103
-964.4229997364
-964.4228826713
-964.4228179624
-964.4229663273
-964.4230194708
-964.4229705963
-964.4228081694
-964.4229537317
-964.4228365256
-964.4229874547
-964.4230173463
-964.4229611083
-964.4229970071
-964.4229532705
-964.4230035026
-964.4229938856
-964.4229712330
-964.4229681517
-964.4229412367
-964.4229480485
-964.4229338492
-964.4229724347
-964.4229360715
-964.4230072970
-964.4229060124
-964.4229946383
-964.4229968928
-964.4229327585
-964.4230487252
-964.4229951485
-964.4229075423
-964.4229646988
-964.4229581418
-964.4229926399
-964.4229763855
-964.4228749822
-964.4229733775
-964.4229916277
-964.4229796486
-964.4229792642
-964.4229621364
-964.4228652362
-964.4230227735
-964.4229349569
-964.4229493150
-964.4229883966
-964.4228463426
-964.4229911935
-964.4229553914
-964.4230352044
-964.4230196490
-964.4230612470
-964.4229077718
-964.4229725627
-964.4229082019
-964.4228772384
-964.4229535779
-964.4229673579
-964.4228327349
-964.4229652145
-964.4228677969
-964.4230153041
-964.4230139024
-964.4229291614
-964.4229322579
-964.4230265314
-964.4230461327
-964.4229168811
-964.4229815823
-964.4228790482
-964.4229960875
-964.4229448065
-964.4229720033
-964.4230278331
-964.4228889385
-964.4229386392
-964.4227834888
-964.4227848483
-964.4228920866
-964.4230286864
-964.4229295343
-964.4229490172
-964.4229503355
-964.4229770874
-964.4229605085
-964.4230282417
-964.4230168775
-964.4230307800
-964.4229630531
-964.4229109728
-964.4229076478
-964.4229604219
-964.4229952243
-964.4229601386
-964.4229668518
-964.4229901028
-964.4227592702
-964.4229433910
-964.4229756597
-964.4229012573
-964.4228556760
-964.4230188917
-964.4228908960
-964.4230034502
-964.4229095973
-964.4229348346
-964.4229785440
-964.4230043195
-964.4228822848
-964.4230029527
-964.4229842055
-964.4229691795
-964.4230266866
-964.4229933277
-964.4230253642
-964.4229729799
-964.4230007288
-964.4229210646
-964.4228755706
-964.4229672131
-964.4229194628
-964.4229583822
-964.4230189421
-964.4227551562
-964.4228766140
-964.4229622320
-964.4230018899
-964.4229889663
-964.4229406527
-964.4229605296
-964.4230144141
-964.4229973389
-964.4229884877
-964.4228845052
-964.4228440654
-964.4229903549
-964.4229684803
-964.4229090530
-964.4229929637
-964.4229850566
-964.4229086870
-964.4228690687
-964.4229278357
-964.4230202353
-964.4229049248
-964.4229951921
-964.4229005900
-964.4230266754
-964.4229082982
-964.4228966675
-964.4229920445
-964.4230139833
-964.4229555867
-964.4229655497
-964.4230421530
-964.4229278802
-964.4229083335
-964.4227567648
-964.4229016425
-964.4229866436
-964.4230032270
-964.4230227655
-964.4229174271
-964.4228277413
-964.4228359553
-964.4229273808
-964.4230137668
-964.4228266475
-964.4229968197
-964.4229755227
-964.4229831032
-964.4229649482
-964.4229014816
-964.4228389964
-964.4229376009
-964.4229147411
-964.4229051378
-964.4229710025
-964.4229437834
-964.4229771987
-964.4229947593
-964.4229163203
-964.4228766166
-964.4229949980
-964.4229123391
-964.4229766739
-964.4229856990
-964.4230064840
-964.4229730598
-964.4228948909
-964.4230381505
-964.4229335342
-964.4228995655
-964.4228909926
-964.4230051813
-964.4229410696
-964.4228929453
-964.4227486631
-964.4229319485
-964.4230543159
-964.4228317821
-964.4229686794
-964.4229220540
-964.4229084515
-964.4229365494
-964.4228401941
-964.4229258387
-964.4229996089
-964.4229477279
-964.4228906512
-964.4230300219
-964.4229546106
-964.4229278018
-964.4230265257
-964.4229956404
-964.4230294451
-964.4230020048
-964.4229800699
-964.4229605133
-964.4229455000
-964.4230092678
-964.4230143004
-964.4228641561
-964.4229970470
-964.4229977989
-964.4229320862
-964.4229752340
-964.4230509165
-964.4228787093
-964.4230332096
-964.4229501065
-964.4230142685
-964.4229913993
-964.4228476373
-964.4229430908
-964.4229101523
-964.4230064658
-964.4229864960
-964.4227680978
-964.4230042105
-964.4230357811
-964.4229075609
-964.4229220919
-964.4230249944
-964.4229245485
-964.4229281055
-964.4229573493
-964.4229303549
-964.4229851889
-964.4227702997
-964.4228628993
-964.4228781371
-964.4229906714
-964.4229145388
-964.4229467880
-964.4230016127
-964.4229409862
-964.4229974802
-964.4228582513
-964.4229380334
-964.4229649762
-964.4229089758
-964.4228426933
-964.4229720704
-964.4229090576
-964.4229767585
-964.4229699762
-964.4228431447
-964.4230032413
-964.4229280562
-964.4229818290
-964.4229647637
-964.4229273523
-964.4228916135
-964.4229562123
-964.4229673972
-964.4230255036
-964.4228489505
-964.4229467913
-964.4229072718
-964.4229853115
-964.4230442244
-964.4230197664
-964.4228924637
-964.4228750356
-964.4230036814
-964.4228673447
-964.4230368980
-964.4230061034
-964.4229082067
-964.4230321523
-964.4229506527
-964.4229074726
-964.4229635503
-964.4228715488
-964.4229026355
-964.4229145184
-964.4229604453
-964.4228746696
-964.4228642370
-964.4228819839
-964.4229361393
-964.4229768813
-964.4229352863
-964.4229500199
-964.4229657351
-964.4230236770
-964.4230119524
-964.4229038299
-964.4229564529
-964.4229708897
-964.4228557456
-964.4229881044
-964.4229407899
-964.4229594371
-964.4229052060
-964.4229540591
-964.4229071607
-964.4229793112
-964.4229349490
-964.4229077003
-964.4228737236
-964.4229713535
-964.4229236893
-964.4230174746
-964.4230248142
-964.4229132946
-964.4228917386
-964.4229629502
-964.4229931909
-964.4230138562
-964.4230343789
-964.4230146213
-964.4229658419
-964.4228905866
-964.4229586585
-964.4229411757
-964.4230007594
-964.4230193389
-964.4229842367
-964.4229309303
-964.4230308062
-964.4228980944
-964.4230199250
-964.4229515684
-964.4229741482
-964.4229545157
-964.4229084220
-964.4229861325
-964.4229368194
-964.4230282192
-964.4229673352
-964.4229685958
-964.4230156183
-964.4230120511
-964.4228843998
-964.4229495217
-964.4229399665
-964.4229488981
-964.4227446401
-964.4229556419
-964.4229803189
-964.4228814525
-964.4229780886
-964.4229131885
-964.4230025352
-964.4229936782
-964.4229440948
-964.4229423609
-964.4228885021
-964.4230132966
-964.4229911164
-964.4228337322
-964.4230116634
-964.4230021541
-964.4229044635
-964.4229960661
-964.4230239132
-964.4229826166
-964.4230202981
-964.4229668521
-964.4229011458
-964.4229482529
-964.4230425917
-964.4229652274
-964.4229561147
-964.4229071261
-964.4229182918
-964.4229832815
-964.4229488573
-964.4229874655
-964.4228466028
-964.4229966739
-964.4230109835
-964.4229736282
-964.4229061507
-964.4229223124
-964.4229623102
-964.4228735347
-964.4229248092
-964.4229644414
-964.4230118913
-964.4228087408
-964.4230137495
-964.4227906807
-964.4229322903
-964.4228779301
-964.4230081773
-964.4230110698
-964.4229601512
-964.4229817207
-964.4229802232
-964.4230255241
-964.4230328277
-964.4229822153
-964.4229177899
-964.4229902880
-964.4229292415
-964.4229705531
-964.4229634696
-964.4229607869
-964.4229831984
-964.4229207326
-964.4229819375
-964.4229485346
-964.4228632642
-964.4228996785
-964.4229257370
-964.4228987761
-964.4229286825
-964.4230331378
-964.4229964999
-964.4230179087
-964.4229081707
-964.4229430198
-964.4230103045
-964.4230336891
-964.4230155839
-964.4229103383
-964.4229282345
-964.4229700920
-964.4230382553
-964.4229234345
-964.4229685062
-964.4228827655
-964.4229361487
-964.4228678636
-964.4229752655
-964.4229060048
