-964.4130965168
-964.4142942155
-964.4129396100
-964.4174597961
-964.4161864484
-964.4095550708
-964.4086785170
-964.4168908683
-964.4100763259
-964.4250420547
-964.4253361615
-964.4252638208
-964.4254119965
-964.4255169370
-964.4253751842
-964.4253622833
-964.4253085849
-964.4254644660
-964.4256605209
-964.4254340556
-964.4254356689
-964.4252381782
-964.4251803516
-964.4254351599
-964.4251759745
-964.4251185588
-964.4254478608
-964.4256320106
-964.4257408748
-964.4257464175
-964.4257432802
-964.4257268263
-964.4257398640
-964.4257340922
-964.4257350300
-964.4257398355
-964.4257482998
-964.4257445793
-964.4257485901
-964.4257513601
-964.4257404418
-964.4257459925
-964.4257491781
-964.4257440873
-964.4257550997
-964.4257319112
-964.4257375132
-964.4257341899
-964.4257428739
-964.4257452639
-964.4257543456
-964.4257453437
-964.4254753619
-964.4253836985
-964.4253366564
-964.4251811840
-964.4252718346
-964.4255690590
-964.4254815941
-964.4255073673
-964.4249557577
-964.4250905771
-964.4254917668
-964.4255804803
-964.4251217039
-964.4255182733
-964.4253938861
-964.4251093052
-964.4257488536
-964.4257409446
-964.4257397899
-964.4257423048
-964.4257423802
-964.4257311268
-964.4257496755
-964.4257298681
-964.4257331459
-964.4257447700
-964.4257438749
-964.4257445898
-964.4257253247
-964.4257349650
-964.4257485661
-964.4257384277
-964.4257438284
-964.4257405661
-964.4257508606
-964.4257354959
-964.4257465802
-964.4254306667
-964.4255522685
-964.4252878417
-964.4253441877
-964.4254495047
-964.4250191952
-964.4254965479
-964.4252442756
-964.4254203852
-964.4253043299
-964.4254442576
-964.4250146957
-964.4254192135
-964.4253827287
-964.4252942506
-964.4253864283
-964.4253682830
-964.4252938581
-964.4257566123
-964.4253519415
-964.4250421663
-964.4253627272
-964.4252914801
-964.4252651025
-964.4254215045
-964.4250236177
-964.4252877504
-964.4251290643
-964.4253708163
-964.4254239257
-964.4253861027
-964.4253532364
-964.4254068403
-964.4255380919
-964.4255862222
-964.4255982597
-964.4254743161
-964.4254112966
-964.4254622005
-964.4252101502
-964.4253420577
-964.4253178491
-964.4252503343
-964.4252519274
-964.4253901262
-964.4253913212
-964.4252788166
-964.4252214911
-964.4250253481
-964.4255169899
-964.4253443327
-964.4252571265
-964.4252344861
-964.4252804701
-964.4252210400
-964.4255002685
-964.4254259598
-964.4252322857
-964.4255969377
-964.4253959043
-964.4254347656
-964.4252233744
-964.4248100579
-964.4253870485
-964.4250851687
-964.4255104473
-964.4253838784
-964.4255662101
-964.4253460650
-964.4254404256
-964.4255451210
-964.4254704838
-964.4255723655
-964.4251745107
-964.4253713751
-964.4254532437
-964.4253483002
-964.4250576725
-964.4254915006
-964.4255263580
-964.4255101220
-964.4254228314
-964.4253286219
-964.4254597909
-964.4252077332
-964.4252952063
-964.4252995684
-964.4253347843
-964.4250299046
-964.4253120811
-964.4254811288
-964.4253483681
-964.4253147566
-964.4253534678
-964.4253350547
-964.4251270779
-964.4255873852
-964.4254570797
-964.4251383313
-964.4249643487
-964.4257565914
-964.4250745023
-964.4254077763
-964.4252105643
-964.4253423643
-964.4254385149
-964.4253574238
-964.4253198523
-964.4254165138
-964.4254584345
-964.4252863261
-964.4256281467
-964.4253876420
-964.4257563475
-964.4252596569
-964.4251839258
-964.4255212520
-964.4252166494
-964.4254827605
-964.4255033522
-964.4257562254
-964.4254012755
-964.4253404477
-964.4253110540
-964.4257552957
-964.4255145736
-964.4253053603
-964.4251881239
-964.4251660205
-964.4251983683
-964.4254441847
-964.4250453228
-964.4248266743
-964.4253435450
-964.4252618377
-964.4253224651
-964.4253399424
-964.4252302354
-964.4254591446
-964.4252815189
-964.4255745202
-964.4254371737
-964.4254961300
-964.4252348734
-964.4252750068
-964.4252494331
-964.4254590030
-964.4254920661
-964.4254661833
-964.4252782766
-964.4249770411
-964.4254194420
-964.4254604341
-964.4257574237
-964.4252402181
-964.4254422886
-964.4253383022
-964.4254664361
-964.4252416551
-964.4251707897
-964.4255204930
-964.4257564587
-964.4255031711
-964.4252528755
-964.4255220964
-964.4254841721
-964.4251904930
-964.4257575247
-964.4252284425
-964.4252016602
-964.4254117401
-964.4254712289
-964.4250771131
-964.4255033644
-964.4252781101
-964.4249415697
-964.4255633536
-964.4255665662
-964.4251249408
-964.4254936174
-964.4255391200
-964.4253021891
-964.4252544384
-964.4252867068
-964.4253241909
-964.4255072370
-964.4254703547
-964.4255556737
-964.4254441715
-964.4253947913
-964.4252813395
-964.4250761445
-964.4253284729
-964.4256614240
-964.4255364569
-964.4254305876
-964.4253500737
-964.4254043806
-964.4251767775
-964.4252808120
-964.4251556182
-964.4251535473
-964.4249627653
-964.4252475525
-964.4253378670
-964.4252795470
-964.4252869868
-964.4251910483
-964.4252116343
-964.4249180541
-964.4253363008
-964.4253446479
-964.4254338487
-964.4253700692
-964.4253903358
-964.4249718595
-964.4252651703
-964.4253468316
-964.4254918634
-964.4252828954
-964.4250171104
-964.4255691713
-964.4252289143
-964.4255616218
-964.4257561719
-964.4254216855
-964.4255405650
-964.4251883218
-964.4254095761
-964.4254344894
-964.4252724700
-964.4254556839
-964.4255091106
-964.4251115047
-964.4255429391
-964.4253892847
-964.4254911065
-964.4253887383
-964.4253179935
-964.4251506265
-964.4252908222
-964.4252590254
-964.4251093475
-964.4254584757
-964.4251832542
-964.4253837835
-964.4257565604
-964.4255544681
-964.4251417854
-964.4253104485
-964.4255645843
-964.4253846252
-964.4255033807
-964.4252917687
-964.4257570092
-964.4254875527
-964.4255516988
-964.4252868795
-964.4252411429
-964.4251032664
-964.4254535832
-964.4253658032
-964.4254193662
-964.4253403261
-964.4254429613
-964.4256452892
-964.4254963573
-964.4256635391
-964.4254846027
-964.4254989777
-964.4254306128
-964.4253696083
-964.4251558744
-964.4253398621
-964.4254658678
-964.4256171974
-964.4250164652
-964.4254553135
-964.4252747745
-964.4252814483
-964.4253624430
-964.4249575027
-964.4251959229
-964.4253006147
-964.4249651529
-964.4253700813
-964.4254784962
-964.4250110081
-964.4254920661
-964.4252918034
-964.4255176386
-964.4251418067
-964.4253741819
-964.4251787617
-964.4253256727
-964.4253802468
-964.4252793843
-964.4254454990
-964.4252601786
-964.4255734822
-964.4252794459
-964.4252992242
-964.4255727857
-964.4250789044
-964.4254032432
-964.4252503021
-964.4252476527
-964.4253144972
-964.4254106074
-964.4249683582
-964.4252679426
-964.4253962715
-964.4253544838
-964.4253948646
-964.4252668723
-964.4252103999
-964.4250674995
-964.4253958345
-964.4252600684
-964.4251895223
-964.4252143023
-964.4252510330
-964.4252890158
-964.4254918102
-964.4253321757
-964.4254613599
-964.4252541955
-964.4257576690
-964.4254148167
-964.4248991026
-964.4250835641
-964.4253899666
-964.4251210573
-964.4256340062
-964.4252121877
-964.4253830022
-964.4255135121
-964.4254683890
-964.4252821731
-964.4249543204
-964.4254762631
-964.4253841320
-964.4254000565
-964.4252648301
-964.4253866562
-964.4254105700
-964.4252115536
-964.4254775099
-964.4252814932
-964.4252708152
-964.4251289262
-964.4254506046
-964.4253446113
-964.4254062098
-964.4252570074
-964.4253148341
-964.4252271801
-964.4252292863
-964.4256039105
-964.4253362076
-964.4252495058
-964.4253768449
-964.4256055163
-964.4254755977
-964.4253463550
-964.4253759362
-964.4256105195
-964.4253785887
-964.4253258812
-964.4251233388
-964.4253947672
-964.4254235421
-964.4253487938
-964.4253047214
-964.4253534133
-964.4253195281
-964.4250530746
-964.4253116398
-964.4253846459
-964.4254448555
-964.4252154268
-964.4255999469
-964.4255359571
-964.4252561673
-964.4253797228
-964.4256399526
-964.4251355840
-964.4253109214
-964.4254556653
-964.4250324388
-964.4253531672
-964.4253538481
-964.4252190692
-964.4255587773
-964.4252639301
-964.4254376034
-964.4251223969
-964.4254501777
-964.4252023010
-964.4252515313
-964.4253277332
-964.4255115889
-964.4254278275
-964.4252374141
-964.4250422703
-964.4252132637
-964.4251452707
-964.4252478834
-964.4257581480
-964.4255102256
-964.4254116308
-964.4252613209
-964.4251588269
-964.4253598849
-964.4253350177
-964.4252280778
-964.4253141415
-964.4250399470
-964.4252596604
-964.4254799232
-964.4253384330
-964.4254354780
-964.4252007774
-964.4256127732
-964.4253378403
-964.4254982250
-964.4252659942
-964.4249841069
-964.4254814702
-964.4249332043
-964.4254500750
-964.4252450016
-964.4255477383
-964.4253504512
-964.4249204143
-964.4253740732
-964.4254678775
-964.4257575186
-964.4252940342
-964.4254275607
-964.4256069961
-964.4255029801
-964.4251795531
-964.4254008146
-964.4253778736
-964.4255334156
-964.4252724857
-964.4253831785
-964.4251799036
-964.4252435346
-964.4251227803
-964.4254594072
-964.4253372781
-964.4252895564
-964.4253762883
-964.4254916673
-964.4249505750
-964.4254839793
-964.4253375565
-964.4253354544
-964.4254551079
-964.4253070856
-964.4257561816
-964.4252960793
-964.4253239074
-964.4252678951
-964.4253569720
-964.4250539762
-964.4253316071
-964.4253701544
-964.4253134702
-964.4251761293
-964.4251655027
-964.4254341411
-964.4255631813
-964.4253717190
-964.4252501204
-964.4253579192
-964.4252746591
-964.4254916874
-964.4255133680
-964.4251376623
-964.4253403892
-964.4251345005
-964.4249867951
-964.4252071647
-964.4252258964
-964.4253897520
-964.4253236773
-964.4254467007
-964.4252243905
-964.4255343882
-964.4255652213
-964.4251787480
-964.4253385184
-964.4254677908
-964.4247375609
-964.4249430398
-964.4254985067
-964.4253159748
-964.4254453899
-964.4250280202
-964.4253482715
-964.4254018462
-964.4252498978
-964.4253745526
-964.4251740791
-964.4252749186
-964.4252117682
-964.4251222652
-964.4251268370
-964.4251632416
-964.4257579545
-964.4255150728
-964.4253515160
-964.4252364375
-964.4255354492
-964.4254125058
-964.4254780133
-964.4255570700
-964.4254159462
-964.4253050262
-964.4255553695
-964.4252952439
-964.4253372862
-964.4255986534
-964.4253703176
-964.4252213977
-964.4256653737
-964.4252717681
-964.4250174928
-964.4254936916
-964.4254044688
-964.4248714356
-964.4252490826
-964.4251577950
-964.4252703851
-964.4252608263
-964.4255633894
-964.4254250309
-964.4253658833
-964.4252884197
-964.4250925482
-964.4254587466
-964.4254771073
-964.4251877690
-964.4253229936
-964.4251109463
-964.4252489090
-964.4253291122
-964.4251355294
-964.4254295223
-964.4253587518
-964.4254306617
-964.4254173298
-964.4253730377
-964.4252096808
-964.4253837557
-964.4253898959
-964.4256375341
-964.4251664833
-964.4250184964
-964.4254919453
-964.4255219395
-964.4254966629
-964.4253495235
-964.4254696450
-964.4250915288
-964.4250324008
-964.4254003064
-964.4256234444
-964.4251335965
-964.4251790555
-964.4253992570
-964.4257563447
-964.4254279267
-964.4252337677
-964.4253786206
-964.4250936295
-964.4252817108
-964.4250560272
-964.4252999628
-964.4254549670
-964.4253902634
-964.4251566974
-964.4252764136
-964.4254455220
-964.4255326401
-964.4252307029
-964.4254506935
-964.4253377100
-964.4253153191
-964.4255546379
-964.4254121532
-964.4252198568
-964.4255559581
-964.4256913395
-964.4254698953
-964.4254466420
-964.4254140133
-964.4252525899
-964.4254715287
-964.4253176823
-964.4250922577
-964.4254069012
-964.4253897460
-964.4251959481
-964.4252081685
-964.4254874937
-964.4255729389
-964.4254657423
-964.4254347878
-964.4254151740
-964.4251779569
-964.4250065943
-964.4253684533
-964.4255024945
-964.4251709066
-964.4253623620
-964.4252926145
-964.4253190865
-964.4252982659
-964.4254398407
-964.4253017265
-964.4254782964
-964.4253678889
-964.4252883802
-964.4252652108
-964.4254232089
-964.4253079517
-964.4254597713
-964.4251270793
-964.4252989029
-964.4255654591
-964.4251350891
-964.4251951846
-964.4254635537
-964.4252940313
-964.4252561340
-964.4251594093
-964.4249952343
-964.4254068237
-964.4249984543
-964.4255223257
-964.4252838703
-964.4252756199
-964.4254596598
-964.4253586068
-964.4254470000
-964.4253898655
-964.4251903896
-964.4257635723
-964.4254971255
-964.4253398224
-964.4250598554
-964.4252888717
-964.4254241082
-964.4257555835
-964.4253294899
-964.4254751605
-964.4254176787
-964.4251320011
-964.4254160531
-964.4253890668
-964.4251318370
-964.4253876746
-964.4255537340
-964.4252898079
-964.4251881627
-964.4251870123
-964.4254594861
-964.4254655355
-964.4254984884
-964.4253523342
-964.4254841796
-964.4252701286
-964.4253174165
-964.4254147362
-964.4255204746
-964.4250359864
-964.4253410556
-964.4252332733
-964.4257572509
-964.4255136004
-964.4253170636
-964.4252735354
-964.4252488816
-964.4251406859
-964.4250533237
-964.4254716055
-964.4254063803
-964.4252800366
-964.4252357147
-964.4255061584
-964.4252016023
-964.4257571121
-964.4251203809
-964.4252413995
-964.4253623152
-964.4252598238
-964.4251859759
-964.4255377445
-964.4254012786
-964.4254360713
-964.4253224838
-964.4253885018
-964.4254290489
-964.4251462427
-964.4254761389
-964.4255573243
-964.4254228800
-964.4252072290
-964.4253151383
-964.4253270259
-964.4251992003
-964.4253418064
-964.4254370541
-964.4257561917
-964.4249801428
-964.4256146037
-964.4254434185
-964.4251691237
-964.4254402841
-964.4252035152
-964.4253382134
-964.4254549605
-964.4249897632
-964.4252056199
-964.4252772832
-964.4253482636
-964.4252659339
-964.4254160298
-964.4253594807
-964.4250732462
-964.4252412501
-964.4254138033
-964.4252218487
-964.4254426202
-964.4253928830
-964.4253210893
-964.4251326516
-964.4250809694
-964.4250654011
-964.4253781512
-964.4256771486
-964.4253782202
-964.4254660422
-964.4255131961
-964.4252912456
-964.4255656919
-964.4254992245
-964.4256264356
-964.4251980115
-964.4254031704
-964.4252370049
-964.4253267528
-964.4250400895
-964.4254077375
-964.4253734142
-964.4254317967
-964.4253171783
-964.4253791133
-964.4252396993
-964.4250264550
-964.4253721688
-964.4252341510
-964.4253943035
-964.4253228051
-964.4254587248
-964.4253897510
-964.4252788571
-964.4252725835
-964.4256156639
-964.4257564981
-964.4254370735
-964.4253774949
-964.4252593460
-964.4254897672
-964.4250901265
-964.4253772068
-964.4251595314
-964.4251808349
-964.4250077895
-964.4252643293
-964.4255755571
-964.4253675962
-964.4254700659
-964.4250378369
-964.4250821841
-964.4250110397
-964.4253106277
-964.4252592414
-964.4253962222
-964.4251941942
-964.4254200418
-964.4254372693
-964.4253852389
-964.4254653080
-964.4250863739
-964.4252107862
-964.4254530784
-964.4253450411
-964.4252646257
-964.4254015730
-964.4253767886
-964.4255181318
-964.4252248894
-964.4256288499
-964.4253035021
-964.4248985486
-964.4256651856
-964.4255209170
-964.4254538897
-964.4255071206
-964.4254659152
-964.4250878042
-964.4248766041
-964.4253423781
-964.4255579551
-964.4254559896
-964.4255315731
-964.4253790500
-964.4253406493
-964.4255815346
-964.4255623925
-964.4253987724
-964.4252516621
-964.4253065151
-964.4252804442
-964.4254390859
-964.4254411996
-964.4251434792
-964.4257553009
-964.4254173789
-964.4253479661
-964.4252460708
-964.4253029118
-964.4253324717
-964.4254493026
-964.4253154270
-964.4251405729
-964.4254830481
-964.4252290718
-964.4254662037
-964.4254283643
-964.4257574033
-964.4253778713
-964.4255050637
-964.4254172963
-964.4253639065
-964.4253592151
-964.4255452064
-964.4252919727
-964.4254027603
-964.4253523862
-964.4253266821
-964.4251768198
-964.4254187459
-964.4254040227
-964.4255319726
-964.4253626627
-964.4253634670
-964.4254294989
-964.4251452895
-964.4252673533
-964.4252227911
-964.4253827426
-964.4254550746
-964.4251578384
-964.4255002409
-964.4257574589
-964.4252600867
-964.4254992368
-964.4252902300
-964.4253040097
-964.4254159154
-964.4253001658
-964.4253886671
-964.4253063376
-964.4255742480
-964.4254643427
-964.4252215004
-964.4252361020
-964.4254381750
-964.4252601595
-964.4248990652
-964.4253767212
-964.4254335094
-964.4253665702
-964.4253643944
-964.4251611513
-964.4252687155
-964.4254496965
-964.4255726165
-964.4254760579
-964.4250869369
-964.4253571411
-964.4255858385
-964.4252691297
-964.4252817330
-964.4254163302
-964.4252135230
-964.4253284893
-964.4252912863
-964.4252939022
-964.4254452773
-964.4252598607
-964.4253969865
-964.4253881486
-964.4251093060
-964.4248738247
-964.4255536371
-964.4254058497
-964.4253417089
-964.4254142495
-964.4251979984
-964.4254737055
-964.4254220186
-964.4251246473
-964.4250347266
-964.4251157856
-964.4257577787
-964.4252407322
-964.4251284415
-964.4253542899
-964.4253835665
-964.4252590236
-964.4254398719
-964.4256471795
-964.4253303278
-964.4252811092
-964.4249447542
-964.4251759464
-964.4253092615
-964.4254340986
-964.4256316264
-964.4254792409
-964.4253354982
-964.4251630334
-964.4253062224
-964.4253777909
-964.4254007044
-964.4253448156
-964.4251861956
-964.4250474231
-964.4254636537
-964.4253625093
-964.4250724683
-964.4256559372
-964.4252896987
-964.4250847986
-964.4251629086
-964.4250019696
-964.4253185461
-964.4252474823
-964.4253076456
-964.4253981178
-964.4253400170
-964.4253304919
-964.4249548245
-964.4253951799
-964.4252501190
-964.4251982707
-964.4251488895
-964.4252951848
-964.4252181794
-964.4254042098
-964.4253818085
-964.4253730533
-964.4254715577
-964.4253668173
-964.4251515682
-964.4255784579
-964.4254816026
-964.4253838298
-964.4252454928
-964.4251965207
-964.4251357146
-964.4249726119
-964.4253199364
-964.4254628517
-964.4253361686
-964.4252839643
-964.4253761803
-964.4255582233
-964.4252548467
-964.4251882764
-964.4254786950
-964.4253329169
-964.4255114676
-964.4253042763
-964.4254104797
-964.4255816573
-964.4253967336
-964.4253134422
-964.4251209636
-964.4254072598
-964.4253562964
-964.4251787693
-964.4252139913
-964.4252397420
-964.4252931768
-964.4255674433
-964.4253282182
-964.4255156602
-964.4249976473
-964.4252964328
-964.4250902876
-964.4250790268
-964.4255002443
-964.4255066005
-964.4253452903
-964.4255687535
-964.4254237836
-964.4249990956
-964.4254668615
-964.4250908675
-964.4251540850
-964.4253470346
-964.4255553658
-964.4253747422
-964.4249510357
-964.4252308442
-964.4254166723
-964.4250393796
-964.4257568735
-964.4255208599
-964.4252611513
-964.4253520732
-964.4253102283
-964.4255104114
-964.4252939183
-964.4251242453
-964.4252302305
-964.4252901804
-964.4253868776
-964.4252303898
-964.4253791197
-964.4252686447
-964.4254618691
-964.4254072357
-964.4254747610
-964.4249099327
-964.4254838052
-964.4252847203
-964.4253769574
-964.4254229846
-964.4254779661
-964.4251932952
-964.4252869382
-964.4254882898
-964.4254261082
-964.4251464766
-964.4249155028
-964.4256681910
-964.4252738827
-964.4253860474
-964.4253207297
-964.4251544917
-964.4253208134
-964.4252361783
-964.4253812034
-964.4252424819
-964.4252118285
-964.4252323420
-964.4252557118
-964.4256351579
-964.4253010234
-964.4254045760
-964.4253651829
-964.4253600611
-964.4251970071
-964.4252238735
-964.4253087768
-964.4253225392
-964.4254681080
-964.4255918595
-964.4252874687
-964.4253792298
-964.4254642116
-964.4252321164
-964.4253815264
-964.4251261864
-964.4255090561
-964.4254168160
-964.4252698369
-964.4253494461
-964.4257564657
-964.4252178163
-964.4253534206
-964.4252167964
-964.4253083121
-964.4254516655
-964.4254515003
-964.4253341652
-964.4254219539
-964.4257560126
-964.4252138944
-964.4251992018
-964.4251877533
-964.4253158683
-964.4251589306
-964.4253913168
-964.4253677796
-964.4255232539
-964.4254366883
-964.4252716386
-964.4254951741
-964.4254953152
-964.4252297586
-964.4255193891
-964.4253963824
-964.4254390851
-964.4252738920
-964.4255498887
-964.4255381846
-964.4251593904
-964.4254111965
-964.4254151674
-964.4254517529
-964.4251330373
-964.4252008986
-964.4253571965
-964.4253991681
-964.4253593749
-964.4251412414
-964.4253323814
-964.4252601583
-964.4252465210
-964.4253602998
-964.4252448914
-964.4253317961
-964.4253744099
-964.4255957328
-964.4253438780
-964.4252956111
-964.4255065292
-964.4254200836
-964.4249912814
-964.4254420188
-964.4250012747
-964.4253238352
-964.4252019229
-964.4252871654
-964.4253008969
-964.4253066579
-964.4253367216
-964.4250660312
-964.4250252869
-964.4251877114
-964.4254368261
-964.4257561105
-964.4255408462
-964.4253470969
-964.4253791032
-964.4255369960
-964.4255260321
-964.4254473197
-964.4252185056
-964.4255242181
-964.4251015012
-964.4254055785
-964.4253165757
-964.4249839812
-964.4251588887
-964.4252131981
-964.4254391075
-964.4255955301
-964.4252265127
-964.4254237485
-964.4251571294
-964.4252577343
-964.4253820231
-964.4252574415
-964.4250838760
-964.4255592239
-964.4254157185
-964.4254397875
-964.4252390457
-964.4255525798
-964.4253691364
-964.4253101639
-964.4251831853
-964.4255916813
-964.4253995818
-964.4252680301
-964.4253423027
-964.4249170196
-964.4255257766
-964.4253582501
-964.4255417590
-964.4254303825
-964.4250124467
-964.4251136706
-964.4253650787
-964.4255143078
-964.4250720176
-964.4254684783
-964.4254852198
-964.4251693220
-964.4254588191
-964.4254987211
-964.4252079407
-964.4254364324
-964.4253688734
-964.4255675031
-964.4252087801
-964.4253295835
-964.4251836001
-964.4251806106
-964.4251897362
-964.4253507547
-964.4254135153
-964.4249657148
-964.4252632518
-964.4252804044
-964.4253903942
-964.4256048887
-964.4254723462
-964.4253832050
-964.4252010454
-964.4254832276
-964.4253177792
-964.4254370961
-964.4252984181
-964.4251990481
-964.4250911057
-964.4250543967
-964.4254197866
-964.4252796241
-964.4251954033
-964.4254859165
-964.4251335716
-964.4253487192
-964.4253920832
-964.4254226092
-964.4253704466
-964.4253019532
-964.4253962688
-964.4254794529
-964.4252897640
-964.4254433686
-964.4251223171
-964.4253155673
-964.4255097445
-964.4252977485
-964.4257578706
-964.4249991662
-964.4252946585
-964.4257565378
-964.4251594847
-964.4252212320
-964.4254745820
-964.4254180771
-964.4255108968
-964.4254300417
-964.4250860413
-964.4250646339
-964.4252033344
-964.4252942826
-964.4252655750
-964.4255796114
-964.4254243801
-964.4252672343
-964.4251893351
-964.4251584745
-964.4250565104
-964.4256377902
-964.4257576631
-964.4255495739
-964.4255108469
-964.4254388676
-964.4255355214
-964.4253676999
-964.4253072183
-964.4253608080
-964.4254500879
-964.4254986634
-964.4257571955
-964.4252236336
-964.4254163124
-964.4252139989
-964.4255231776
-964.4253324461
-964.4254288590
-964.4255068502
-964.4251960389
-964.4255365873
-964.4250369708
-964.4254268423
-964.4252204381
-964.4253611415
-964.4254403070
-964.4253116475
-964.4248495516
-964.4251618000
-964.4254972231
-964.4254173327
-964.4253840046
-964.4254292407
-964.4254584478
-964.4253816031
-964.4251827397
-964.4253380503
-964.4251381358
-964.4252008661
-964.4255422080
-964.4251139570
-964.4252965823
-964.4257560099
-964.4253820476
-964.4253997729
-964.4251010008
-964.4252526087
-964.4253377511
-964.4253802896
-964.4253445111
-964.4252963848
-964.4254523059
-964.4253068959
-964.4251548084
-964.4250839976
-964.4254945442
-964.4252849058
-964.4249351005
-964.4252341501
-964.4252459631
-964.4253091866
-964.4255711594
-964.4255433513
-964.4253314434
-964.4252650733
-964.4257099756
-964.4253752898
-964.4252496918
-964.4254259533
-964.4254255224
-964.4254609696
-964.4255326208
-964.4252722289
-964.4255065092
-964.4252974242
-964.4257572161
-964.4251902591
-964.4253180244
-964.4254081842
-964.4253480571
-964.4251759221
-964.4255293381
-964.4254424902
-964.4252083621
-964.4253404337
-964.4252192902
-964.4252874681
-964.4252914048
-964.4253817842
-964.4254056679
-964.4254368315
-964.4247631941
-964.4253532820
-964.4250515172
-964.4254903390
-964.4250344198
-964.4253264304
-964.4251334705
-964.4253393305
-964.4255336128
-964.4251359856
-964.4253571583
-964.4253968911
-964.4251596320
-964.4252174647
-964.4255788832
-964.4253303866
-964.4252454446
-964.4253789427
-964.4252296834
-964.4253772325
-964.4253067742
-964.4254342274
-964.4254007884
-964.4253443551
-964.4253180606
-964.4252160779
-964.4251485467
-964.4254730120
-964.4255955283
-964.4253615974
-964.4254339058
-964.4254676841
-964.4256333143
-964.4254117197
-964.4253899659
-964.4254465942
-964.4254106350
-964.4252899282
-964.4251032596
-964.4252932120
-964.4254468641
-964.4253343794
-964.4249577585
-964.4254371802
-964.4247652010
-964.4254253528
-964.4256016523
-964.4252762350
-964.4255517308
-964.4252945716
-964.4253435340
-964.4254590854
-964.4254010952
-964.4255726745
-964.4254038082
-964.4249934217
-964.4254462512
-964.4253378946
-964.4254246775
-964.4249265997
-964.4250755982
-964.4253657072
-964.4251332546
-964.4252533439
-964.4253662921
-964.4251873986
-964.4253144732
-964.4252798868
-964.4254484128
-964.4254110651
-964.4253385168
-964.4253571437
-964.4254943609
-964.4254023238
-964.4253372800
-964.4253285640
-964.4251562429
-964.4253244566
-964.4253711114
-964.4253407025
-964.4254414521
-964.4252861137
-964.4253256199
-964.4253464573
-964.4252666464
-964.4251833612
-964.4254715211
-964.4253395413
-964.4253579330
-964.4252535422
-964.4252439536
-964.4254666266
-964.4251641268
-964.4252189565
-964.4251762624
-964.4252254776
-964.4252658909
-964.4252967981
-964.4253440459
-964.4253296087
-964.4253941261
-964.4255401816
-964.4251017857
-964.4253554872
-964.4251218557
-964.4248753329
-964.4253029461
-964.4254579270
-964.4253790489
-964.4252902199
-964.4255258557
-964.4255304414
-964.4254714994
-964.4251530038
-964.4251738539
-964.4255033354
-964.4253164388
-964.4250943024
-964.4255694020
-964.4254027230
-964.4253697430
-964.4254636892
-964.4254627421
-964.4255700809
-964.4255279676
-964.4253267988
-964.4254449387
-964.4255422266
-964.4252239976
-964.4252922055
-964.4250615282
-964.4253182345
-964.4250832738
-964.4255353159
-964.4253236511
-964.4253510154
-964.4252237165
-964.4252735471
-964.4254721363
-964.4253374850
-964.4254419090
-964.4253627235
-964.4251232266
-964.4254344429
-964.4253291330
-964.4252190855
-964.4249768915
-964.4253673644
-964.4252605680
-964.4253408044
-964.4254943572
-964.4254163146
-964.4253391699
-964.4252541674
-964.4253798491
-964.4252868723
-964.4256515386
-964.4255660505
-964.4254521529
-964.4254579536
-964.4253036952
-964.4252545659
-964.4253046236
-964.4251415383
-964.4251393574
-964.4251303637
-964.4255531890
-964.4253390588
-964.4251873805
-964.4252996660
-964.4252929814
-964.4253999952
-964.4251151619
-964.4252884849
-964.4253490717
-964.4252069703
-964.4252596116
-964.4252073678
-964.4256186365
-964.4252775078
-964.4255981714
-964.4256518409
-964.4251018100
-964.4253238015
-964.4251975614
-964.4253127152
-964.4254560155
-964.4251899214
-964.4253703096
-964.4252175097
-964.4253270851
-964.4253345284
-964.4252975486
-964.4253226846
-964.4252057191
-964.4253094441
-964.4254857723
-964.4254434363
-964.4254701122
-964.4252688893
-964.4253173777
-964.4253705723
-964.4251925787
-964.4252812173
-964.4255814265
-964.4255188517
-964.4255425200
-964.4249519952
-964.4254323723
-964.4252368666
-964.4252607192
-964.4252831969
-964.4252303812
-964.4252389123
-964.4252598585
-964.4250904648
-964.4251220164
-964.4250757635
-964.4253546619
-964.4253459468
-964.4251491422
-964.4254060352
-964.4252294865
-964.4253641772
-964.4253572082
-964.4252691737
-964.4251041331
-964.4253191965
-964.4252814479
-964.4253654443
-964.4254973140
-964.4253579284
-964.4254421309
-964.4250354662
-964.4254909660
-964.4251031135
-964.4254920371
-964.4251346593
-964.4255638492
-964.4255046379
-964.4254314168
-964.4252158719
-964.4253412373
-964.4253366378
-964.4252170089
-964.4253838324
-964.4253448190
-964.4255411229
-964.4253038506
-964.4253109391
-964.4253967682
-964.4254677308
-964.4251283343
-964.4253911137
-964.4254005862
-964.4255049917
-964.4253274863
-964.4251482657
-964.4256273185
-964.4253628799
-964.4253044151
-964.4252658368
-964.4254966078
-964.4252320470
-964.4250782973
-964.4253074295
-964.4254691274
-964.4254738605
-964.4253509459
-964.4254205958
-964.4255358637
-964.4254510055
-964.4252524571
-964.4251512444
-964.4252588598
-964.4254664152
-964.4250964498
-964.4254048090
-964.4253512641
-964.4254309198
-964.4255284958
-964.4254733601
-964.4256070749
-964.4251071612
-964.4249438525
-964.4250799841
-964.4250334156
-964.4257563789
-964.4252809876
-964.4254938067
-964.4252358391
-964.4253456447
-964.4253047572
-964.4254937169
-964.4253418648
-964.4254309949
-964.4252067129
-964.4250832972
-964.4252217376
-964.4253261370
-964.4253343902
-964.4252541704
-964.4253067666
-964.4251315280
-964.4253309341
-964.4251217961
-964.4252267806
-964.4253257136
-964.4253873318
-964.4253029975
-964.4257572937
-964.4254739767
-964.4253145152
-964.4252520190
-964.4254465933
-964.4251571241
-964.4254962661
-964.4251941561
-964.4254818839
-964.4253996897
-964.4251015033
-964.4251708894
-964.4250555227
-964.4253341852
-964.4256539996
-964.4254291071
-964.4250098587
-964.4253940999
-964.4254407330
-964.4255167274
-964.4253306105
-964.4253939182
-964.4251595288
-964.4255774389
-964.4251469030
-964.4252825286
-964.4251720861
-964.4250191266
-964.4249879913
-964.4252033317
-964.4250746889
-964.4253573058
-964.4252065419
-964.4254906302
-964.4252283841
-964.4252165746
-964.4252161856
-964.4254900084
-964.4254061610
-964.4253895540
-964.4255754112
-964.4253435649
-964.4256016147
-964.4250996159
-964.4254808161
-964.4253293947
-964.4254058866
-964.4252065242
-964.4252996651
-964.4252991106
-964.4257569066
-964.4253089451
-964.4252008026
-964.4251003742
-964.4251488008
-964.4252632794
-964.4254756591
-964.4252403190
-964.4251684816
-964.4252295958
-964.4252665194
-964.4250420989
-964.4254781963
-964.4251590355
-964.4253017887
-964.4253037690
-964.4255056621
-964.4253470348
-964.4255727832
-964.4255188276
-964.4255086873
-964.4253192566
-964.4255468999
-964.4251937359
-964.4254868233
-964.4252007699
-964.4254951822
-964.4255155142
-964.4254958209
-964.4252572573
-964.4254283327
-964.4252653420
-964.4252229719
-964.4254485494
-964.4253270702
-964.4254598798
-964.4255324756
-964.4257565868
-964.4254157321
-964.4252758625
-964.4253278016
-964.4254285285
-964.4251443704
-964.4249362233
-964.4251879100
-964.4251578840
-964.4255363620
-964.4254051400
-964.4252309235
-964.4252909494
-964.4255058244
-964.4253726445
-964.4254967595
-964.4253777164
-964.4255733537
-964.4253336196
-964.4253309700
-964.4252521702
-964.4252619317
-964.4251701527
-964.4250985021
-964.4252923153
-964.4255342953
-964.4255114671
-964.4253690559
-964.4250882246
-964.4252071997
-964.4253700342
-964.4255325201
-964.4256212402
-964.4252789674
-964.4255826342
-964.4253494189
-964.4250856626
-964.4249458311
-964.4255248299
-964.4253231106
-964.4253947624
-964.4255897761
-964.4252567974
-964.4254500389
-964.4252455651
-964.4252235146
-964.4254473481
-964.4252600313
-964.4254191332
-964.4253390889
-964.4251998693
-964.4255667822
-964.4253589320
-964.4252999994
-964.4254439465
-964.4253565369
-964.4252083459
-964.4254018194
-964.4253777057
-964.4253243880
-964.4252885323
-964.4251467359
-964.4252109953
-964.4255124709
-964.4254833882
-964.4254436915
-964.4252438269
-964.4254361497
-964.4253597467
-964.4253785456
-964.4255079936
-964.4252238664
-964.4253961037
-964.4253620811
-964.4253717995
-964.4253528043
-964.4253687890
-964.4254414341
-964.4253585624
-964.4252052304
-964.4252519693
-964.4253252720
-964.4254968654
-964.4252480173
-964.4255625794
-964.4254223296
-964.4254321232
-964.4253153331
-964.4255160570
-964.4252535981
-964.4253749246
-964.4253036958
-964.4251515371
-964.4255909622
-964.4251735498
-964.4253864391
-964.4253991746
-964.4254835596
-964.4254006890
-964.4252694914
-964.4251842966
-964.4255205718
-964.4255610230
-964.4253705005
-964.4255422471
-964.4255475674
-964.4256395974
-964.4256372736
-964.4253465439
-964.4250960212
-964.4252006143
-964.4252898026
-964.4252998380
-964.4254107806
-964.4254187780
-964.4254119795
-964.4254813980
-964.4254819113
-964.4254483533
-964.4254865611
-964.4252441485
-964.4252121493
-964.4251811137
-964.4254550660
-964.4254880625
-964.4254461273
-964.4253794990
-964.4253743384
-964.4252278905
-964.4254274986
-964.4250340264
-964.4253704489
-964.4254204581
-964.4251900798
-964.4249974795
-964.4255081287
-964.4253799290
-964.4250907675
-964.4253240573
-964.4253040873
-964.4252263012
-964.4253396038
-964.4250986302
-964.4250618537
-964.4257569557
-964.4251838285
-964.4254340340
-964.4253819947
-964.4247030553
-964.4254443245
-964.4253862062
-964.4256663715
-964.4254085960
-964.4253679168
-964.4253574241
-964.4253617430
-964.4251286611
-964.4252408737
-964.4254406404
-964.4253387353
-964.4253969338
-964.4252983602
-964.4254063336
-964.4254416525
-964.4254370561
-964.4253854463
-964.4252932254
-964.4253774129
-964.4252386844
-964.4257568127
-964.4252380049
-964.4253022036
-964.4252686513
-964.4254525220
-964.4255159892
-964.4251293629
-964.4252423941
-964.4255488226
-964.4257562095
-964.4253837237
-964.4250479209
-964.4252529618
-964.4252694241
-964.4254792169
-964.4255146234
-964.4255403040
-964.4254190234
-964.4250833838
-964.4255919000
-964.4252184048
-964.4252032682
-964.4255152609
-964.4253235785
-964.4252873975
-964.4254229863
-964.4253071129
-964.4253427757
-964.4251783632
-964.4255286462
-964.4253393979
-964.4252670673
-964.4254048077
-964.4252757225
-964.4252786811
-964.4252402612
-964.4257085578
-964.4252796216
-964.4251216760
-964.4253696166
-964.4254871170
-964.4253742313
-964.4253612627
-964.4253497279
-964.4257568772
-964.4250309163
-964.4252725455
-964.4253557302
-964.4251435649
-964.4251387636
-964.4252815606
-964.4253452920
-964.4254079850
-964.4255239716
-964.4251522923
-964.4251390974
-964.4253513848
-964.4253466232
-964.4253927518
-964.4254966738
-964.4256212166
-964.4255381118
-964.4255691149
-964.4253279500
-964.4252559659
-964.4253168902
-964.4248805159
-964.4252074576
-964.4251802508
-964.4251423649
-964.4255591003
-964.4252018994
-964.4252695739
-964.4253309850
-964.4254704430
-964.4253627921
-964.4256061143
-964.4252889314
-964.4257564333
-964.4251569441
-964.4252846499
-964.4253013133
-964.4252769467
-964.4253818768
-964.4254192464
-964.4250731114
-964.4254541760
-964.4253239361
-964.4254152778
-964.4250026023
-964.4253041463
-964.4254481857
-964.4255511352
-964.4253210138
-964.4255008584
-964.4252532339
-964.4252257901
-964.4254983070
-964.4256148903
-964.4252109558
-964.4253336397
-964.4252545939
-964.4253753361
-964.4253898311
-964.4253657872
-964.4253200354
-964.4254782782
-964.4254096807
-964.4253591262
-964.4253350933
-964.4254483018
-964.4252108063
-964.4253549761
-964.4253766873
-964.4257570102
-964.4252058215
-964.4252300510
-964.4252350055
-964.4252665076
-964.4255403678
-964.4251601246
-964.4253319869
-964.4253192270
-964.4250181374
-964.4251525551
-964.4252611454
-964.4253471080
-964.4255498448
-964.4250485062
-964.4251200680
-964.4254367689
-964.4253202461
-964.4255903903
-964.4250238911
-964.4252648228
-964.4251069879
-964.4255017123
-964.4254531355
-964.4257568289
-964.4252674035
-964.4253171006
-964.4254361577
-964.4250534571
-964.4252434206
-964.4255027466
-964.4253323749
-964.4252099586
-964.4252108389
-964.4253175066
-964.4256263282
-964.4254886990
-964.4253174305
-964.4255431465
-964.4251782007
-964.4253244969
-964.4255502498
-964.4252321114
-964.4254877428
-964.4253732787
-964.4253430292
-964.4255725640
-964.4254224735
-964.4252456085
-964.4252648940
-964.4253717621
-964.4251908279
-964.4253873311
-964.4255984529
-964.4254225906
-964.4254788422
-964.4249157728
-964.4253808961
-964.4254789731
-964.4254444135
-964.4252139493
-964.4252056832
-964.4250890713
-964.4254878299
-964.4253367512
-964.4253546487
-964.4252437001
-964.4252094891
-964.4255579245
-964.4253972150
-964.4252682652
-964.4254313333
-964.4253791812
-964.4252983219
-964.4254343739
-964.4254344371
-964.4253464321
-964.4254723244
-964.4252213041
-964.4253151576
-964.4252711064
-964.4250745142
-964.4252695032
-964.4255624052
-964.4252394049
-964.4252907012
-964.4254037526
-964.4253792286
-964.4256890255
-964.4251915254
-964.4253365034
-964.4250587580
-964.4255026449
-964.4254471513
-964.4250195823
-964.4254530410
-964.4251209553
-964.4251457029
-964.4253743714
-964.4250801119
-964.4254387429
-964.4253432780
-964.4250439194
-964.4252807113
-964.4252399103
-964.4252901230
-964.4256814426
-964.4252408526
-964.4251370450
-964.4254453961
-964.4251996665
-964.4252753611
-964.4249914617
-964.4252442828
-964.4254693698
-964.4254528148
-964.4252958984
-964.4253863064
-964.4252117723
-964.4254241012
-964.4254023940
-964.4251695000
-964.4254906180
-964.4255830490
-964.4250229977
-964.4253464417
-964.4252279580
-964.4254139170
-964.4253459306
-964.4253858279
-964.4255673045
-964.4254066305
-964.4255745204
-964.4254811506
-964.4251907404
-964.4253670491
-964.4253238834
-964.4256298019
-964.4253556655
-964.4253354563
-964.4252224878
-964.4249866040
-964.4251892047
-964.4251909391
-964.4253648186
-964.4254225270
-964.4253364955
-964.4254025048
-964.4254379752
-964.4254554799
-964.4253551951
-964.4254783377
-964.4251520128
-964.4252243130
-964.4254830896
-964.4254424734
-964.4253472307
-964.4254278773
-964.4252569822
-964.4253393318
-964.4256090145
-964.4253923657
-964.4252501545
-964.4252353818
-964.4252594350
-964.4248517882
-964.4250562153
-964.4252863904
-964.4249814754
-964.4253906027
-964.4252095174
-964.4253321629
-964.4252939412
-964.4254557016
-964.4251417870
-964.4252154751
-964.4253707704
-964.4252388675
-964.4253121011
-964.4253713356
-964.4251996463
-964.4255321473
-964.4252545916
-964.4254181134
-964.4252510801
-964.4254065265
-964.4252728953
-964.4250670743
-964.4253506086
-964.4253180119
-964.4253216069
-964.4254970137
-964.4251668261
-964.4252276941
-964.4255508951
-964.4254322159
-964.4252427578
-964.4249475605
-964.4251377877
-964.4252139643
-964.4250882806
-964.4253688017
-964.4255148324
-964.4253830902
-964.4252665134
-964.4254585025
-964.4252579200
-964.4254453209
-964.4252672172
-964.4255203394
-964.4254535403
-964.4252493780
-964.4253987415
-964.4253359413
-964.4256345012
-964.4254124111
-964.4253665058
-964.4254610478
-964.4255407792
-964.4253401794
-964.4250041722
-964.4251516948
-964.4250080044
-964.4253647377
-964.4255919545
-964.4255081844
-964.4250122243
-964.4250081927
-964.4253640644
-964.4254419841
-964.4254540861
-964.4256362593
-964.4253552338
-964.4255025742
-964.4253549227
-964.4251255587
-964.4250313775
-964.4252099309
-964.4257554377
-964.4254829749
-964.4251259209
-964.4252102762
-964.4252558352
-964.4253349413
-964.4251826190
-964.4254739074
-964.4250758323
-964.4251812724
-964.4250917380
-964.4254947178
-964.4251740160
-964.4251946409
-964.4255424528
-964.4252005926
-964.4251520054
-964.4254103911
-964.4255131777
-964.4256290742
-964.4254701041
-964.4253112005
-964.4254477054
-964.4252904842
-964.4249327896
-964.4253076347
-964.4251121497
-964.4250897485
-964.4252636051
-964.4252145052
-964.4255614645
-964.4251593873
-964.4256195491
-964.4251400718
-964.4254644352
-964.4254549302
-964.4257570170
-964.4253045292
-964.4252777850
-964.4253684082
-964.4251294777
-964.4254673173
-964.4251745184
-964.4253645657
-964.4254816276
-964.4252985301
-964.4254802411
-964.4255913343
-964.4250039255
-964.4253107466
-964.4254250280
-964.4253063004
-964.4252709449
-964.4253403314
-964.4252998877
-964.4252512364
-964.4254724056
-964.4255264971
-964.4252504607
-964.4251183576
-964.4253929861
-964.4254982441
-964.4253683631
-964.4251556478
-964.4253012041
-964.4252744921
-964.4253432212
-964.4253218029
-964.4254463914
-964.4255769352
-964.4254240426
-964.4252884522
-964.4253870586
-964.4255014380
-964.4253937436
-964.4252347010
-964.4253928533
-964.4253752288
-964.4256127853
-964.4253483382
-964.4252344183
-964.4253810108
-964.4254086505
-964.4253372092
-964.4251830646
-964.4252107073
-964.4253863677
-964.4252476123
-964.4255622722
-964.4252473160
-964.4253665139
-964.4253694117
-964.4251081106
-964.4251633712
-964.4253781172
-964.4254233881
-964.4252643293
-964.4253034080
-964.4253130700
-964.4251612267
-964.4254589606
-964.4252979884
-964.4252428205
-964.4256111807
-964.4253832521
-964.4252748146
-964.4252709649
-964.4254222350
-964.4254091557
-964.4253253685
-964.4254841979
-964.4252058154
-964.4252627835
-964.4252762700
-964.4255917660
-964.4257110668
-964.4252822427
-964.4253327220
-964.4254777099
-964.4253222896
-964.4254107040
-964.4254636693
-964.4254033178
-964.4255243234
-964.4255003355
-964.4257564992
-964.4255208905
-964.4253909776
-964.4250737344
-964.4250253795
-964.4251788115
-964.4254054400
-964.4254032293
-964.4253046397
-964.4253465280
-964.4253202169
-964.4252891860
-964.4255448314
-964.4252085548
-964.4253700574
-964.4251576147
-964.4257565915
-964.4252707108
-964.4252825271
-964.4253679652
-964.4251832959
-964.4252591951
-964.4253420137
-964.4251018865
-964.4251593800
-964.4252125750
-964.4249595496
-964.4254235391
-964.4255525995
-964.4252359731
-964.4254012941
-964.4255154371
-964.4253890860
-964.4254650554
-964.4255830178
-964.4251804930
-964.4250972563
-964.4252745670
-964.4252168489
-964.4255685249
-964.4254149840
-964.4252639748
-964.4253141575
-964.4252301787
-964.4254168655
-964.4251810367
-964.4253894446
-964.4253597280
-964.4253871413
-964.4254647593
-964.4253333921
-964.4254290132
-964.4252839215
-964.4254327298
-964.4253735218
-964.4251082115
-964.4253049456
-964.4254970477
-964.4255094512
-964.4252490336
-964.4253134672
-964.4253815018
-964.4253434788
-964.4252952654
-964.4255930478
-964.4252978069
-964.4253478041
-964.4254083513
-964.4253153137
-964.4253917015
-964.4253918730
-964.4257560484
-964.4254999482
-964.4252998004
-964.4257567434
-964.4254626029
-964.4253966801
-964.4254259993
-964.4254223913
-964.4252314088
-964.4254311504
-964.4251972828
-964.4252652828
-964.4255540099
-964.4254962481
-964.4252877432
-964.4253020564
-964.4253112647
-964.4252139189
-964.4253859875
-964.4253960685
-964.4251658628
-964.4254794794
-964.4252105379
-964.4253373178
-964.4252424499
-964.4255072251
-964.4253793557
-964.4253767770
-964.4252483554
-964.4252228871
-964.4252152759
-964.4255491567
-964.4250530555
-964.4251033516
-964.4253492174
-964.4254060776
-964.4251035448
-964.4252378950
-964.4253113418
-964.4253660640
-964.4254344642
-964.4249927739
-964.4254838505
-964.4255146545
-964.4253077021
-964.4253804956
-964.4249079575
-964.4254486656
-964.4252844701
-964.4254390876
-964.4255579430
-964.4254192546
-964.4253954782
-964.4252836965
-964.4252137249
-964.4254659324
-964.4253328896
-964.4254964821
-964.4252290114
-964.4253784075
-964.4251985136
-964.4254325211
-964.4251257718
-964.4252545239
-964.4252834641
-964.4253239433
-964.4252830471
-964.4254424615
-964.4252177103
-964.4255356858
-964.4254443153
-964.4252356756
-964.4253433397
-964.4254322247
-964.4249691745
-964.4250232905
-964.4254526012
-964.4252925880
-964.4255784022
-964.4249609666
-964.4256963433
-964.4251537454
-964.4249796575
-964.4254488985
-964.4254342983
-964.4248641696
-964.4257570673
-964.4251163278
-964.4252959581
-964.4253376614
-964.4255065512
-964.4251851417
-964.4251691379
-964.4254083765
-964.4254507525
-964.4252454829
-964.4254250724
-964.4252811216
-964.4252390976
-964.4253394487
-964.4252513180
-964.4254500273
-964.4257560416
-964.4253446060
-964.4254459663
-964.4257573890
-964.4251611249
-964.4253223868
-964.4254768229
-964.4254384082
-964.4253952724
-964.4257563042
-964.4254191349
-964.4252848824
-964.4251565001
-964.4254182878
-964.4251611185
-964.4251158986
-964.4252113489
-964.4252932306
-964.4253065209
-964.4253024617
-964.4254419866
-964.4251841418
-964.4253212897
-964.4252951462
-964.4254612526
-964.4254126056
-964.4253286008
-964.4252744222
-964.4252838938
-964.4252284908
-964.4253014589
-964.4252939491
-964.4251218385
-964.4251851179
-964.4253360145
-964.4252747424
-964.4252027833
-964.4255195771
-964.4254744709
-964.4254168465
-964.4252196638
-964.4255903170
-964.4252950013
-964.4253954965
-964.4253088710
-964.4254039255
-964.4255031203
-964.4252632742
-964.4253938039
-964.4254156862
-964.4253763467
-964.4251641178
-964.4253648593
-964.4249050338
-964.4252304905
-964.4256043471
-964.4252931705
-964.4251868626
-964.4253517281
-964.4251294465
-964.4254492366
-964.4254381946
-964.4251772915
-964.4252044237
-964.4254317146
-964.4253662386
-964.4250443411
-964.4252914443
-964.4254965358
-964.4254312929
-964.4254700897
-964.4251088606
-964.4252635255
-964.4250142886
-964.4253279738
-964.4254373961
-964.4252331127
-964.4250287775
-964.4255400539
-964.4254624286
-964.4253827464
-964.4255483994
-964.4252879088
-964.4249765663
-964.4256002566
-964.4250795229
-964.4252467576
-964.4254977850
-964.4253967151
-964.4252599435
-964.4255190269
-964.4253897403
-964.4253608574
-964.4257564674
-964.4253266495
-964.4251869201
-964.4253512946
-964.4254839633
-964.4251557105
-964.4254366124
-964.4254154216
-964.4252101447
-964.4252856866
-964.4251031645
-964.4252422846
-964.4257566421
-964.4255119982
-964.4254279561
-964.4254885318
-964.4254753767
-964.4253436467
-964.4254573562
-964.4251360432
-964.4253403746
-964.4252526189
-964.4253875823
-964.4255314831
-964.4253902748
-964.4252751150
-964.4253280820
-964.4255096767
-964.4251321922
-964.4253903854
-964.4252548709
-964.4256807521
-964.4251797817
-964.4254198918
-964.4253301538
-964.4252677859
-964.4254345535
-964.4254928837
-964.4251100097
-964.4255256403
-964.4253997140
-964.4252906536
-964.4251036708
-964.4257569985
-964.4251435451
-964.4254157942
-964.4255342236
-964.4253337703
-964.4254131447
-964.4254462020
-964.4251678065
-964.4253809790
-964.4253240899
-964.4257566962
-964.4251534285
-964.4252180671
-964.4251946656
-964.4254010983
-964.4254622708
-964.4253133016
-964.4252658468
-964.4254882741
-964.4251102452
-964.4254789114
-964.4251646385
-964.4253793165
-964.4251742898
-964.4251881615
-964.4254599969
-964.4254943262
-964.4254236431
-964.4252914590
-964.4254663968
-964.4254399787
-964.4257565439
-964.4254963734
-964.4255365286
-964.4250536234
-964.4254142846
-964.4252439696
-964.4251941789
-964.4252836471
-964.4253119224
-964.4253917634
-964.4251443196
-964.4252373905
-964.4253432777
-964.4255919773
-964.4255891440
-964.4253727871
-964.4255956022
-964.4254079909
-964.4251738787
-964.4254228970
-964.4254188820
-964.4255738689
-964.4252633737
-964.4253140503
-964.4254392161
-964.4250283415
-964.4254055930
-964.4252617555
-964.4252731144
-964.4251981216
-964.4255051850
-964.4254113137
-964.4253101605
-964.4251390536
-964.4252687416
-964.4257566167
-964.4253640826
-964.4253973967
-964.4253019592
-964.4254608404
-964.4253026752
-964.4254987698
-964.4248952618
-964.4254497483
-964.4252390570
-964.4255097768
-964.4253081202
-964.4251847233
-964.4254021023
-964.4253254029
-964.4252251192
-964.4255351410
-964.4251067338
-964.4253217830
-964.4250174948
-964.4254666004
-964.4254159952
-964.4253138795
-964.4254599303
-964.4253195347
-964.4250422460
-964.4254287939
-964.4252563780
-964.4252705482
-964.4250543966
-964.4257559506
-964.4253182183
-964.4250128680
-964.4252597732
-964.4252426107
-964.4253854838
-964.4253945599
-964.4250412115
-964.4253696180
-964.4254437372
-964.4251237993
-964.4252328221
-964.4253225489
-964.4254617560
-964.4254918024
-964.4254491256
-964.4255770971
-964.4252015533
-964.4253278919
-964.4252705493
-964.4253644166
-964.4255702615
-964.4249937889
-964.4251153209
-964.4254317414
-964.4254592499
-964.4255018508
-964.4249884714
-964.4255912876
-964.4253340662
-964.4252118557
-964.4255517841
-964.4255330486
-964.4252351917
-964.4252315280
-964.4254396977
-964.4255759683
-964.4253841482
-964.4252178266
-964.4254782243
-964.4253887502
-964.4254834474
-964.4253611011
-964.4253786848
-964.4254134584
-964.4253753764
-964.4253398821
-964.4251831188
-964.4252148800
-964.4255900459
-964.4252475867
-964.4254509740
-964.4253776477
-964.4251820000
-964.4252765302
-964.4254773775
-964.4256245093
-964.4253175183
-964.4253192414
-964.4253461557
-964.4254087251
-964.4253181371
-964.4253980277
-964.4253643285
-964.4254544720
-964.4252604007
-964.4252774444
-964.4251661992
-964.4255572644
-964.4253348464
-964.4254573012
-964.4254507081
-964.4254725824
-964.4254795298
-964.4252130107
-964.4252440511
-964.4253835177
-964.4255355792
-964.4250113076
-964.4253312098
-964.4253892960
-964.4251922023
-964.4253462967
-964.4254152638
-964.4253167763
-964.4253071440
-964.4253611222
-964.4253068787
-964.4248148935
-964.4252961973
-964.4251531528
-964.4251924193
-964.4254802710
-964.4254144785
-964.4253391746
-964.4249743973
-964.4254177899
-964.4250364146
-964.4254418183
-964.4252576163
-964.4254140390
-964.4252436855
-964.4257573960
-964.4251214996
-964.4254639376
-964.4253657044
-964.4253502818
-964.4254739260
-964.4252391937
-964.4250579257
-964.4252079765
-964.4255316593
-964.4253955171
-964.4255094507
-964.4252122408
-964.4252764468
-964.4253172304
-964.4255058780
-964.4253061982
-964.4254668318
-964.4251434374
-964.4253447131
-964.4252748139
-964.4254393501
-964.4254280801
-964.4256002522
-964.4252416642
-964.4254948108
-964.4253500155
-964.4250405307
-964.4252357297
-964.4251771752
-964.4255038022
-964.4254397871
-964.4252295030
-964.4253240322
-964.4255021675
-964.4251461730
-964.4253850311
-964.4254780379
-964.4251857021
-964.4255171748
-964.4252959962
-964.4253519761
-964.4254260405
-964.4249906218
-964.4254381661
-964.4254342075
-964.4254502804
-964.4253163332
-964.4251722414
-964.4253680809
-964.4252251566
-964.4250985406
-964.4254353917
-964.4249324833
-964.4255442067
-964.4253390231
-964.4253062311
-964.4251828622
-964.4257565475
-964.4253058913
-964.4252990920
-964.4255468236
-964.4252353701
-964.4254689362
-964.4255970137
-964.4253294656
-964.4252379065
-964.4253223151
-964.4252907288
-964.4253537440
-964.4253323401
-964.4253822133
-964.4253594025
-964.4252797796
-964.4255642864
-964.4252627637
-964.4250719635
-964.4252623562
-964.4252270484
-964.4250154982
-964.4254388459
-964.4254582594
-964.4253318487
-964.4253255636
-964.4254406370
-964.4251818255
-964.4254243736
-964.4254805194
-964.4253557581
-964.4251754842
-964.4251725605
-964.4252890090
-964.4252557254
-964.4253701704
-964.4252368286
-964.4257565607
-964.4249392913
-964.4252245051
-964.4251830411
-964.4251112721
-964.4252258205
-964.4254517619
-964.4254391359
-964.4255213820
-964.4254026921
-964.4254657867
-964.4252914670
-964.4251041929
-964.4250521780
-964.4254649077
-964.4252301761
-964.4253411737
-964.4257569375
-964.4254794698
-964.4250983227
-964.4251856419
-964.4253729332
-964.4252774764
-964.4252634278
-964.4252678196
-964.4251468128
-964.4251796493
-964.4255415765
-964.4251915926
-964.4247796495
-964.4257578039
-964.4253680661
-964.4254937574
-964.4253487095
-964.4253158359
-964.4254400586
-964.4252852974
-964.4255849437
-964.4254538716
-964.4254599268
-964.4252849602
-964.4254561828
-964.4252353395
-964.4251005428
-964.4255583841
-964.4253398010
-964.4252816818
-964.4252932944
-964.4253703789
-964.4253108137
-964.4253651035
-964.4253927594
-964.4254578796
-964.4252420451
-964.4253577029
-964.4254535350
-964.4252931664
-964.4254431131
-964.4251148550
-964.4255046594
-964.4251243586
-964.4251348987
-964.4252328821
-964.4253449904
-964.4249991792
-964.4253329583
-964.4250684238
-964.4253306970
-964.4251859194
-964.4248975947
-964.4252443671
-964.4252464802
-964.4253397714
-964.4256226261
-964.4254309740
-964.4254133094
-964.4253554593
-964.4253306987
-964.4253053337
-964.4251375210
-964.4251102984
-964.4253653402
-964.4254077837
-964.4251767694
-964.4254321811
-964.4254812032
-964.4251878513
-964.4254043669
-964.4253709051
-964.4250369527
-964.4251235986
-964.4253149168
-964.4254130357
-964.4249274972
-964.4252762299
-964.4250857454
-964.4253917381
-964.4252570594
-964.4253596527
-964.4253226499
-964.4257571894
-964.4255343734
-964.4252693405
-964.4251923624
-964.4250894129
-964.4252434070
-964.4252056846
-964.4249148334
-964.4252461556
-964.4255719642
-964.4254191908
-964.4253294759
-964.4252813708
-964.4251780892
-964.4253016243
-964.4251729028
-964.4254100939
-964.4253416231
-964.4251572075
-964.4255420794
-964.4255683019
-964.4254293974
-964.4254438311
-964.4251904564
-964.4253398987
-964.4253414717
-964.4257566630
-964.4253218263
-964.4253668551
-964.4254877741
-964.4253497963
-964.4253448163
-964.4255085512
-964.4254085055
-964.4256303693
-964.4256303243
-964.4253590473
-964.4254519634
-964.4252530466
-964.4251873231
-964.4254344162
-964.4250108008
-964.4254122155
-964.4252769276
-964.4252605063
-964.4252730790
-964.4254183547
-964.4253285676
-964.4256064410
-964.4252053891
-964.4253194483
-964.4253224494
-964.4253675280
-964.4252995651
-964.4252812494
-964.4254799707
-964.4252952383
-964.4252063198
-964.4253849802
-964.4251492744
-964.4252143625
-964.4256325345
-964.4253871138
-964.4255306192
-964.4252533498
-964.4253729014
-964.4254768220
-964.4254871832
-964.4250716556
-964.4252839583
-964.4251408465
-964.4253290294
-964.4253901554
-964.4255504745
-964.4253202118
-964.4253155521
-964.4254616385
-964.4253599984
-964.4257562392
-964.4250761074
-964.4253155215
-964.4253425273
-964.4255927452
-964.4252322122
-964.4255587923
-964.4253684162
-964.4254354131
-964.4254777823
-964.4253847745
-964.4249700127
-964.4252978813
-964.4256206374
-964.4253999578
-964.4254108086
-964.4254197933
-964.4254440662
-964.4251478156
-964.4253565519
-964.4253337044
-964.4252973137
-964.4257566692
-964.4254522278
-964.4250622349
-964.4252182427
-964.4253347278
-964.4253593279
-964.4255994700
-964.4254167981
-964.4252207273
-964.4250624534
-964.4250715959
-964.4253741364
-964.4251876165
-964.4252867439
-964.4251118562
-964.4253868934
-964.4253590384
-964.4256033950
-964.4253708098
-964.4255109117
-964.4253703191
-964.4250321569
-964.4253068404
-964.4254682104
-964.4251876018
-964.4252385285
-964.4252263812
-964.4253099271
-964.4249346417
-964.4255184499
-964.4251798700
-964.4252262633
-964.4253102445
-964.4252910747
-964.4254484463
-964.4255042523
-964.4254944039
-964.4253505957
-964.4256536402
-964.4252118318
-964.4252848507
-964.4255697471
-964.4253501128
-964.4253278979
-964.4253672706
-964.4253604941
-964.4254447085
-964.4253324764
-964.4253869021
-964.4253811012
-964.4252605366
-964.4256111794
-964.4251808864
-964.4252966409
-964.4253554417
-964.4255065084
-964.4252115990
-964.4253394398
-964.4254276727
-964.4255257888
-964.4253179878
-964.4249494931
-964.4251213480
-964.4254108847
-964.4253250758
-964.4250195145
-964.4257555640
-964.4251788509
-964.4251114714
-964.4252137212
-964.4252309003
-964.4255048719
-964.4252870565
-964.4248628873
-964.4254316737
-964.4250283825
-964.4251639969
-964.4249637529
-964.4250936938
-964.4256183956
-964.4257567586
-964.4253484440
-964.4255577940
-964.4254041114
-964.4252690083
-964.4251681271
-964.4247451882
-964.4251754742
-964.4252409888
-964.4253411062
-964.4252444527
-964.4255293211
-964.4255051266
-964.4253270645
-964.4255114686
-964.4253294498
-964.4254981872
-964.4253684161
-964.4257556260
-964.4251627932
-964.4252959321
-964.4249578032
-964.4253991962
-964.4251780498
-964.4252361813
-964.4251716697
-964.4257567358
-964.4254670647
-964.4250684776
-964.4253181299
-964.4254436788
-964.4252148062
-964.4250106139
-964.4253038084
-964.4254446695
-964.4253691124
-964.4253294343
-964.4255505415
-964.4252198804
-964.4253325465
-964.4252133269
-964.4254941756
-964.4251083833
-964.4252113146
-964.4254777646
-964.4255620197
-964.4253644479
-964.4255625279
-964.4253017826
-964.4254536220
-964.4254813162
-964.4253582025
-964.4253142250
-964.4254611389
-964.4251978211
-964.4253895752
-964.4252172395
-964.4253444824
-964.4252794331
-964.4249972622
-964.4254942660
-964.4254801352
-964.4253008068
-964.4251838839
-964.4254558952
-964.4250440284
-964.4253826934
-964.4252107260
-964.4254535767
-964.4252708034
-964.4255142358
-964.4255935513
-964.4254553920
-964.4252897382
-964.4252179911
-964.4256115366
-964.4250545583
-964.4250371063
-964.4252337901
-964.4254955812
-964.4254429941
-964.4254754977
-964.4253333285
-964.4253817398
-964.4254553979
-964.4253218829
-964.4253851210
-964.4255199629
-964.4254086774
-964.4252086094
-964.4252598029
-964.4254211218
-964.4252234925
-964.4252509366
-964.4252378912
-964.4253277734
-964.4251614543
-964.4252881644
-964.4255910735
-964.4255460497
-964.4253505165
-964.4255731261
-964.4254234181
-964.4251182547
-964.4253940298
-964.4250415598
-964.4255595537
-964.4253180287
-964.4253798514
-964.4254199584
-964.4255175399
-964.4253410309
-964.4252974093
-964.4250997856
-964.4253464047
-964.4249915112
-964.4253127510
-964.4252458560
-964.4253987228
-964.4253866480
-964.4251406071
-964.4252553146
-964.4251081574
-964.4254274681
-964.4249551227
-964.4252777819
-964.4255325863
-964.4253668938
-964.4252381955
-964.4254706070
-964.4253461750
-964.4253477961
-964.4254034038
-964.4251752254
-964.4253033178
-964.4251463548
-964.4253120389
-964.4251942743
-964.4250654723
-964.4250894004
-964.4253050885
-964.4253412133
-964.4253891741
-964.4253252081
-964.4254969306
-964.4255184017
-964.4253251140
-964.4254500506
-964.4254771747
-964.4255868295
-964.4251413798
-964.4253650135
-964.4251703347
-964.4252361980
-964.4252977942
-964.4254391344
-964.4254015867
-964.4253078410
-964.4253508184
-964.4253925222
-964.4256018906
-964.4251738126
-964.4254438918
-964.4251156421
-964.4253798428
-964.4253743136
-964.4251961211
-964.4254646690
-964.4255174482
-964.4252985166
-964.4255640112
-964.4251492428
-964.4251462069
-964.4253056430
-964.4256598111
-964.4251681593
-964.4254372352
-964.4252852433
-964.4252739608
-964.4255289387
-964.4253034099
-964.4253571001
-964.4249550027
-964.4253188689
-964.4253652911
-964.4251103659
-964.4251496412
-964.4251106304
-964.4253322894
-964.4252335222
-964.4255664403
-964.4253670893
-964.4253539491
-964.4256713847
-964.4251663622
-964.4251627864
-964.4253142744
-964.4256338112
-964.4253736546
-964.4252760060
-964.4250551278
-964.4253718402
-964.4253263654
-964.4252850343
-964.4252046346
-964.4251508983
-964.4252107856
-964.4255847136
-964.4253314525
-964.4255159648
-964.4251103497
-964.4251257316
-964.4254212481
-964.4255804168
-964.4251181495
-964.4252891079
-964.4254282503
-964.4253892299
-964.4253834361
-964.4253695818
-964.4253655308
-964.4252625213
-964.4256301963
-964.4255358814
-964.4253131331
-964.4252734717
-964.4251676873
-964.4251824476
-964.4254693530
-964.4253607871
-964.4253507529
-964.4255175985
-964.4254011426
-964.4249626198
-964.4253674643
-964.4253079608
-964.4254833146
-964.4252367687
-964.4254147773
-964.4253444830
-964.4252610352
-964.4253658559
-964.4254110381
-964.4250281973
-964.4254145660
-964.4250852627
-964.4253455888
-964.4252540392
-964.4253080419
-964.4252411486
-964.4251980400
-964.4253809051
-964.4255129061
-964.4253212661
-964.4252420788
-964.4254100799
-964.4251377647
-964.4252574533
-964.4254545083
-964.4256753923
-964.4254452902
-964.4252361287
-964.4251332002
-964.4249816710
-964.4253165356
-964.4252391503
-964.4255076936
-964.4254958371
-964.4253738406
-964.4254068975
-964.4257572148
-964.4251447506
-964.4255104113
-964.4253358289
-964.4252150362
-964.4252597601
-964.4254419723
-964.4252805789
-964.4252969998
-964.4251878782
-964.4251849833
-964.4251969059
-964.4253310510
-964.4254216964
-964.4252886633
-964.4253248410
-964.4252208956
-964.4254575441
-964.4250121465
-964.4251799932
-964.4254287859
-964.4252358348
-964.4251356184
-964.4255768567
-964.4254940805
-964.4253980595
-964.4252163823
-964.4253153926
-964.4253331354
-964.4255437218
-964.4253511133
-964.4255663757
-964.4251313697
-964.4254066728
-964.4251866349
-964.4252555996
-964.4250385263
-964.4254153222
-964.4252128994
-964.4255954235
-964.4253805413
-964.4252492536
-964.4251513462
-964.4254540146
-964.4253704155
-964.4253320445
-964.4251356574
-964.4252294895
-964.4251243601
-964.4250174063
-964.4253438021
-964.4249394726
-964.4256716419
-964.4252675429
-964.4253582016
-964.4252832854
-964.4252766438
-964.4252547502
-964.4249304431
-964.4251799983
-964.4253572612
-964.4253367202
-964.4251440562
-964.4254407019
-964.4257571030
-964.4251226337
-964.4255573019
-964.4251794564
-964.4253036101
-964.4253372345
-964.4252516996
-964.4255310213
-964.4255305589
-964.4252218022
-964.4251845758
-964.4251206570
-964.4256575778
-964.4253588227
-964.4253429528
-964.4254411784
-964.4252951594
-964.4252890161
-964.4254413648
-964.4255368429
-964.4252566766
-964.4256072233
-964.4254293017
-964.4254733468
-964.4252718501
-964.4253871671
-964.4252737400
-964.4253384420
-964.4252186130
-964.4253710110
-964.4254099656
-964.4251372999
-964.4250732819
-964.4252214733
-964.4257566726
-964.4252375726
-964.4253920681
-964.4253736540
-964.4254036976
-964.4252912366
-964.4251269432
-964.4253103678
-964.4252847229
-964.4254297098
-964.4251026104
-964.4255168971
-964.4255900796
-964.4252888182
-964.4253880169
-964.4247457485
-964.4253344728
-964.4254974252
-964.4253073031
-964.4253123616
-964.4251735580
-964.4254052974
-964.4252767283
-964.4253147635
-964.4256236614
-964.4252936879
-964.4254569334
-964.4252845651
-964.4252989247
-964.4255330308
-964.4253417390
-964.4251992307
-964.4253248507
-964.4251560095
-964.4251985844
-964.4251940973
-964.4251676209
-964.4253280571
-964.4253685649
-964.4255453341
-964.4254265870
-964.4251533560
-964.4253382916
-964.4249839914
-964.4251869294
-964.4254128663
-964.4254827375
-964.4255209353
-964.4252994370
-964.4254397286
-964.4253777637
-964.4252813532
-964.4254863111
-964.4254292894
-964.4250630512
-964.4252759146
-964.4250813793
-964.4252502598
-964.4252122089
-964.4253810341
-964.4252711354
-964.4254384051
-964.4253544427
-964.4251996698
-964.4252463152
-964.4252804385
-964.4254502966
-964.4253037993
-964.4252683232
-964.4254869991
-964.4252063051
-964.4253777632
-964.4253615486
-964.4251184802
-964.4254626300
-964.4253522577
-964.4253694408
-964.4253708027
-964.4252167781
-964.4253552837
-964.4251349514
-964.4250914620
-964.4251967287
-964.4255760077
-964.4252685879
-964.4254210137
-964.4252053250
-964.4254861002
-964.4253235621
-964.4253963563
-964.4253917957
-964.4251961292
-964.4253698736
-964.4251601015
-964.4251597122
-964.4251029723
-964.4254624697
-964.4256399111
-964.4254349823
-964.4254456090
-964.4254429214
-964.4252475371
-964.4252021139
-964.4251668693
-964.4253349424
-964.4254437552
-964.4253783660
-964.4254137930
-964.4253480561
-964.4255380410
-964.4256173196
-964.4255140310
-964.4251393603
-964.4253892219
-964.4250706241
-964.4253611412
-964.4253071565
-964.4255056635
-964.4253189809
-964.4252846885
-964.4254560210
-964.4253669505
-964.4253254136
-964.4253620094
-964.4253466605
-964.4251339947
-964.4251834867
-964.4255685038
-964.4254100118
-964.4250852247
-964.4254758606
-964.4253824063
-964.4253293929
-964.4254697977
-964.4253861438
-964.4253801815
-964.4253400885
-964.4252752093
-964.4253103313
-964.4251169416
-964.4253467604
-964.4254860141
-964.4252987126
-964.4249113948
-964.4250592844
-964.4254570648
-964.4253656732
-964.4252235557
-964.4253244078
-964.4255280734
-964.4253918727
-964.4255520522
-964.4253567326
-964.4253061075
-964.4253090960
-964.4253521733
-964.4253978461
-964.4255298562
-964.4253739678
-964.4254115327
-964.4251294022
-964.4253860689
-964.4252944416
-964.4254760449
-964.4254806016
-964.4252910354
-964.4254931093
-964.4252662345
-964.4255070916
-964.4250598048
-964.4251256021
-964.4252896625
-964.4252856697
-964.4254398984
-964.4255484256
-964.4256251938
-964.4248950947
-964.4255280488
-964.4253493241
-964.4253494591
-964.4253781786
-964.4252469253
-964.4251709354
-964.4255273136
-964.4253203156
-964.4251241694
-964.4253798215
-964.4252849019
-964.4254957991
-964.4254460127
-964.4254799857
-964.4251776485
-964.4253008053
-964.4253670638
-964.4255337875
-964.4252435708
-964.4254226192
-964.4253410667
-964.4254633828
-964.4256240711
-964.4255762325
-964.4253216915
-964.4253892358
-964.4251363597
-964.4251401977
-964.4253685449
-964.4252623334
-964.4253393435
-964.4252777883
-964.4252363517
-964.4253390707
-964.4255161199
-964.4253810614
-964.4250694875
-964.4252606214
-964.4252696558
-964.4254481429
-964.4253116963
-964.4252812549
-964.4251707124
-964.4253458597
-964.4252163770
-964.4252625630
-964.4254935783
-964.4254902699
-964.4251822006
-964.4254060536
-964.4255451284
-964.4254208932
-964.4253293660
-964.4254926899
-964.4254754429
-964.4254487284
-964.4253741347
-964.4252037492
-964.4253454088
-964.4253420425
-964.4252113309
-964.4253681507
-964.4253940871
-964.4250753780
-964.4254887923
-964.4250744120
-964.4254781029
-964.4251583829
-964.4252399100
-964.4254317412
-964.4253271350
-964.4253712004
-964.4253503741
-964.4253425472
-964.4253034482
-964.4252722996
-964.4252012144
-964.4254114756
-964.4255507436
-964.4255057297
-964.4252859797
-964.4256140098
-964.4256028841
-964.4253056778
-964.4255815585
-964.4254626071
-964.4255177433
-964.4251041475
-964.4249648918
-964.4250568618
-964.4251941145
-964.4254382279
-964.4254401140
-964.4252495563
-964.4253869733
-964.4255053152
-964.4253422231
-964.4248056638
-964.4253601134
-964.4254617025
-964.4251728137
-964.4252797780
-964.4255869866
-964.4251555687
-964.4253206377
-964.4255009143
-964.4254362033
-964.4253546975
-964.4254600299
-964.4252134253
-964.4252485675
-964.4250954430
-964.4250317249
-964.4252650602
-964.4253628333
-964.4254894876
-964.4254321659
-964.4257556694
-964.4253512020
-964.4253865309
-964.4252139630
-964.4254905472
-964.4254255472
-964.4257574401
-964.4252310520
-964.4252476147
-964.4254045425
-964.4251950513
-964.4255278469
-964.4254498711
-964.4250801543
-964.4254116934
-964.4253468476
-964.4252535369
-964.4252961930
-964.4251051475
-964.4254377255
-964.4251114445
-964.4255222092
-964.4254500527
-964.4255842450
-964.4253177713
-964.4252232678
-964.4253571775
-964.4253682114
-964.4254688954
-964.4253022134
-964.4253703045
-964.4251715863
-964.4252714428
-964.4252712184
-964.4253858069
-964.4250899832
-964.4253606156
-964.4254045640
-964.4254405511
-964.4253217831
-964.4252881095
-964.4253137499
-964.4252315935
-964.4256325142
-964.4257572211
-964.4254880244
-964.4249966917
-964.4251947374
-964.4255592360
-964.4254127965
-964.4255338727
-964.4253342882
-964.4251791069
-964.4252884099
-964.4255694075
-964.4254534132
-964.4254041598
-964.4255003129
-964.4253838859
-964.4252678970
-964.4254144787
-964.4253524082
-964.4254749989
-964.4252574153
-964.4249684984
-964.4253015953
-964.4253385626
-964.4252734850
-964.4252739920
-964.4252941912
-964.4252581341
-964.4251874346
-964.4253979910
-964.4253080213
-964.4252167975
-964.4254289760
-964.4254769602
-964.4251768488
-964.4250606184
-964.4252544899
-964.4252780583
-964.4252375528
-964.4253671980
-964.4257562760
-964.4252768852
-964.4252594320
-964.4255146097
-964.4253156031
-964.4253653135
-964.4252803161
-964.4253964765
-964.4257565199
-964.4253960672
-964.4253070198
-964.4251826587
-964.4248969580
-964.4254461646
-964.4251576438
-964.4250445792
-964.4252594885
-964.4253498598
-964.4255313253
-964.4252378373
-964.4251573620
-964.4254555809
-964.4253183736
-964.4253834555
-964.4254702183
-964.4254203937
-964.4254135003
-964.4252678591
-964.4255131561
-964.4252937689
-964.4252043690
-964.4251872871
-964.4252254689
-964.4253878822
-964.4252938074
-964.4252882939
-964.4252958158
-964.4254502708
-964.4254218501
-964.4254013384
-964.4253396882
-964.4252932076
-964.4253776814
-964.4255580258
-964.4251421079
-964.4253178636
-964.4253362548
-964.4251764084
-964.4252898813
-964.4254500200
-964.4254024695
-964.4253949094
-964.4252699986
-964.4252192211
-964.4254849665
-964.4251951158
-964.4254862974
-964.4252321242
-964.4254225167
-964.4255374283
-964.4255198671
-964.4255069614
-964.4253990101
-964.4255064874
-964.4252628728
-964.4249919351
-964.4252277041
-964.4250565380
-964.4250725171
-964.4248914289
-964.4253539364
-964.4252702705
-964.4252506866
-964.4253821214
-964.4252003342
-964.4249717513
-964.4253655055
-964.4254710158
-964.4251340076
-964.4252804512
-964.4253733108
-964.4253480465
-964.4252906981
-964.4251814129
-964.4253201306
-964.4252868353
-964.4253985733
-964.4252847298
-964.4252793627
-964.4253719582
-964.4257562095
-964.4252082024
-964.4252725544
-964.4253847650
-964.4250738451
-964.4251572491
-964.4253025858
-964.4254234821
-964.4253386457
-964.4252014765
-964.4255499948
-964.4253757755
-964.4253000149
-964.4253075239
-964.4253916909
-964.4251641999
-964.4253811616
-964.4254070664
-964.4251714398
-964.4252791577
-964.4257563623
-964.4250257415
-964.4251106502
-964.4250868282
-964.4253017646
-964.4254106825
-964.4253019725
-964.4253268710
-964.4253873759
-964.4252546582
-964.4253838633
-964.4253828024
-964.4253300477
-964.4248955511
-964.4252201371
-964.4253449715
-964.4255120272
-964.4253094604
-964.4251943215
-964.4255306299
-964.4255110740
-964.4253044012
-964.4253704905
-964.4253624068
-964.4253298511
-964.4253288772
-964.4253667047
-964.4250528540
-964.4250917070
-964.4253907288
-964.4255177117
-964.4252185112
-964.4254187987
-964.4253653864
-964.4255475308
-964.4252322624
-964.4254365608
-964.4254668342
-964.4253843268
-964.4252825750
-964.4252268094
-964.4250096767
-964.4256226269
-964.4253796500
-964.4253886901
-964.4253016448
-964.4254868002
-964.4256712620
-964.4251061394
-964.4253040268
-964.4254346734
-964.4252125209
-964.4254204011
-964.4255310445
-964.4253309877
-964.4253494442
-964.4252949655
-964.4253496025
-964.4253013451
-964.4253040073
-964.4254386768
-964.4255088910
-964.4250391310
-964.4254239927
-964.4253177741
-964.4255316509
-964.4253377542
-964.4252097232
-964.4252451889
-964.4249583460
-964.4254063357
-964.4254226642
-964.4255074884
-964.4256142696
-964.4253345566
-964.4257577078
-964.4253503078
-964.4252418555
-964.4252648913
-964.4251581491
-964.4253569248
-964.4250971989
-964.4252729116
-964.4255523032
-964.4252293748
-964.4253729151
-964.4253706606
-964.4253013622
-964.4253702556
-964.4252273124
-964.4253654627
-964.4252510047
-964.4254346296
-964.4253602123
-964.4253763813
-964.4252063991
-964.4255543203
-964.4251822344
-964.4251727500
-964.4250786262
-964.4252039081
-964.4253794739
-964.4253095623
-964.4255893766
-964.4254220542
-964.4253961253
-964.4253351805
-964.4255941106
-964.4253529927
-964.4254052022
-964.4252712171
-964.4257560758
-964.4251188790
-964.4255664324
-964.4252835512
-964.4251653678
-964.4251852606
-964.4252052713
-964.4254229672
-964.4252624485
-964.4252499944
-964.4252670475
-964.4254449173
-964.4250781993
-964.4252621024
-964.4253704720
-964.4251032313
-964.4256186893
-964.4253088172
-964.4254129351
-964.4253322013
-964.4252892537
-964.4256461326
-964.4254444424
-964.4253387681
-964.4253016209
-964.4251077922
-964.4253264141
-964.4253128854
-964.4251022218
-964.4254863031
-964.4250478038
-964.4250709684
-964.4254002940
-964.4249867703
-964.4251046935
-964.4251875647
-964.4252975951
-964.4253163315
-964.4251351206
-964.4249967099
-964.4254275468
-964.4254944987
-964.4251963641
-964.4250531110
-964.4254523000
-964.4253135100
-964.4254517872
-964.4252040516
-964.4254248953
-964.4252306546
-964.4257550991
-964.4253347581
-964.4252740711
-964.4254050839
-964.4252494590
-964.4254068488
-964.4250512944
-964.4252747342
-964.4257570636
-964.4248657576
-964.4252520992
-964.4255480424
-964.4253495231
-964.4254174399
-964.4255205170
-964.4250984991
-964.4257563844
-964.4251431679
-964.4252295670
-964.4251557137
-964.4254563696
-964.4252098377
-964.4252509196
-964.4252983668
-964.4252340543
-964.4251111095
-964.4255788654
-964.4253269379
-964.4255600359
-964.4253371377
-964.4252674862
-964.4252738734
-964.4251310696
-964.4252064141
-964.4253913881
-964.4254027474
-964.4252890583
-964.4252483322
-964.4252517295
-964.4254067292
-964.4253819727
-964.4252138116
-964.4253668547
-964.4252240481
-964.4250921178
-964.4252316081
-964.4254280454
-964.4253067147
-964.4255582798
-964.4254552352
-964.4254185274
-964.4252595137
-964.4251596943
-964.4250091207
-964.4252050162
-964.4252481834
-964.4254269600
-964.4250902551
-964.4253666661
-964.4253555072
-964.4248977777
-964.4252967611
-964.4253101622
-964.4257564729
-964.4255634614
-964.4251227068
-964.4253315577
-964.4254757810
-964.4253940058
-964.4254871449
-964.4253705759
-964.4251880120
-964.4255195346
-964.4253327701
-964.4254140932
-964.4254187329
-964.4254655658
-964.4252024824
-964.4254076960
-964.4252707499
-964.4253577186
-964.4251412435
-964.4253265492
-964.4254320467
-964.4256232599
-964.4250569034
-964.4254312753
-964.4254484918
-964.4252140804
-964.4254632365
-964.4252135871
-964.4254404635
-964.4254978628
-964.4250989509
-964.4251008613
-964.4256014370
-964.4252252452
-964.4255446040
-964.4252585537
-964.4253503462
-964.4255176475
-964.4252220993
-964.4249402416
-964.4252447584
-964.4250624332
-964.4252061751
-964.4252840263
-964.4254798305
-964.4256165526
-964.4252037702
-964.4254769174
-964.4250465622
-964.4252946981
-964.4254601329
-964.4253289256
-964.4254452719
-964.4254071592
-964.4253728809
-964.4251491004
-964.4252085572
-964.4255242243
-964.4257561126
-964.4250795216
-964.4253348817
-964.4251885243
-964.4252160230
-964.4254985225
-964.4253494058
-964.4253745346
-964.4250047704
-964.4255216543
-964.4255331315
-964.4252943208
-964.4252544896
-964.4252929750
-964.4255377960
-964.4252580606
-964.4252387351
-964.4252562537
-964.4257566171
-964.4252562199
-964.4254300456
-964.4254974904
-964.4251131342
-964.4253867489
-964.4254338983
-964.4256241174
-964.4255115219
-964.4253496807
-964.4257574055
-964.4255586819
-964.4251175459
-964.4253861189
-964.4252613983
-964.4253271355
-964.4251663191
-964.4254641246
-964.4253587631
-964.4252595738
-964.4252423779
-964.4253014180
-964.4250276503
-964.4253966105
-964.4252281784
-964.4255019602
-964.4252641954
-964.4252859594
-964.4252441388
-964.4252262807
-964.4252278899
-964.4255751034
-964.4254844878
-964.4252025032
-964.4254030995
-964.4252511192
-964.4249166853
-964.4253572410
-964.4252654979
-964.4252914194
-964.4256247756
-964.4257578211
-964.4255378899
-964.4252228612
-964.4251143611
-964.4254587315
-964.4253223572
-964.4252675699
-964.4249554953
-964.4252393745
-964.4253359775
-964.4254108660
-964.4255607856
-964.4254734397
-964.4251540858
-964.4251490230
-964.4252438999
-964.4253653698
-964.4253781884
-964.4253747563
-964.4253281554
-964.4253134539
-964.4255902663
-964.4251279774
-964.4252564927
-964.4254206401
-964.4252635776
-964.4253751380
-964.4257561010
-964.4253809433
-964.4252818656
-964.4254973799
-964.4253672237
-964.4254459509
-964.4252530705
-964.4253048555
-964.4254966298
-964.4255044056
-964.4253931380
-964.4253824711
-964.4250566295
-964.4254269013
-964.4252334014
-964.4255327419
-964.4255177952
-964.4253648882
-964.4253831205
-964.4254489380
-964.4252480117
-964.4251231241
-964.4252173417
-964.4253747278
-964.4253200380
-964.4253511592
-964.4252447681
-964.4254584059
-964.4255192340
-964.4254333954
-964.4252511281
-964.4252928783
-964.4252839241
-964.4253984883
-964.4254538825
-964.4252747656
-964.4255228825
-964.4254182989
-964.4254417820
-964.4252606941
-964.4254305065
-964.4252348840
-964.4254581791
-964.4253331658
-964.4250419744
-964.4252780105
-964.4252354144
-964.4252666834
-964.4257567597
-964.4254228308
-964.4253166146
-964.4254201008
-964.4252265567
-964.4252445452
-964.4254026415
-964.4250633766
-964.4253801666
-964.4252449463
-964.4252759583
-964.4249062205
-964.4253317308
-964.4253755219
-964.4252928349
-964.4254351232
-964.4256369037
-964.4252820041
-964.4254901236
-964.4253366288
-964.4253997117
-964.4255965069
-964.4254365342
-964.4254971034
-964.4255900586
-964.4252614633
-964.4253506137
-964.4251996786
-964.4250976506
-964.4253447179
-964.4254033334
-964.4251435416
-964.4254175723
-964.4254579027
-964.4251014700
-964.4254524203
-964.4253403514
-964.4253091135
-964.4252994445
-964.4253634037
-964.4251766317
-964.4254190587
-964.4254704126
-964.4252932824
-964.4251170857
-964.4251456845
-964.4255288585
-964.4252730365
-964.4251911541
-964.4248959960
-964.4252486049
-964.4251862049
-964.4252717844
-964.4257575384
