-15801.71729364
-15801.71718721
-15801.71734750
-15801.71729083
-15801.71711969
-15801.71723023
-15801.71733170
-15801.71728450
-15801.71724108
-15801.71723808
-15801.71732147
-15801.71727645
-15801.71727571
-15801.71725251
-15801.71727740
-15801.71717865
-15801.71717031
-15801.71729229
-15801.71722710
-15801.71711745
-15801.71730750
-15801.71726687
-15801.71721592
-15801.71728875
-15801.71722144
-15801.71726212
-15801.71715386
-15801.71729406
-15801.71714012
-15801.71730537
-15801.71725287
-15801.71728026
-15801.71734591
-15801.71724673
-15801.71731040
-15801.71726494
-15801.71730567
-15801.71728131
-15801.71724891
-15801.71726559
-15801.71727003
-15801.71722303
-15801.71728413
-15801.71737125
-15801.71726080
-15801.71732218
-15801.71726278
-15801.71734129
-15801.71728028
-15801.71734855
-15801.71717316
-15801.71739736
-15801.71728036
-15801.71731588
-15801.71729375
-15801.71734950
-15801.71727646
-15801.71733340
-15801.71724615
-15801.71721787
-15801.71733905
-15801.71731582
-15801.71730950
-15801.71723183
-15801.71731498
-15801.71735839
-15801.71737220
-15801.71721166
-15801.71731405
-15801.71728629
-15801.71729508
-15801.71728483
-15801.71727487
-15801.71732028
-15801.71727132
-15801.71714736
-15801.71727736
-15801.71732789
-15801.71723637
-15801.71732599
-15801.71734593
-15801.71719111
-15801.71736991
-15801.71732417
-15801.71726416
-15801.71722066
-15801.71718096
-15801.71729557
-15801.71731633
-15801.71732408
-15801.71732464
-15801.71731342
-15801.71737368
-15801.71736377
-15801.71721316
-15801.71720532
-15801.71468658
-15801.71595742
-15801.71617839
-15801.71603568
-15801.71560829
-15801.71589625
-15801.71497545
-15801.71513109
-15801.71578745
-15801.71530228
-15801.71561388
-15801.71169020
-15801.71490616
-15801.71390185
-15801.71403096
-15801.71560732
-15801.71455139
-15801.71618973
-15801.71532640
-15801.71501081
-15801.71460110
-15801.71634753
-15801.71513276
-15801.71608344
-15801.71454443
-15801.71400997
-15801.71522048
-15801.71315535
-15801.71559428
-15801.71588281
-15801.71501469
-15801.71571986
-15801.71345805
-15801.71426960
-15801.71399631
-15801.71473123
-15801.71551786
-15801.71448164
-15801.71639153
-15801.71317305
-15801.71674157
-15801.71543691
-15801.71510661
-15801.71477313
-15801.71444052
-15801.71288582
-15801.71552390
-15801.71339810
-15801.71600112
-15801.71430047
-15801.71532594
-15801.71484665
-15801.71318426
-15801.71503240
-15801.71557734
-15801.71210063
-15801.71544679
-15801.71519322
-15801.71518566
-15801.71739909
-15801.71739386
-15801.71739367
-15801.71738495
-15801.71739598
-15801.71739850
-15801.71739499
-15801.71738969
-15801.71740771
-15801.71740403
-15801.71739622
-15801.71739586
-15801.71739009
-15801.71740305
-15801.71740127
-15801.71739054
-15801.71739693
-15801.71740498
-15801.71739589
-15801.71739476
-15801.71739864
-15801.71739193
-15801.71739246
-15801.71739691
-15801.71740311
-15801.71739450
-15801.71739592
-15801.71739049
-15801.71740299
-15801.71739061
-15801.71740343
-15801.71739768
-15801.71739230
-15801.71740123
-15801.71739545
-15801.71739965
-15801.71739742
-15801.71739101
-15801.71739601
-15801.71740255
-15801.71739282
-15801.71739937
-15801.71740085
-15801.71740281
-15801.71738868
-15801.71739304
-15801.71739774
-15801.71739936
-15801.71740419
-15801.71739467
-15801.71739083
-15801.71739192
-15801.71739653
-15801.71739269
-15801.71738627
-15801.71740501
-15801.71740031
-15801.71739819
-15801.71739906
-15801.71739411
-15801.71739705
-15801.71740157
-15801.71740049
-15801.71740294
-15801.71740043
-15801.71740298
-15801.71739671
-15801.71740021
-15801.71740079
-15801.71739702
-15801.71740145
-15801.71739958
-15801.71739260
-15801.71739600
-15801.71740882
-15801.71739877
-15801.71740264
-15801.71739040
-15801.71739762
-15801.71739080
-15801.71739538
-15801.71739826
-15801.71740194
-15801.71739752
-15801.71739547
-15801.71739683
-15801.71739239
-15801.71739183
-15801.71739582
-15801.71739327
-15801.71738728
-15801.71739637
-15801.71739687
-15801.71739491
-15801.71739400
-15801.71739932
-15801.71740654
-15801.71740267
-15801.71739516
-15801.71740712
-15801.71739069
-15801.71739041
-15801.71739621
-15801.71740541
-15801.71739651
-15801.71740230
-15801.71740121
-15801.71739814
-15801.71738816
-15801.71739842
-15801.71739015
-15801.71738966
-15801.71740371
-15801.71740249
-15801.71739172
-15801.71739394
-15801.71739750
-15801.71739755
-15801.71739749
-15801.71740088
-15801.71740365
-15801.71740266
-15801.71740384
-15801.71738413
-15801.71739265
-15801.71739564
-15801.71739558
-15801.71739597
-15801.71740060
-15801.71740112
-15801.71739822
-15801.71739401
-15801.71740036
-15801.71740681
-15801.71739915
-15801.71739324
-15801.71739730
-15801.71740499
-15801.71740063
-15801.71739100
-15801.71739614
-15801.71739882
-15801.71738837
-15801.71739715
-15801.71740531
-15801.71739326
-15801.71739632
-15801.71739944
-15801.71738642
-15801.71739771
-15801.71740216
-15801.71739844
-15801.71739419
-15801.71740583
-15801.71739656
-15801.71739382
-15801.71740680
-15801.71739004
-15801.71738978
-15801.71739566
-15801.71739719
-15801.71740155
-15801.71740676
-15801.71740240
-15801.71739511
-15801.71739593
-15801.71739479
-15801.71738703
-15801.71739701
-15801.71740147
-15801.71739139
-15801.71740344
-15801.71739929
-15801.71739921
-15801.71740069
-15801.71739534
-15801.71739991
-15801.71739862
-15801.71738557
-15801.71739555
-15801.71739858
-15801.71739030
-15801.71739620
-15801.71740764
-15801.71739798
-15801.71739290
-15801.71739442
-15801.71740614
-15801.71739372
-15801.71739904
-15801.71740270
-15801.71739851
-15801.71740223
-15801.71739147
-15801.71739916
-15801.71739898
-15801.71739236
-15801.71739972
-15801.71740427
-15801.71740333
-15801.71738448
-15801.71739668
-15801.71739747
-15801.71740748
-15801.71739847
-15801.71739423
-15801.71738829
-15801.71739374
-15801.71740093
-15801.71739395
-15801.71739358
-15801.71738929
-15801.71739681
-15801.71740763
-15801.71739546
-15801.71739486
-15801.71739897
-15801.71739349
-15801.71739221
-15801.71740409
-15801.71739225
-15801.71740452
-15801.71739068
-15801.71740402
-15801.71739960
-15801.71739872
-15801.71739214
-15801.71739167
-15801.71740482
-15801.71740790
-15801.71739631
-15801.71739238
-15801.71739213
-15801.71739831
-15801.71739891
-15801.71739397
-15801.71740081
-15801.71738725
-15801.71739275
-15801.71720520
-15801.71722292
-15801.71708618
-15801.71725792
-15801.71720813
-15801.71707839
-15801.71703164
-15801.71709899
-15801.71712694
-15801.71712236
-15801.71713022
-15801.71716012
-15801.71709095
-15801.71709950
-15801.71708819
-15801.71705933
-15801.71709265
-15801.71725111
-15801.71713830
-15801.71713544
-15801.71715181
-15801.71709733
-15801.71723696
-15801.71703513
-15801.71707545
-15801.71725503
-15801.71715112
-15801.71728608
-15801.71724019
-15801.71713258
-15801.71721831
-15801.71699095
-15801.71726059
-15801.71722244
-15801.71722413
-15801.71722105
-15801.71711662
-15801.71715129
-15801.71710174
-15801.71707804
-15801.71701141
-15801.71711081
-15801.71720203
-15801.71714205
-15801.71720926
-15801.71715485
-15801.71715557
-15801.71690075
-15801.71725806
-15801.71718486
-15801.71712040
-15801.71720695
-15801.71718920
-15801.71712590
-15801.71711042
-15801.71714122
-15801.71718226
-15801.71712629
-15801.71705695
-15801.71714363
-15801.71705206
-15801.71715592
-15801.71718874
-15801.71716421
-15801.71706802
-15801.71725432
-15801.71711882
-15801.71728207
-15801.71717011
-15801.71721554
-15801.71710290
-15801.71719291
-15801.71723517
-15801.71712771
-15801.71721050
-15801.71720934
-15801.71710019
-15801.71725312
-15801.71716293
-15801.71706386
-15801.71717978
-15801.71710742
-15801.71718564
-15801.71721265
-15801.71720100
-15801.71696006
-15801.71707764
-15801.71701181
-15801.71713861
-15801.71714359
-15801.71709252
-15801.71705183
-15801.71718584
-15801.71716212
-15801.71724917
-15801.71720420
-15801.71708715
-15801.71709146
-15801.71703640
-15801.71710913
-15801.71712345
-15801.71700855
-15801.71718062
-15801.71699572
-15801.71714097
-15801.71704647
-15801.71727516
-15801.71721186
-15801.71717082
-15801.71725486
-15801.71726833
-15801.71719751
-15801.71705585
-15801.71715994
-15801.71720483
-15801.71725056
-15801.71721302
-15801.71712728
-15801.71714243
-15801.71725666
-15801.71717384
-15801.71714439
-15801.71705306
-15801.71715598
-15801.71688282
-15801.71715815
-15801.71712285
-15801.71715602
-15801.71718895
-15801.71719046
-15801.71720478
-15801.71711541
-15801.71707131
-15801.71716574
-15801.71722199
-15801.71709805
-15801.71729380
-15801.71719279
-15801.71701739
-15801.71721819
-15801.71710817
-15801.71721811
-15801.71725924
-15801.71711833
-15801.71697636
-15801.71712684
-15801.71724191
-15801.71713436
-15801.71706254
-15801.71709556
-15801.71704558
-15801.71715286
-15801.71720899
-15801.71692861
-15801.71712024
-15801.71714410
-15801.71715177
-15801.71717165
-15801.71715403
-15801.71706435
-15801.71712136
-15801.71711445
-15801.71707426
-15801.71718696
-15801.71719315
-15801.71718482
-15801.71712559
-15801.71713959
-15801.71698896
-15801.71720291
-15801.71719234
-15801.71718047
-15801.71720180
-15801.71706799
-15801.71722482
-15801.71715415
-15801.71710197
-15801.71686623
-15801.71718088
-15801.71722495
-15801.71711161
-15801.71708018
-15801.71713203
-15801.71722793
-15801.71714256
-15801.71717764
-15801.71714026
-15801.71711983
-15801.71702989
-15801.71713366
-15801.71723393
-15801.71710128
-15801.71724378
-15801.71726880
-15801.71711127
-15801.71713265
-15801.71707878
-15801.71717753
-15801.71717580
-15801.71707615
-15801.71707295
-15801.71722672
-15801.71699807
-15801.71714888
-15801.71717359
-15801.71701311
-15801.71711951
-15801.71716692
-15801.71718192
-15801.71716439
-15801.71708807
-15801.71725261
-15801.71719907
-15801.71718345
-15801.71698346
-15801.71707767
-15801.71712277
-15801.71706343
-15801.71709136
-15801.71702214
-15801.71721940
-15801.71722176
-15801.71715435
-15801.71712648
-15801.71704497
-15801.71710670
-15801.71721822
-15801.71718262
-15801.71708065
-15801.71709558
-15801.71707073
-15801.71705013
-15801.71728068
-15801.71714896
-15801.71721212
-15801.71710640
-15801.71704108
-15801.71718039
-15801.71723260
-15801.71699507
-15801.71717236
-15801.71709892
-15801.71713610
-15801.71728655
-15801.71706573
-15801.71718269
-15801.71724265
-15801.71719189
-15801.71707115
-15801.71709065
-15801.71711327
-15801.71702719
-15801.71719183
-15801.71720780
-15801.71699199
-15801.71720539
-15801.71721310
-15801.71723642
-15801.71699972
-15801.71711829
-15801.71716754
-15801.71717916
-15801.71701833
-15801.71717855
-15801.71722200
-15801.71726352
-15801.71705864
-15801.71711192
-15801.71719584
-15801.71722007
-15801.71721809
-15801.71704095
-15801.71716797
-15801.71710507
-15801.71710048
-15801.71721385
-15801.71730655
-15801.71708004
-15801.71702505
-15801.71713996
-15801.71712516
-15801.71708884
-15801.71717988
-15801.71723102
-15801.71704087
-15801.71699059
-15801.71718508
-15801.71715101
-15801.71722954
-15801.71716579
-15801.71703795
-15801.71713126
-15801.71702014
-15801.71707525
-15801.71711586
-15801.71711377
-15801.71706650
-15801.71714191
-15801.71719495
-15801.71722544
-15801.71719423
-15801.71715390
-15801.71695055
-15801.71711340
-15801.71711858
-15801.71715572
-15801.71723521
-15801.71708159
-15801.71719593
-15801.71717307
-15801.71707210
-15801.71692253
-15801.71712953
-15801.71716232
-15801.71713216
-15801.71714712
-15801.71720125
-15801.71709637
-15801.71706401
-15801.71716280
-15801.71705849
-15801.71723995
-15801.71711562
-15801.71713769
-15801.71717728
-15801.71714345
-15801.71722736
-15801.71703783
-15801.71713857
-15801.71718458
-15801.71714134
-15801.71709045
-15801.71726700
-15801.71724017
-15801.71723656
-15801.71714661
-15801.71707212
-15801.71710212
-15801.71712936
-15801.71723518
-15801.71710540
-15801.71718763
-15801.71708957
-15801.71704013
-15801.71700842
-15801.71699447
-15801.71699623
-15801.71720002
-15801.71711278
-15801.71719378
-15801.71722300
-15801.71727349
-15801.71714187
-15801.71716002
-15801.71720368
-15801.71721652
-15801.71720194
-15801.71716373
-15801.71723965
-15801.71716200
-15801.71725397
-15801.71709331
-15801.71714984
-15801.71719331
-15801.71716739
-15801.71482847
-15801.71398570
-15801.71393790
-15801.71508618
-15801.71627473
-15801.71406363
-15801.71565845
-15801.71446371
-15801.71519640
-15801.71723016
-15801.71703739
-15801.71704650
-15801.71716171
-15801.71725842
-15801.71720770
-15801.71718571
-15801.71700491
-15801.71720379
-15801.71710906
-15801.71705057
-15801.71717930
-15801.71709726
-15801.71717431
-15801.71718194
-15801.71702087
-15801.71715212
-15801.71722806
-15801.71718573
-15801.71699810
-15801.71704274
-15801.71719017
-15801.71727715
-15801.71700067
-15801.71724980
-15801.71702781
-15801.71708301
-15801.71705902
-15801.71705661
-15801.71718727
-15801.71718380
-15801.71719131
-15801.71715820
-15801.71719439
-15801.71711490
-15801.71717032
-15801.71705464
-15801.71701601
-15801.71708398
-15801.71722809
-15801.71707835
-15801.71704900
-15801.71711072
-15801.71704940
-15801.71691943
-15801.71726343
-15801.71715443
-15801.71719548
-15801.71712038
-15801.71698967
-15801.71412195
-15801.71468282
-15801.71368469
-15801.71666974
-15801.71594898
-15801.71579446
-15801.71480592
-15801.71210376
-15801.71506453
-15801.71626732
-15801.71377579
-15801.71602612
-15801.71430808
-15801.71483212
-15801.71453052
-15801.71348246
-15801.71394323
-15801.71580148
-15801.71569155
-15801.71407532
-15801.71432286
-15801.71454103
-15801.71463476
-15801.71392636
-15801.71527733
-15801.71540354
-15801.71474550
-15801.71508777
-15801.71523959
-15801.71554460
-15801.71366355
-15801.71417841
-15801.71719402
-15801.71707846
-15801.71713476
-15801.71711911
-15801.71714784
-15801.71724124
-15801.71708161
-15801.71714885
-15801.71715253
-15801.71714586
-15801.71714116
-15801.71704943
-15801.71717052
-15801.71716237
-15801.71719108
-15801.71725524
-15801.71706664
-15801.71715304
-15801.71718813
-15801.71715051
-15801.71722685
-15801.71728792
-15801.71709674
-15801.71712487
-15801.71717708
-15801.71720919
-15801.71728105
-15801.71697861
-15801.71708979
-15801.71716261
-15801.71715699
-15801.71716287
-15801.71724406
-15801.71703153
-15801.71711558
-15801.71719318
-15801.71724969
-15801.71705009
-15801.71719282
-15801.71740339
-15801.71740815
-15801.71740122
-15801.71740522
-15801.71739655
-15801.71739460
-15801.71740496
-15801.71740032
-15801.71740033
-15801.71739163
-15801.71739873
-15801.71739876
-15801.71739541
-15801.71740161
-15801.71740231
-15801.71739535
-15801.71740118
-15801.71740505
-15801.71739249
-15801.71740972
-15801.71740214
-15801.71739203
-15801.71740146
-15801.71739519
-15801.71738900
-15801.71738736
-15801.71739989
-15801.71739399
-15801.71738947
-15801.71739337
-15801.71739560
-15801.71739165
-15801.71739945
-15801.71739979
-15801.71740251
-15801.71740022
-15801.71739636
-15801.71740740
-15801.71740278
-15801.71740086
-15801.71738424
-15801.71709472
-15801.71725485
-15801.71721957
-15801.71714790
-15801.71697335
-15801.71714154
-15801.71726210
-15801.71720665
-15801.71711138
-15801.71714548
-15801.71724501
-15801.71716858
-15801.71711202
-15801.71716472
-15801.71705700
-15801.71711757
-15801.71705329
-15801.71717344
-15801.71714546
-15801.71717761
-15801.71706717
-15801.71711769
-15801.71707886
-15801.71706207
-15801.71702831
-15801.71712889
-15801.71718730
-15801.71715228
-15801.71711866
-15801.71707751
-15801.71709568
-15801.71705299
-15801.71704330
-15801.71724223
-15801.71708005
-15801.71715027
-15801.71715717
-15801.71729194
-15801.71709499
-15801.71724968
-15801.71721256
-15801.71711641
