0
1
2
3
4
5
6
7
8
9
10
11
12
13
14
15
16
17
18
19
20
21
22
23
24
25
26
27
28
29
30
31
32
33
34
35
36
37
38
39
40
41
42
43
44
45
46
47
48
49
50
51
52
53
54
55
56
57
58
59
60
61
62
63
64
65
66
67
68
69
70
71
72
73
74
75
76
77
78
79
80
81
82
83
84
85
86
87
88
89
90
91
92
93
94
95
96
97
98
99
100
101
102
103
104
105
106
107
108
109
110
111
112
113
114
115
116
117
118
119
120
121
122
123
124
125
126
127
128
129
130
131
132
133
134
135
136
137
138
139
140
141
142
143
144
145
146
147
148
149
150
151
152
153
154
155
156
157
158
159
160
161
162
163
164
165
166
167
168
169
170
171
172
173
174
175
176
177
178
179
180
181
182
183
184
185
186
187
188
189
190
191
192
193
194
195
196
197
198
199
200
201
202
203
204
205
206
207
208
209
210
211
212
213
214
215
216
217
218
219
220
221
222
223
224
225
226
227
228
229
230
231
232
233
234
235
236
237
238
239
240
241
242
243
244
245
246
247
248
249
250
251
252
253
254
255
256
257
258
259
260
261
262
263
264
265
266
267
268
269
270
271
272
273
274
275
276
277
278
279
280
281
282
283
284
285
286
287
288
289
290
291
292
293
294
295
296
297
298
299
300
301
302
303
304
305
306
307
308
309
310
311
312
313
314
315
316
317
318
319
320
321
322
323
324
325
326
327
328
329
330
331
332
333
334
335
336
337
338
339
340
341
342
343
344
345
346
347
348
349
350
351
352
353
354
355
356
357
358
359
360
361
362
363
364
365
366
367
368
369
370
371
372
373
374
375
376
377
378
379
380
381
382
383
384
385
386
387
388
389
390
391
392
393
394
395
396
397
398
399
400
401
402
403
404
405
406
407
408
409
410
411
412
413
414
415
416
417
418
419
420
421
422
423
424
425
426
427
428
429
430
431
432
433
434
435
436
437
438
439
440
441
442
443
444
445
446
447
448
449
450
451
452
453
454
455
456
457
458
459
460
461
462
463
464
465
466
467
468
469
470
471
472
473
474
475
476
477
478
479
480
481
482
483
484
485
486
487
488
489
490
491
492
493
494
495
496
497
498
499
500
501
502
503
504
505
506
507
508
509
510
511
512
513
514
515
516
517
518
519
520
521
522
523
524
525
526
527
528
529
530
531
532
533
534
535
536
537
538
539
540
541
542
543
544
545
546
547
548
549
550
551
552
553
554
555
556
557
558
559
560
561
562
563
564
565
566
567
568
569
570
571
572
573
574
575
576
577
578
579
580
581
582
583
584
585
586
587
588
589
590
591
592
593
594
595
596
597
598
599
600
601
602
603
604
605
606
607
608
609
610
611
612
613
614
615
616
617
618
619
620
621
622
623
624
625
626
627
628
629
630
631
632
633
634
635
636
637
638
639
640
641
642
643
644
645
646
647
648
649
650
651
652
653
654
655
656
657
658
659
660
661
662
663
664
665
666
667
668
669
670
671
672
673
674
675
676
677
678
679
680
681
682
683
684
685
686
687
688
689
690
691
692
693
694
695
696
697
698
699
700
701
702
703
704
705
706
707
708
709
710
711
712
713
714
715
716
717
718
719
720
721
722
723
724
725
726
727
728
729
730
731
732
733
734
735
736
737
738
739
740
741
742
743
744
745
746
747
748
749
750
751
752
753
754
755
756
757
758
759
760
761
762
763
764
765
766
767
768
769
770
771
772
773
774
775
776
777
778
779
780
781
782
783
784
785
786
787
788
789
790
791
792
793
794
795
796
797
798
799
800
801
802
803
804
805
806
807
808
809
810
811
812
813
814
815
816
817
818
819
820
821
822
823
824
825
826
827
828
829
830
831
832
833
834
835
836
837
838
839
840
841
842
843
844
845
846
847
848
849
850
851
852
853
854
855
856
857
858
859
860
861
862
863
864
865
866
867
868
869
870
871
872
873
874
875
876
877
878
879
880
881
882
883
884
885
886
887
888
889
890
891
892
893
894
895
896
897
898
899
900
901
902
903
904
905
906
907
908
909
910
911
912
913
914
915
916
917
918
919
920
921
922
923
924
925
926
927
928
929
930
931
932
933
934
935
936
937
938
939
940
941
942
943
944
945
946
947
948
949
950
951
952
953
954
955
956
957
958
959
960
961
962
963
964
965
966
967
968
969
970
971
4580
1189
1277
1800
5062
4432
4235
3287
1753
4683
2711
3105
3892
3715
1095
3342
2761
3311
4562
2662
2215
5017
3900
1083
4950
5457
2304
1956
1198
3890
2813
5550
1578
3588
4431
5220
2974
1832
4017
4157
4901
3249
4239
1073
3569
1648
3035
2200
2876
4178
1546
4551
2980
1898
4744
5224
4335
3233
1420
2222
3609
4059
4609
2452
4304
4041
1419
1835
1363
1319
3053
3461
4492
4979
3945
5351
5358
4294
2051
3690
2494
1513
1913
2828
4175
3296
2877
3864
3813
1164
1740
3832
5229
1969
2853
1649
1715
5167
5101
1661
5079
4631
5289
3958
5130
5141
2703
3263
1914
2337
3721
1376
1184
1424
5363
5366
4869
2473
1845
3921
3029
4397
3747
5359
1391
4494
1875
2109
4310
1596
4491
3746
1526
1361
1897
2078
1822
4810
3475
1037
2413
4311
4234
2485
3970
3100
1085
3732
3066
4118
1990
1212
4830
4554
2397
2531
3288
1810
2280
3507
4305
1746
1660
4453
1334
2216
1962
1809
1287
4649
3361
3299
1250
3489
2155
3774
3634
2410
4781
1489
2268
5162
977
4695
5343
2038
4136
5499
2227
3719
3222
3960
3629
4664
5007
1767
1991
5450
1429
4147
1008
1965
2891
4956
1322
3643
4511
1413
4071
4964
2090
2696
4643
4896
2264
2939
3331
4703
2994
3157
5356
4016
2763
4915
1820
4208
4422
1759
4949
2442
3538
1941
2234
4269
1158
4448
2032
2990
4312
1936
1167
2544
2338
3438
1499
1269
2114
3949
4002
3312
4076
2240
4264
3159
1172
5240
4066
4699
4936
3718
4724
3947
2124
5420
4490
2985
4734
2675
5278
2398
1960
4150
2470
2253
1077
998
2809
1113
3364
4890
5320
4883
4520
1656
5370
3559
4446
3664
3943
1195
2309
2376
1517
4334
1200
2255
1068
3659
2871
5012
3180
1496
5459
2288
1440
4219
4148
2068
3040
2772
1003
2537
1354
3726
4473
999
2895
4900
5342
1689
3235
1792
4301
4961
3424
5282
5344
1326
2088
1763
1849
1566
5340
1966
1066
3087
3275
1396
2100
4095
1769
1209
2131
2025
1356
3379
5063
1506
5100
2681
1194
3768
3417
3305
4969
4555
3481
4472
5390
1976
4438
4541
1564
2620
4666
4790
3046
2327
3880
4036
2273
5392
4985
1600
2286
4824
1414
2604
3674
1108
4296
1047
4240
1115
3860
4947
4645
2605
5241
2499
1581
3007
3084
2391
2845
1456
1679
4606
5230
5204
2352
2445
1337
3472
3135
1568
4085
5418
4411
2096
1831
4654
3002
2806
5164
2692
3383
4731
1994
3488
2054
5314
3727
1421
3847
2825
5090
5211
3279
3150
1748
5329
1961
4210
2665
2326
5510
1005
3915
3316
3599
2082
2823
3742
1296
4571
2011
2325
3244
2016
3303
2838
5092
3232
4326
3563
3261
2962
3043
1801
3390
2275
2464
5158
1692
1561
2037
3116
4174
4426
4181
4621
4010
2839
1974
1130
2656
2894
2925
3339
4409
4050
5546
4277
3533
4637
4991
1945
1802
1234
4060
3340
5049
3926
5316
4986
2502
1374
1959
5022
1054
2517
1520
4487
4953
3755
3941
4162
4922
1636
1797
4030
4723
2737
1024
4099
4758
1372
2367
3593
4877
1243
4759
4919
5228
3904
2368
2372
3812
3650
2129
3501
2000
5124
5355
3883
2435
3098
1082
983
2346
1827
3169
3655
3240
4868
4792
5223
4865
3686
4944
3048
4298
4116
5088
4382
2791
1093
4088
988
2635
3094
5025
2688
3761
4436
2882
2221
4873
1223
1241
3887
4627
5545
2274
4614
5028
5543
4159
4802
3999
2534
3561
2782
4704
2370
3985
991
2626
3304
2780
2571
3131
4886
3965
1106
4801
1318
5488
3566
3644
975
2360
3255
3888
2832
3208
4835
2824
1019
4313
1333
5270
1273
2674
5365
3086
4342
2572
1316
1777
3896
4702
1295
1817
1788
3762
2343
3325
4670
5125
4170
4689
5451
5107
3844
1139
3615
3744
5071
4379
2765
3739
5514
4874
4454
979
4990
4502
3850
3372
3519
1620
1397
3925
2378
3070
1867
4737
2081
1509
4735
2729
3171
1888
4709
2225
3101
3455
4895
2730
3816
4065
2844
4547
5039
3766
5033
3549
2120
2335
2937
2002
3076
4206
1388
5200
3343
2062
1874
1651
1932
1838
3025
5473
5380
1213
2777
4183
2013
3026
1858
4572
4160
4575
4249
5326
1099
5232
1521
3863
3365
1304
4146
5133
2795
4588
3649
5396
1839
4481
4804
3264
1441
5475
4597
1210
3392
3583
5264
3620
4763
1973
4629
3640
1431
5463
1590
978
4336
2943
1605
2414
1338
3542
2752
4427
1939
3520
4972
2954
1231
3780
1031
1530
3578
4093
3286
3898
3220
4941
5374
5549
3597
1663
4408
4831
2678
5208
3709
2870
1591
3506
5003
4231
1684
4852
3495
5319
1704
2873
2048
4543
4479
3205
2689
1878
2386
4931
2508
3037
2133
3601
2709
3557
1836
3258
3456
3687
4712
2630
5087
2104
1516
2958
4878
2712
5038
1922
1729
3315
4486
1366
1186
5291
1782
4576
4055
2754
1128
5306
2634
4398
1904
5288
1476
2332
5428
2903
5134
4470
2725
4894
3562
4089
4457
1122
5157
1970
2076
1864
1609
4113
1188
5518
5238
4111
1377
2545
2910
1522
5247
3798
2717
2504
3810
3426
3265
2755
3107
2851
2353
1826
3420
5280
1155
1947
2741
2203
5477
3508
2526
3548
4245
1995
2179
3545
1169
2191
3074
2608
3132
3058
2538
2188
4362
2447
3808
1712
3017
5362
1865
3514
4108
4617
5271
4440
2625
4400
3155
4153
2478
4417
4998
2049
4546
1203
2358
3352
2328
5337
3843
3628
4390
4327
5520
1977
2483
1879
2988
1770
4515
5023
2052
1657
5179
5106
1423
4120
4719
4407
4872
5161
1350
1089
1307
3282
1607
2097
3173
1071
4082
2363
5169
1950
3378
4204
3905
2788
2146
4585
1123
4289
4574
3226
1622
2496
3959
2020
4049
5273
4451
3750
4736
3647
3568
4622
4811
1942
4902
1711
1593
2185
1239
2567
5500
5439
1015
5295
5225
3413
5178
4968
4679
5144
1468
3707
5297
5552
1857
3521
5304
2510
4926
1462
4007
1466
4601
4641
5524
3359
1266
4842
4091
3427
1529
2226
1042
4774
5222
1226
1258
1280
1153
1146
2945
1742
3564
5376
4351
3550
3290
1175
3547
2147
4899
4794
4569
3875
5269
1201
3273
2932
5199
4341
3679
1211
2623
1446
2936
3490
1119
3681
2027
1011
1491
1979
3788
4821
3977
3997
4530
2184
2045
1351
4644
2978
3669
4011
2695
1934
2640
5110
2350
5441
5176
2770
2516
2334
5384
5470
3955
1747
1103
4677
2079
1528
4081
1790
1691
2940
1978
1257
2863
2113
2666
2600
1132
1828
2552
1642
1655
5513
3705
3351
2785
3886
3257
5262
3486
5173
1525
2549
4706
4281
4201
1126
1910
997
1863
4353
2784
1331
4513
4678
5168
4125
4421
2655
996
3573
4273
3465
1650
5122
4488
3376
5373
3024
1688
4299
2228
4698
1787
5478
1255
1773
5202
5197
4320
3196
4528
3251
3109
2794
2854
4681
4635
4070
3414
1370
4965
4602
2965
5406
1449
4463
1485
2289
5084
4291
3128
3513
2282
981
4202
4344
3022
2118
1487
5325
4124
5487
3184
5464
1276
1856
5287
5047
4773
1548
5515
2933
1779
4285
4603
4105
3770
3805
5281
3321
1664
1143
2829
5554
2607
1486
5535
4117
2426
4661
3471
5119
2624
1705
2018
2698
3728
5375
3079
3914
1771
4848
5276
2178
4251
3295
3802
1862
2244
2055
4348
3344
2173
4997
3405
3619
2628
4485
2532
3736
3652
3483
4687
4286
3428
4716
4293
1072
5354
1806
4435
2997
4907
3724
4027
5317
4813
3221
4019
3733
4467
3030
4989
3276
2015
3355
4957
1107
1884
4607
1783
2046
5121
1967
3206
1078
4279
3789
5020
4037
5292
3658
3223
4751
5505
3019
3831
4455
2272
1490
5426
2041
3617
3846
5054
4297
4460
2480
1775
5534
3825
2162
3313
2518
5523
4797
1043
1274
1552
1012
1670
1505
2865
2924
2739
2105
5334
2679
2983
3738
3494
5082
4333
4582
2031
2307
3989
1599
2301
3602
4497
1653
2589
3167
2384
5492
4746
3552
4853
2297
1306
1044
4843
2060
4086
2570
4121
4167
5242
1549
3979
4194
3401
3163
4233
4866
2704
4682
2889
4196
2318
1221
1851
4061
4667
3706
3178
4632
4503
3020
4945
2204
2705
5419
3694
1906
5421
5188
2490
2412
5237
3416
3758
3010
4691
5021
2489
4014
4384
1057
2172
2587
5352
4247
1402
1298
1562
2525
3088
4261
1004
3188
4818
2771
1980
1741
2063
2425
5244
3539
1629
1541
3476
5472
1673
4441
1288
1048
3165
2963
3783
3974
3443
5126
5191
1084
4542
4918
2677
3430
4685
4673
3067
1148
1137
2727
4827
4625
2764
2580
4577
4559
1140
3781
3785
1120
3174
3968
4217
3478
3036
5140
4675
1470
1045
2746
3500
2214
3657
5255
1988
4073
1355
5434
2451
5137
4508
2310
4499
3059
2042
3400
4808
2144
5001
4885
4388
1183
1925
4722
2423
1033
1416
1985
4033
2400
1409
5019
3775
5205
4275
3441
4169
3636
1514
1821
2177
1080
2196
1426
1498
2141
1390
2401
4135
3854
3320
3765
1524
1557
4489
4662
1833
3981
3388
1847
1050
3777
5512
2440
2971
4725
1193
3271
2431
2201
3254
2836
3266
3474
5268
1693
3152
1166
4415
4015
4534
3853
3590
1348
3138
4946
3511
3909
3122
2967
3845
2411
4179
4083
5207
1573
1046
4544
1617
3737
2466
2416
2799
1236
2996
2706
1443
3106
1404
3047
4812
1454
3143
3250
2319
3784
986
2661
4106
2387
3556
3967
1482
1483
1185
5468
5129
2138
3600
3544
4262
3582
1179
1378
3193
2166
2648
4730
5196
3498
1503
2476
2657
5159
3081
1472
2819
4887
1349
2072
3198
2192
5333
1803
5074
2261
3256
1445
2792
5389
3142
1253
5313
2143
4697
2021
2524
4917
3625
5053
2232
3972
1585
1340
1410
3672
5171
4329
4000
4392
5123
2745
2077
2649
3284
3691
2474
1807
4031
1963
1478
4133
4258
4069
1259
1567
4611
5263
3216
5146
5260
2676
5272
1727
2461
3957
1669
2205
4180
1018
4355
2235
4252
1695
5192
3091
4443
3942
1894
4548
4038
5104
2220
3962
2481
2375
3591
3865
1909
2364
2699
1124
2167
2539
1518
4241
5138
2312
3375
3399
1778
3907
4742
4881
5279
2599
2893
1786
3469
5307
5529
2359
3735
2223
5311
3278
4522
1533
3439
2831
1353
1386
5172
1880
3262
4800
4306
2365
4608
3277
1611
4452
1091
3695
2125
4995
4319
2797
5035
3302
2034
1583
2931
3056
2406
2415
2961
4212
4793
2528
3857
5430
2546
3362
2396
5471
3442
1586
3654
3666
3238
1040
1923
992
3851
2340
3078
1915
2912
2486
4072
2843
4933
2135
1547
3685
2270
1190
5548
5454
1387
1584
2140
2150
1997
1834
2449
2897
3725
4429
3181
2058
5027
3492
5409
4816
3631
4958
3828
1706
4375
1940
2266
1214
3623
3866
1572
5417
4960
2767
1604
2511
5034
1534
4493
1825
2506
3480
3594
3160
5142
4236
3752
2008
1394
5103
2159
3008
3371
1853
3374
1616
2330
2878
4403
3350
4391
3551
1256
1467
1493
1848
4526
2281
1998
3449
1450
1092
4214
4192
1871
2252
4556
4270
1752
4660
1762
5341
1061
5193
1451
3161
5135
1016
1841
4850
1768
4369
5414
3183
4131
4332
2505
4875
4029
3818
2970
1365
5051
3837
2101
1891
4834
3653
4959
2094
3897
1225
3197
4741
2284
5048
1327
2482
4710
3668
2432
5385
2757
5547
3248
4220
2194
1163
2691
2061
2598
3696
4573
4370
2306
1034
2793
2700
2324
4303
1032
3387
1360
3014
4096
1577
1324
4524
1662
5509
1480
5555
5300
3795
3080
5016
3855
4229
2919
3978
2341
1999
1447
2057
2512
4927
1497
1903
2198
2444
5011
5076
2460
2575
4739
4222
3453
1926
5206
5061
4529
4018
2209
2160
3689
4518
3877
5218
3740
3760
5132
5299
5046
2846
2242
3126
2175
2087
5102
1336
2564
2351
4026
1027
3667
3870
4638
1805
2986
5350
2969
1461
5293
4598
4365
3992
1069
4579
1638
4366
3052
5248
1811
5438
2702
1009
2283
2250
3307
4496
5285
5152
2998
2099
2197
4288
3998
5544
2174
4325
2459
4195
1723
4860
2864
3940
2465
5089
3039
3367
5494
2456
3145
2374
1804
3051
3990
2394
3012
4761
4254
4501
4140
4047
5437
1551
4163
4209
4109
3790
5154
2085
4586
2245
4517
4419
4570
5405
1666
2295
2723
4888
2834
1658
1448
3487
3334
4383
1251
4940
3932
2632
1161
1060
2028
2917
3606
1908
4784
4267
5460
3536
2070
3723
2262
3218
3111
3919
3156
4227
3170
4155
4978
1929
4755
4283
1375
4450
3267
1359
3113
3852
5067
2291
4378
2815
2742
3923
3083
3065
1654
4276
3782
3463
1930
3697
4786
4839
1227
4345
1293
1595
2733
5399
1766
1275
1824
2487
2778
1635
3961
4182
3419
4361
5388
1631
1885
2056
3045
3297
5353
2595
3140
2850
4828
5328
1174
5532
1532
4897
1329
4594
3301
2515
1764
4992
4648
1946
5239
1105
3468
2339
4729
3466
5212
3917
1774
5094
4952
4094
3927
2643
4321
4593
3581
5043
1515
2254
2818
5183
1646
2344
3281
3326
3411
5407
2849
2781
3214
4789
2593
2210
2182
5480
3015
3660
1718
1935
4798
2911
1401
2672
4128
5098
3385
3771
2355
5398
4200
3391
1180
1252
3611
2315
3130
4372
2550
4929
3308
3786
2145
5258
4514
4359
4765
5427
3239
2247
1129
2428
2290
5339
2811
1417
1708
1737
3618
4825
4880
4943
2554
4423
2820
2108
2427
3363
4237
2923
3189
3464
5256
2408
4354
2803
5324
3213
4084
4257
5095
3073
4753
4856
2377
3108
4021
3436
2977
3584
1452
4680
4456
3716
5203
5093
3817
1784
4274
4090
5408
5361
4356
3016
4127
3370
4688
4484
3663
2404
2149
1625
5057
4483
2714
1369
2658
1919
3272
4039
3607
3337
5275
1305
5174
2260
3136
3437
3200
1644
5443
4624
2751
5013
4776
2236
3835
3842
2909
2867
4130
5245
3859
5108
1152
1029
1204
1021
1013
4013
2644
3207
1738
3895
3457
4996
3242
3195
4143
1495
1859
2023
5283
3596
2441
1357
4760
3515
1634
4471
2314
3553
5516
3858
1230
4478
5483
2842
3294
1310
2947
2879
4260
4762
4347
4871
1682
2130
2267
1475
5127
5190
4046
3517
3412
989
3202
4187
5037
1668
3885
5301
2652
4213
1240
1473
2918
5002
2790
5462
3410
4711
4023
3253
2219
4405
3574
4962
2336
3840
4458
3683
5348
1815
2186
2804
5490
2520
1455
4165
3192
4067
2663
1713
3971
2402
1156
4663
1165
3986
1707
1315
3922
5128
1735
5553
2381
5026
4172
3092
3009
3119
2992
3418
3330
4565
1899
2463
3567
3285
5402
2276
2170
1535
2139
3144
3916
4552
1933
3259
3554
3231
5235
3756
2812
3394
2357
5302
2680
5484
4103
3848
1571
2951
2064
3793
2005
2669
4498
3983
3861
4367
1232
2541
4652
3164
1238
3398
3673
4807
3328
3068
2029
5059
1563
2362
2103
5404
2999
2841
5036
2163
5466
1937
4349
5066
2004
3382
3215
2206
2231
3729
1731
1630
2385
4564
2650
1289
3525
3757
2802
3369
2972
3934
2168
4713
5160
2457
3849
1159
1776
2683
1117
1957
3787
5498
1907
2086
3510
4324
4506
2826
1177
2773
5201
4207
1598
5315
4265
5180
1686
2875
2251
1321
2217
5495
1344
1235
4769
4459
4144
3384
1286
2953
2952
1621
1100
1197
2493
2840
2091
5215
4216
5330
5346
2050
1808
3624
5294
4006
5081
3395
1844
2694
3526
1308
5151
4836
4477
4740
2107
2948
5395
1603
4864
5000
3939
2279
4318
3038
4898
5024
2543
4630
3318
2617
5056
3717
3753
3409
995
2921
3829
3031
1249
3162
1687
4012
2501
3062
2320
1147
4433
1700
2938
5556
3450
1812
980
2014
5425
2816
5436
5528
4119
1428
4829
3075
2822
1479
1931
4253
4669
2269
2888
3298
3796
4690
5009
5189
2507
4533
2033
1264
3834
4290
2922
5243
2591
2169
2265
4300
3700
3868
2719
3435
3203
3692
1036
4028
4057
2713
4278
4287
3893
2059
5394
2207
3187
4188
1474
1992
4973
2565
4323
2585
4780
2296
3204
4510
1380
3247
2872
5474
1639
2089
2774
3748
3924
2866
3988
1996
4653
1062
1138
3792
3377
5446
1697
4462
4782
1739
2766
4785
1395
3237
5338
5131
2800
2627
4841
1813
3310
2941
3467
4521
5060
5083
4504
2576
5332
4476
5372
2647
3479
2443
5493
3677
3879
1368
4428
3528
2827
2529
4145
2420
3534
3191
1323
4854
5097
3699
1279
5065
1215
2884
3085
3911
2293
4889
1278
2040
1889
4223
1949
1150
2361
1207
2984
5349
5367
1427
1819
4464
1342
2317
3529
4600
5497
3512
3675
1206
2258
4656
4475
2468
2039
4981
3241
1579
1379
3903
4863
2495
4694
3741
3830
5136
2756
3429
1952
3093
1698
3612
1272
4363
2233
3936
2555
4720
3714
1023
4955
1371
4558
1502
3532
3219
1438
1265
4587
2710
4447
2603
3882
1220
1751
3061
4851
4584
1555
4122
1453
1883
3656
4509
2892
1981
2902
1007
1481
2837
2248
1028
3822
4954
1026
2187
3260
4727
2019
4750
4242
1006
5482
5112
1873
2898
1719
5416
2726
1229
3702
2860
4599
1202
5194
4466
5323
1010
4672
3230
4553
3633
4152
2869
2022
1882
2299
3177
4331
2558
2858
5530
5312
2830
5502
3993
5254
5496
4228
2638
2292
2991
2199
4626
2907
4097
4368
2012
1494
4357
3458
1217
3353
5286
4317
5214
3397
5393
2065
2345
3060
1002
4414
1433
4591
4168
1270
4399
4309
5476
3027
1063
5411
5360
4171
1111
4243
2852
2333
4970
1780
1618
4139
4754
3912
2030
3952
1508
3665
5486
5296
3749
3645
4705
4292
1464
1920
2930
1538
3459
2886
1588
1972
2080
2383
1756
2583
2612
2653
3772
1025
1283
4360
2095
5551
3570
2434
5485
1173
3064
1587
5231
3871
3175
2621
4062
4505
4589
2724
1267
5318
5541
2347
5156
1074
3688
3209
3966
4198
4535
2631
2003
1539
4628
1000
2955
4948
2989
4823
3269
1886
1614
3708
5032
1860
2687
1135
1312
4054
5216
3531
1757
3432
2775
4844
2389
2009
3899
1816
1196
4592
3335
3579
3587
4928
5257
3034
4980
4527
2305
4176
3874
2881
5432
3270
3651
4700
2418
2920
3089
3148
2354
4910
2154
2388
3769
3944
1407
5096
3317
4820
4795
4613
3954
1484
2750
2596
4468
4692
2390
2942
4583
5309
2122
1261
4314
4619
1543
1056
5148
4647
4904
2966
2697
3493
2471
3333
1170
2183
2073
4616
4507
4738
5209
4034
2883
4413
3433
1553
1079
4674
3356
2995
2789
3881
4803
4158
1317
4566
4640
1260
3354
2181
4248
2530
1104
3734
2382
2982
3811
4107
3931
1798
1109
1178
1192
5078
4005
4302
2796
2311
3751
2190
3803
1075
5058
3698
3537
3338
4651
4642
3332
2716
3701
2579
1890
5250
5265
2211
4197
4884
4796
3127
2835
5236
5481
2405
2224
2553
4610
5526
5064
4189
5401
3630
3995
5086
5044
2300
1983
3110
4756
4581
2238
1343
3555
973
1971
3448
4714
4284
2562
1263
2161
2257
2119
4612
4226
4984
2768
1710
1110
4908
5327
3470
1335
5226
5147
4516
3608
3004
3523
3661
2582
1726
4977
4855
1678
3496
4930
4266
2323
1672
1160
4232
4659
5310
4064
2503
2017
1313
2721
3268
4316
1219
1442
1405
3894
5522
1052
3454
1602
3386
1680
5444
1589
3347
4439
4295
1500
2422
1001
4009
5219
3021
2707
3246
1415
3713
2821
3891
1837
3102
1389
1182
2762
3933
1412
1537
2313
3199
3841
2523
1720
3095
5503
1081
2779
4538
1384
4437
5266
3422
4404
1118
4008
2642
5080
1102
2430
4867
3969
4684
3408
4389
3357
3236
3404
4913
4676
2987
3341
2349
1471
3712
1199
1893
5435
2302
1216
4805
3041
3055
1341
2165
3953
3680
4132
1055
1637
4525
4396
5139
2475
4134
4035
3103
1861
2098
5109
4259
2671
1896
5041
3069
3090
3032
5182
3576
2153
2805
1488
1114
3403
3348
3918
5413
3996
4184
1628
3676
2134
1887
1912
2540
2573
5298
5347
4024
3434
3077
4424
5091
2521
1615
1559
4185
1162
1690
3814
1020
4098
2111
1059
3071
1632
1271
3179
2769
1096
4166
2913
2263
3000
1734
5525
2213
5010
1469
3380
4412
1550
2743
3964
5166
5410
1671
1982
3779
1022
3980
4560
5415
3610
1098
3703
3982
2731
3530
1527
1352
4858
3129
1794
987
1297
1560
2278
3452
5383
1325
1465
3072
3118
4914
3635
4536
1565
5040
2817
4814
4932
2429
1676
3948
2551
1791
2633
1301
4401
2117
2446
3963
1086
1121
3349
3112
3396
4615
2639
4778
2959
3139
5267
5507
1613
1796
4747
1954
5116
3684
3572
4764
3524
4920
5519
1285
1294
4921
4346
2904
2246
4549
1314
1205
5261
1736
3639
2112
1330
1750
4154
4173
5403
4870
2356
2637
2629
1895
3044
3646
2749
3535
4339
4815
4976
3754
4882
2519
4822
2509
5186
3154
4859
4465
5508
5143
4512
1795
3245
2136
3033
2392
4743
4225
3799
4080
3778
5115
1101
1399
2001
4338
3935
4876
2500
4218
1154
2469
2557
4048
3006
2522
3806
1580
3166
4387
1675
2926
4993
1594
1168
4191
4164
2670
3604
3586
4787
1916
2322
2180
3120
1144
4832
2798
2462
2856
3003
3836
1097
3228
4561
5117
3423
5004
1434
2036
994
4892
4420
4840
2379
2484
5533
1647
2718
4385
1911
2659
2581
1133
5175
4963
3670
3710
1346
4636
4138
1457
972
4224
2611
1901
5322
2890
4833
3504
4783
1038
4983
3123
1732
4056
2887
1444
1799
4075
1131
4186
3005
5369
1855
4003
5246
2590
4893
2171
5378
4733
3616
1643
3473
4425
4701
3642
1299
3099
1701
4268
1576
1292
1014
3884
2586
1818
5055
1772
3595
4376
2944
5085
4263
5277
2645
2256
4410
2488
4707
2701
5068
2132
4315
1364
2673
1383
1242
4350
3622
3585
4987
5177
1436
4100
2660
3327
3763
4280
2908
5391
2973
1492
1842
3082
2949
5400
2956
2438
4322
3224
2807
2393
5069
1755
2588
2542
1051
4137
5449
3314
2106
3324
1645
5150
5445
3451
2857
2348
1951
1830
1674
1694
2448
1393
4434
3815
2584
1222
4074
4051
3910
4779
1531
3930
4531
3274
4806
1430
1975
5120
1237
3711
1948
2722
1574
2287
3807
1761
1510
1601
4469
3730
4772
2121
1696
4819
3117
4177
5113
2230
4272
4102
2577
3987
3358
4523
1459
3731
2786
2976
3137
4374
4430
4982
2859
3291
4568
3605
2993
5198
2535
1592
2740
5540
5185
3839
2957
2303
5233
1408
3023
3497
5221
2127
2861
2294
5423
2454
3440
4282
2128
2437
1641
4693
3704
4244
1714
4461
5397
2395
4708
5542
2074
5187
3054
2472
1558
5489
1619
4092
3598
3577
1403
5163
3415
1683
1721
2934
5537
4343
3580
1064
4114
1749
3946
4203
2066
5382
4567
2239
4068
2102
5431
1927
1722
3671
4620
2968
1608
1765
2561
1905
1268
3991
2316
1373
4665
3360
3477
3951
5504
4151
1076
1065
5336
4605
5538
2556
3185
4474
4655
3289
3509
5145
3134
3929
2708
4799
4386
4861
1382
974
1728
1986
1151
4045
2407
3994
2092
4380
1398
1512
3722
4032
4847
5303
2684
2885
2110
2847
1187
4545
3928
2527
2808
4966
2641
2690
4748
3800
2609
2298
3049
4052
4416
4112
2123
4161
1640
3767
3225
2855
5249
1924
3973
1545
985
1090
5381
2833
3589
2403
5357
3720
4519
5422
1745
5479
4221
2597
5284
2901
5030
1902
3368
4123
5070
2728
2450
3743
1127
4250
4020
5469
1347
2137
3833
5433
3872
2497
1507
1392
1544
5377
2417
1309
5050
5453
2158
2916
3804
2566
4402
1814
1733
1460
4788
4791
5210
2047
4238
2668
1422
1659
4768
5424
1716
5077
1993
4826
2053
5335
4087
4557
1754
4381
3407
2654
1964
4925
4532
5170
5045
5006
2602
4149
1233
3345
3381
3820
5227
3482
4328
1724
1302
2615
3826
4115
4905
5234
4604
5114
3491
2424
3794
4482
1112
4934
1597
3838
2548
1418
4752
2601
2760
5259
4246
1665
2935
3201
2613
1928
2479
1921
1463
3280
5253
1743
3444
3300
3210
3901
2075
4444
4646
1300
1944
3776
4358
2116
2491
4775
4255
4230
2783
4942
2069
1437
2467
1823
3125
1702
5527
3773
3603
2559
5018
2758
1141
3445
2547
3908
3446
3133
2492
1958
3499
3366
4770
5118
2249
1171
1362
2622
2776
4025
2148
2157
5042
5456
5165
3862
2084
2715
1854
5371
3336
976
1843
1717
2331
4715
4732
1088
1575
5099
5379
2006
2229
3097
3873
3613
1685
4971
1570
4838
3322
5181
2618
4974
5155
2380
4658
3614
1477
2560
4205
5458
1703
4938
5440
2115
4550
4668
3869
1248
4044
3194
2905
4352
2646
1218
2744
984
1730
1582
1244
4079
1425
2614
1406
2433
1612
3764
1284
1627
2862
4903
1852
3028
4271
3146
5364
4539
3876
1501
2574
2342
3682
2189
5447
4696
4449
4078
3637
1345
2664
4717
1881
4891
1049
2259
1094
2616
1870
3211
2083
3421
4595
4766
4563
1610
2373
3393
4004
2748
1725
3149
2686
4906
2007
4406
1303
5305
2453
2043
1917
3632
3540
5536
5105
3447
4110
4951
1439
2810
2369
2419
3176
2243
3153
1017
5308
1281
5491
3158
2594
1554
3937
1458
1955
1846
4393
1943
4757
5331
4340
2900
3678
4994
5195
1785
1228
3641
2759
1125
2421
4156
1681
4394
2277
2610
5539
2732
4371
1866
3151
2142
4590
3182
5429
1358
2685
1432
5386
5452
1339
1208
3571
1540
1254
4042
1536
4849
5075
1667
4101
2578
1556
1041
3050
4988
3323
3759
3147
3425
1569
4911
4199
2960
5531
2814
1869
3227
1035
3522
2868
4126
2899
4923
4537
2975
3558
1291
2787
2734
2927
3346
5448
3373
4495
3319
2271
4935
1900
4924
1381
4104
5517
3431
3856
3057
2880
5005
4418
1067
3976
1142
1877
2067
5511
2563
3234
5149
2568
3503
3693
2024
4308
4718
4211
4337
2636
5387
4142
5467
2164
5252
4721
1053
2906
2915
1633
3745
4330
5290
3484
1868
3293
5111
1699
3819
2498
3217
2738
2026
3011
5073
1030
3902
4909
2321
1116
3575
5345
3889
2747
2151
3975
1320
4912
3141
1328
4618
3516
1968
2237
3402
3662
2202
2753
1760
5184
5015
1039
3018
2735
1176
2308
3920
1850
4634
2848
5274
4633
4657
5442
5461
4480
1087
1626
3462
2720
3001
1367
4215
1149
2946
2044
2193
4364
3913
5368
5014
5052
4058
1829
1435
3984
4837
1181
1157
3406
3906
4686
2156
1840
3186
4256
2929
2035
1677
1290
1984
4639
3190
4809
2010
2981
2651
1542
2533
1709
3518
2950
3229
2606
5251
4671
1781
1136
4040
4373
4939
1523
3115
1282
4916
1262
4749
3560
3801
1145
3791
2569
3502
3389
3283
2477
3172
1134
3565
5213
5455
3309
3460
1989
2928
3621
2964
4596
3527
2667
3648
3938
3809
3821
2439
2736
1058
4442
5031
4845
2536
4377
5217
1876
4063
4745
3329
2514
5521
4053
4077
4975
2212
2208
1623
2371
1938
4767
4141
2979
1511
4540
2071
2455
4999
1758
1245
2458
1624
3252
4445
4650
993
1606
4771
4728
3124
3592
3505
1070
1247
4846
3956
3042
3950
1987
1400
3824
2874
4307
3638
4862
5501
3546
4193
3096
4022
2592
1793
3485
4190
2329
2399
4578
1504
1311
1872
5412
5153
3104
1892
4857
2285
4967
3306
2436
2619
3114
1224
5506
3168
2195
3626
2176
1744
2152
2693
4817
2241
3541
3121
2914
3878
4395
4129
2366
4937
3543
4500
3063
1191
5321
4777
1652
1519
3823
3867
2513
4001
4623
3797
1411
3212
1918
4726
990
5072
1246
2896
2801
2093
1953
982
3013
3243
4043
5008
3627
1789
2409
3827
4879
1332
2682
3292
2126
5029
2218
5465
1385
