-15801.7171295140
-15801.7170951375
-15801.7169953981
-15801.7170030122
-15801.7170693379
-15801.7170065067
-15801.7171104741
-15801.7171687901
-15801.7169221263
-15801.7170313577
-15801.7170155062
-15801.7169719729
-15801.7170189624
-15801.7170599046
-15801.7171057354
-15801.7171090532
-15801.7169965882
-15801.7170871057
-15801.7132725499
-15801.7144477224
-15801.7132882426
-15801.7171857027
-15801.7162236778
-15801.7159567158
-15801.7137969074
-15801.7155329397
-15801.7144298279
-15801.7159266462
-15801.7138319373
-15801.7133620087
-15801.7171146503
-15801.7159599276
-15801.7160707522
-15801.7128189619
-15801.7148377548
-15801.7146670499
-15801.7133998435
-15801.7136003286
-15801.7131879516
-15801.7159199349
-15801.7137070705
-15801.7147485606
-15801.7147465323
-15801.7150987364
-15801.7154060293
-15801.7152410093
-15801.7150008050
-15801.7138144425
-15801.7145839769
-15801.7141445832
-15801.7170990848
-15801.7168900657
-15801.7170426150
-15801.7169993448
-15801.7170019931
-15801.7170765471
-15801.7169683089
-15801.7170387359
-15801.7170545541
-15801.7170749532
-15801.7170669691
-15801.7169071683
-15801.7170096951
-15801.7170626257
-15801.7171059077
-15801.7171838316
-15801.7171426535
-15801.7171213074
-15801.7170903221
-15801.7169952501
-15801.7170901113
-15801.7172051139
-15801.7169698323
-15801.7169897647
-15801.7171454134
-15801.7170965693
-15801.7170955689
-15801.7170882856
-15801.7169673731
-15801.7170132421
-15801.7169868801
-15801.7171585464
-15801.7171418912
-15801.7169964522
-15801.7170080188
-15801.7171347611
-15801.7170772743
-15801.7172107976
-15801.7170518879
-15801.7174741753
-15801.7174477674
-15801.7174861061
-15801.7174617635
-15801.7174842872
-15801.7174701959
-15801.7174691793
-15801.7174731477
-15801.7174602350
-15801.7174545495
-15801.7174627136
-15801.7174622028
-15801.7174620636
-15801.7174592898
-15801.7174505076
-15801.7174595427
-15801.7174666636
-15801.7174653395
-15801.7174585019
-15801.7174515950
-15801.7174248742
-15801.7174460171
-15801.7174404498
-15801.7174588980
-15801.7174505150
-15801.7174576748
-15801.7174548398
-15801.7174624689
-15801.7174741203
-15801.7174408777
-15801.7174486236
-15801.7174414242
-15801.7174664658
-15801.7174659788
-15801.7174860599
-15801.7174719068
-15801.7174563774
-15801.7174481086
-15801.7174333834
-15801.7174687389
-15801.7174624607
-15801.7170566430
-15801.7171303513
-15801.7171218500
-15801.7170262259
-15801.7168958065
-15801.7170467129
-15801.7171388615
-15801.7170964998
-15801.7169941565
-15801.7170054185
-15801.7171401093
-15801.7171023644
-15801.7169145061
-15801.7170874498
-15801.7170034504
-15801.7171056982
-15801.7171472829
-15801.7170224533
-15801.7170191180
-15801.7169820765
-15801.7170474976
-15801.7169561225
-15801.7170590298
-15801.7169913502
-15801.7170781103
-15801.7169800960
-15801.7170504947
-15801.7170081284
-15801.7169321254
-15801.7169503061
-15801.7169819207
-15801.7170245619
-15801.7171682463
-15801.7172120822
-15801.7169851448
-15801.7170761541
-15801.7170300012
-15801.7171414896
-15801.7170409289
-15801.7171180754
-15801.7172397002
-15801.7169642072
-15801.7170953430
-15801.7170723855
-15801.7169569919
-15801.7170649000
-15801.7169737747
-15801.7170473118
-15801.7170676471
-15801.7169127796
-15801.7171912711
-15801.7170178844
-15801.7170903498
-15801.7170599732
-15801.7171648037
-15801.7171838020
-15801.7171372238
-15801.7170005907
-15801.7169941195
-15801.7170458830
-15801.7171483919
-15801.7170864017
-15801.7170519037
-15801.7174263619
-15801.7169628087
-15801.7170051283
-15801.7170103361
-15801.7174537296
-15801.7170782184
-15801.7170933762
-15801.7170544667
-15801.7170656071
-15801.7169994243
-15801.7174522954
-15801.7170436009
-15801.7169570000
-15801.7170124261
-15801.7169974120
-15801.7171200236
-15801.7170254728
-15801.7170045632
-15801.7169934290
-15801.7170139083
-15801.7170456495
-15801.7171963296
-15801.7170468144
-15801.7169850158
-15801.7171004072
-15801.7170860861
-15801.7170076325
-15801.7170572675
-15801.7170311311
-15801.7170028556
-15801.7169940095
-15801.7171275900
-15801.7170420678
-15801.7169567798
-15801.7170403350
-15801.7170365295
-15801.7170072912
-15801.7169649994
-15801.7170313424
-15801.7170913324
-15801.7170810951
-15801.7169718695
-15801.7170835421
-15801.7170324334
-15801.7170612437
-15801.7170341699
-15801.7169926784
-15801.7170603214
-15801.7170796307
-15801.7170865526
-15801.7170791142
-15801.7169536814
-15801.7171488025
-15801.7170837849
-15801.7171246321
-15801.7170288755
-15801.7170654203
-15801.7169869942
-15801.7171328551
-15801.7170746551
-15801.7171450707
-15801.7171118246
-15801.7171140460
-15801.7170034898
-15801.7170983070
-15801.7169111919
-15801.7170075645
-15801.7171650801
-15801.7169871795
-15801.7170552463
-15801.7169052241
-15801.7172030261
-15801.7170168404
-15801.7170094601
-15801.7170048693
-15801.7170424489
-15801.7171660364
-15801.7170486972
-15801.7170491775
-15801.7170355309
-15801.7169762042
-15801.7171189327
-15801.7171031592
-15801.7169979894
-15801.7170391141
-15801.7172148603
-15801.7170543342
-15801.7169678202
-15801.7171963387
-15801.7171156805
-15801.7170385757
-15801.7170492260
-15801.7170045289
-15801.7171775121
-15801.7172410616
-15801.7170458726
-15801.7169020358
-15801.7170154691
-15801.7171130582
-15801.7171355861
-15801.7170767533
-15801.7170744553
-15801.7172346503
-15801.7170064198
-15801.7170654770
-15801.7170321824
-15801.7171996928
-15801.7170072586
-15801.7170427990
-15801.7169846960
-15801.7171432445
-15801.7171093946
-15801.7169965912
-15801.7171485367
-15801.7171545750
-15801.7169782673
-15801.7169583119
-15801.7170385011
-15801.7171525490
-15801.7172375182
-15801.7169660424
-15801.7169422842
-15801.7171884670
-15801.7171781370
-15801.7169513842
-15801.7169391724
-15801.7169929760
-15801.7170018564
-15801.7171124890
-15801.7170523356
-15801.7169817685
-15801.7169742713
-15801.7170777832
-15801.7169797398
-15801.7169939823
-15801.7169881495
-15801.7170258744
-15801.7170184695
-15801.7170865190
-15801.7170519981
-15801.7170196714
-15801.7170407743
-15801.7171117285
-15801.7172145034
-15801.7170354395
-15801.7170660614
-15801.7169894608
-15801.7170187458
-15801.7171287231
-15801.7169870521
-15801.7170292474
-15801.7170036053
-15801.7170493727
-15801.7169939020
-15801.7171644651
-15801.7170103324
-15801.7170523896
-15801.7170426494
-15801.7170405242
-15801.7172284940
-15801.7171641589
-15801.7171710762
-15801.7172922924
-15801.7170433234
-15801.7172049587
-15801.7172002315
-15801.7174544953
-15801.7171140993
-15801.7170548006
-15801.7170178363
-15801.7169979312
-15801.7169862132
-15801.7170290220
-15801.7169443382
-15801.7170478783
-15801.7171413958
-15801.7170550277
-15801.7170026492
-15801.7170272486
-15801.7170516134
-15801.7170581798
-15801.7170179169
-15801.7170303148
-15801.7170938680
-15801.7170624251
-15801.7169717104
-15801.7169908205
-15801.7169607544
-15801.7170179764
-15801.7169692842
-15801.7170649103
-15801.7169798963
-15801.7170062994
-15801.7170615392
-15801.7171102338
-15801.7170487319
-15801.7170272821
-15801.7169377957
-15801.7169401748
-15801.7170582779
-15801.7170494340
-15801.7171346085
-15801.7169828435
-15801.7170476054
-15801.7170479129
-15801.7170053539
-15801.7170936268
-15801.7170975487
-15801.7171218072
-15801.7169485555
-15801.7171002238
-15801.7169696698
-15801.7169789469
-15801.7170797943
-15801.7169844678
-15801.7170496943
-15801.7169147005
-15801.7169986904
-15801.7170358244
-15801.7170859194
-15801.7170665966
-15801.7170620841
-15801.7169910464
-15801.7170722225
-15801.7170351518
-15801.7170455083
-15801.7169959195
-15801.7170666368
-15801.7169805006
-15801.7169949241
-15801.7169877051
-15801.7170148430
-15801.7170961147
-15801.7171611087
-15801.7170706746
-15801.7170279961
-15801.7170118724
-15801.7171120436
-15801.7172226484
-15801.7170688765
-15801.7171099403
-15801.7170161384
-15801.7172339363
-15801.7171190510
-15801.7170256151
-15801.7170290579
-15801.7170047259
-15801.7170357291
-15801.7169449115
-15801.7169388187
-15801.7170553799
-15801.7169880109
-15801.7172736416
-15801.7171036996
-15801.7171683175
-15801.7170420526
-15801.7170787086
-15801.7171842420
-15801.7170197331
-15801.7170242086
-15801.7173004659
-15801.7170095908
-15801.7171121877
-15801.7169801542
-15801.7171012764
-15801.7171399248
-15801.7170965274
-15801.7172371745
-15801.7170217067
-15801.7169715191
-15801.7170130863
-15801.7170920005
-15801.7173829076
-15801.7169850588
-15801.7170583550
-15801.7171147836
-15801.7169809371
-15801.7170496223
-15801.7170513059
-15801.7169723497
-15801.7170978587
-15801.7174533999
-15801.7169686968
-15801.7169808285
-15801.7171048874
-15801.7170428783
-15801.7171516199
-15801.7169364903
-15801.7171035440
-15801.7169880805
-15801.7171118692
-15801.7171482276
-15801.7168890535
-15801.7170150040
-15801.7170551489
-15801.7171344264
-15801.7170368500
-15801.7170483978
-15801.7171093715
-15801.7170812196
-15801.7170012361
-15801.7172266138
-15801.7171437340
-15801.7170279679
-15801.7170114455
-15801.7170437723
-15801.7171310347
-15801.7170520218
-15801.7169774910
-15801.7172837112
-15801.7170845979
-15801.7170605593
-15801.7170155685
-15801.7169993605
-15801.7170709928
-15801.7171269152
-15801.7169691484
-15801.7170786612
-15801.7170149244
-15801.7171313160
-15801.7170387368
-15801.7171637923
-15801.7170387071
-15801.7168946074
-15801.7170322038
-15801.7170191291
-15801.7170255934
-15801.7169996744
-15801.7171002520
-15801.7169956526
-15801.7170864079
-15801.7171236529
-15801.7170218399
-15801.7171675049
-15801.7170678107
-15801.7170067322
-15801.7169461343
-15801.7169550550
-15801.7169226238
-15801.7169479627
-15801.7170983552
-15801.7171231909
-15801.7169871380
-15801.7170543399
-15801.7169691967
-15801.7169946217
-15801.7170132766
-15801.7171529901
-15801.7169834038
-15801.7170207120
-15801.7171178378
-15801.7170674224
-15801.7169843685
-15801.7169506563
-15801.7169108350
-15801.7169395555
-15801.7171972293
-15801.7170556276
-15801.7170021724
-15801.7170714569
-15801.7170635616
-15801.7169636522
-15801.7169627149
-15801.7170616252
-15801.7170450563
-15801.7171013772
-15801.7170995055
-15801.7170780094
-15801.7170283708
-15801.7170431997
-15801.7170046948
-15801.7170383647
-15801.7170942357
-15801.7170180062
-15801.7169581896
-15801.7170915299
-15801.7170761325
-15801.7170327620
-15801.7171689706
-15801.7170987711
-15801.7170116242
-15801.7170466179
-15801.7169367915
-15801.7170475730
-15801.7170634426
-15801.7169939772
-15801.7171543526
-15801.7170091384
-15801.7170314232
-15801.7170476175
-15801.7170572206
-15801.7170277608
-15801.7170155429
-15801.7169608836
-15801.7170305363
-15801.7170773475
-15801.7169774751
-15801.7170261558
-15801.7170485343
-15801.7170233506
-15801.7170347925
-15801.7170106002
-15801.7169630608
-15801.7171821802
-15801.7170137990
-15801.7170009332
-15801.7171202398
-15801.7171017338
-15801.7169916371
-15801.7171242334
-15801.7170899713
-15801.7170982166
-15801.7171085183
-15801.7170811420
-15801.7171186966
-15801.7174525765
-15801.7170734592
-15801.7169675948
-15801.7169632802
-15801.7171134250
-15801.7170014727
-15801.7171330855
-15801.7172590474
-15801.7170552573
-15801.7170603196
-15801.7170699455
-15801.7169900109
-15801.7169958436
-15801.7171435245
-15801.7169739018
-15801.7170067580
-15801.7170208340
-15801.7170489608
-15801.7169414371
-15801.7170026907
-15801.7170051212
-15801.7170344705
-15801.7170046257
-15801.7171497148
-15801.7170186447
-15801.7170656385
-15801.7169911860
-15801.7172549125
-15801.7172480164
-15801.7170104293
-15801.7170529356
-15801.7171268119
-15801.7169349470
-15801.7169492361
-15801.7169962118
-15801.7170984868
-15801.7170223397
-15801.7170146431
-15801.7170235347
-15801.7170438302
-15801.7170645170
-15801.7170239760
-15801.7170423666
-15801.7170091598
-15801.7170983068
-15801.7169409583
-15801.7174535253
-15801.7170696339
-15801.7169766898
-15801.7169812981
-15801.7170264596
-15801.7169864630
-15801.7171049651
-15801.7171918943
-15801.7170940867
-15801.7169934340
-15801.7169504513
-15801.7171865254
-15801.7170899089
-15801.7170297060
-15801.7170052511
-15801.7170165072
-15801.7171502752
-15801.7170303949
-15801.7170109432
-15801.7170357368
-15801.7170431987
-15801.7170833622
-15801.7172019005
-15801.7170352782
-15801.7170544351
-15801.7169573838
-15801.7170887037
-15801.7169543897
-15801.7170705992
-15801.7169302223
-15801.7170065445
-15801.7169728959
-15801.7169464647
-15801.7170502449
-15801.7171272612
-15801.7170430479
-15801.7171677003
-15801.7171378473
-15801.7170713701
-15801.7170381978
-15801.7170285938
-15801.7171188667
-15801.7169732200
-15801.7169732176
-15801.7169548368
-15801.7171402937
-15801.7170583819
-15801.7170137716
-15801.7170348275
-15801.7171658153
-15801.7170850888
-15801.7172472148
-15801.7171387354
-15801.7170676186
-15801.7170007260
-15801.7171272979
-15801.7169560398
-15801.7170394715
-15801.7170273281
-15801.7170657570
-15801.7170752777
-15801.7171150534
-15801.7171881981
-15801.7170565120
-15801.7170463321
-15801.7170762195
-15801.7169539838
-15801.7171106486
-15801.7172596164
-15801.7171488328
-15801.7169985293
-15801.7170849234
-15801.7170989405
-15801.7170142524
-15801.7171071495
-15801.7170307877
-15801.7171440642
-15801.7170830482
-15801.7170051851
-15801.7171087787
-15801.7170614181
-15801.7172481810
-15801.7171001459
-15801.7169160711
-15801.7171342976
-15801.7170206449
-15801.7169728036
-15801.7169778223
-15801.7170571394
-15801.7171029259
-15801.7169970569
-15801.7174528007
-15801.7171390601
-15801.7170354345
-15801.7170442783
-15801.7174507411
-15801.7169288969
-15801.7170070512
-15801.7171507704
-15801.7169968693
-15801.7169249304
-15801.7170149191
-15801.7170613794
-15801.7170589400
-15801.7169817815
-15801.7171240656
-15801.7171578115
-15801.7170897505
-15801.7169873822
-15801.7170127621
-15801.7169465041
-15801.7169857369
-15801.7170081028
-15801.7170161818
-15801.7172020831
-15801.7170227591
-15801.7174519782
-15801.7170944455
-15801.7170253770
-15801.7170461609
-15801.7170425008
-15801.7171143086
-15801.7170537186
-15801.7170624329
-15801.7169826733
-15801.7172243330
-15801.7169422989
-15801.7169963837
-15801.7170636680
-15801.7170733334
-15801.7170218118
-15801.7170605840
-15801.7169692875
-15801.7170923288
-15801.7170691775
-15801.7171426511
-15801.7170465339
-15801.7170132932
-15801.7170467048
-15801.7171660075
-15801.7170322535
-15801.7170287895
-15801.7171472817
-15801.7171139695
-15801.7170849938
-15801.7170616887
-15801.7169940187
-15801.7169250513
-15801.7171877160
-15801.7172111406
-15801.7171439890
-15801.7170744848
-15801.7170212307
-15801.7171266405
-15801.7169572490
-15801.7171213112
-15801.7170350037
-15801.7169843538
-15801.7171601724
-15801.7169966857
-15801.7169240175
-15801.7174531732
-15801.7170772001
-15801.7170276393
-15801.7171382834
-15801.7171771820
-15801.7169513585
-15801.7170384150
-15801.7170675905
-15801.7170048998
-15801.7171508241
-15801.7170342469
-15801.7170714669
-15801.7170554295
-15801.7170190936
-15801.7170272836
-15801.7169903294
-15801.7171157987
-15801.7169534186
-15801.7172186095
-15801.7171432600
-15801.7170341337
-15801.7171624478
-15801.7169515399
-15801.7169369482
-15801.7171546933
-15801.7169849564
-15801.7170176399
-15801.7169397459
-15801.7170715225
-15801.7170683732
-15801.7169741551
-15801.7171068523
-15801.7169903982
-15801.7169661601
-15801.7171160701
-15801.7170430469
-15801.7169976774
-15801.7171732461
-15801.7170896506
-15801.7169797160
-15801.7170660777
-15801.7170645487
-15801.7169835230
-15801.7170497241
-15801.7170404429
-15801.7170413608
-15801.7169784198
-15801.7171075335
-15801.7171239290
-15801.7171228419
-15801.7170306116
-15801.7174523464
-15801.7170097762
-15801.7169953207
-15801.7171496819
-15801.7170118172
-15801.7171592456
-15801.7170979515
-15801.7171876893
-15801.7169291162
-15801.7170851833
-15801.7170507623
-15801.7170048327
-15801.7171778752
-15801.7169997824
-15801.7170145930
-15801.7169992785
-15801.7170530437
-15801.7170125691
-15801.7170745396
-15801.7171377584
-15801.7170235855
-15801.7169844741
-15801.7170623496
-15801.7169523290
-15801.7170460077
-15801.7169941958
-15801.7171548816
-15801.7170508293
-15801.7170909189
-15801.7171240270
-15801.7174531660
-15801.7169932833
-15801.7170506578
-15801.7170231110
-15801.7170020228
-15801.7170128751
-15801.7170027796
-15801.7171056659
-15801.7169632145
-15801.7171212699
-15801.7169848080
-15801.7169903194
-15801.7174541964
-15801.7170544351
-15801.7170176141
-15801.7170851358
-15801.7171689612
-15801.7170226672
-15801.7170383308
-15801.7170256499
-15801.7170981053
-15801.7171451829
-15801.7170082088
-15801.7170094901
-15801.7171015962
-15801.7169892251
-15801.7170983662
-15801.7169363535
-15801.7170072573
-15801.7171489691
-15801.7169753489
-15801.7171229989
-15801.7171091471
-15801.7169788323
-15801.7169954827
-15801.7171615498
-15801.7170514539
-15801.7171227891
-15801.7174530074
-15801.7170269683
-15801.7169796331
-15801.7170668576
-15801.7169872142
-15801.7170866802
-15801.7170307702
-15801.7169648433
-15801.7170292671
-15801.7170023118
-15801.7171435224
-15801.7170716046
-15801.7171118207
-15801.7172330121
-15801.7169085939
-15801.7169627334
-15801.7170132281
-15801.7170497604
-15801.7170171038
-15801.7170452539
-15801.7170705496
-15801.7170130526
-15801.7169993357
-15801.7170162172
-15801.7170651987
-15801.7171368271
-15801.7169551059
-15801.7170421433
-15801.7170305583
-15801.7169670686
-15801.7169668752
-15801.7169577461
-15801.7170581678
-15801.7171029648
-15801.7170347341
-15801.7170041261
-15801.7169166611
-15801.7170909808
-15801.7169918650
-15801.7170617250
-15801.7171563551
-15801.7170812703
-15801.7170751268
-15801.7171404501
-15801.7170333147
-15801.7169918450
-15801.7169794319
-15801.7169368370
-15801.7171374545
-15801.7171941568
-15801.7171013502
-15801.7170284364
-15801.7170335356
-15801.7172897417
-15801.7170052584
-15801.7171155932
-15801.7170718868
-15801.7171148449
-15801.7169630867
-15801.7170566932
-15801.7171078759
-15801.7170351331
-15801.7171531368
-15801.7169860376
-15801.7171143698
-15801.7171323943
-15801.7170047407
-15801.7171066990
-15801.7169902983
-15801.7170028015
-15801.7170872913
-15801.7169939120
-15801.7170365038
-15801.7169757293
-15801.7169232664
-15801.7169892678
-15801.7171565761
-15801.7171728714
-15801.7170369556
-15801.7171750308
-15801.7170260996
-15801.7170576775
-15801.7174561262
-15801.7170783515
-15801.7169820195
-15801.7170817245
-15801.7169827246
-15801.7169948457
-15801.7170568432
-15801.7172223506
-15801.7169544027
-15801.7170830915
-15801.7170750143
-15801.7170282662
-15801.7170857634
-15801.7172807631
-15801.7170207081
-15801.7170702623
-15801.7170373924
-15801.7170483801
-15801.7170884079
-15801.7171421003
-15801.7170104423
-15801.7170406253
-15801.7171542897
-15801.7171190991
-15801.7170124602
-15801.7174504978
-15801.7169968747
-15801.7171189542
-15801.7170029546
-15801.7169547501
-15801.7171041665
-15801.7171809730
-15801.7170358405
-15801.7169363344
-15801.7169657367
-15801.7170004769
-15801.7169808180
-15801.7169704814
-15801.7171008162
-15801.7170527790
-15801.7170397848
-15801.7169957032
-15801.7170163732
-15801.7170638056
-15801.7170854830
-15801.7169834935
-15801.7170857645
-15801.7170325776
-15801.7170464879
-15801.7171189884
-15801.7171044145
-15801.7169911364
-15801.7170136980
-15801.7170283259
-15801.7170217682
-15801.7169428608
-15801.7169782984
-15801.7170129270
-15801.7170826787
-15801.7170248988
-15801.7170990869
-15801.7172331528
-15801.7170814649
-15801.7170798288
-15801.7170656834
-15801.7171556374
-15801.7171445972
-15801.7170925260
-15801.7171544208
-15801.7170282229
-15801.7171691237
-15801.7174537775
-15801.7169790696
-15801.7169742314
-15801.7169520261
-15801.7170228762
-15801.7169797656
-15801.7170205116
-15801.7171995550
-15801.7170428546
-15801.7169849364
-15801.7171428117
-15801.7169737830
-15801.7170924060
-15801.7170277359
-15801.7170331353
-15801.7171294830
-15801.7170953587
-15801.7170803289
-15801.7171210365
-15801.7169391931
-15801.7170412016
-15801.7169786092
-15801.7170905964
-15801.7171854577
-15801.7171532428
-15801.7170778307
-15801.7170472708
-15801.7169126599
-15801.7170196470
-15801.7170386626
-15801.7172508850
-15801.7169426748
-15801.7170863054
-15801.7170550955
-15801.7171351112
-15801.7171579218
-15801.7171425558
-15801.7171271940
-15801.7171101377
-15801.7171420357
-15801.7171203002
-15801.7170474503
-15801.7172100850
-15801.7169431782
-15801.7170133906
-15801.7170249182
-15801.7170609493
-15801.7170942887
-15801.7170533988
-15801.7170205174
-15801.7170164381
-15801.7170485311
-15801.7168883023
-15801.7171011510
-15801.7169865452
-15801.7170409825
-15801.7171196412
-15801.7170909182
-15801.7170189733
-15801.7170312423
-15801.7174549080
-15801.7170799806
-15801.7168897710
-15801.7171655320
-15801.7170327537
-15801.7169859277
-15801.7172041059
-15801.7170428968
-15801.7169964971
-15801.7169857873
-15801.7169739429
-15801.7170485337
-15801.7170794984
-15801.7174545743
-15801.7171525052
-15801.7170770062
-15801.7169732926
-15801.7171046880
-15801.7172136115
-15801.7170225602
-15801.7169336284
-15801.7170970735
-15801.7169689122
-15801.7171107784
-15801.7174533267
-15801.7169817697
-15801.7169903278
-15801.7170267413
-15801.7169980917
-15801.7171554167
-15801.7170359370
-15801.7169416653
-15801.7170793076
-15801.7171273407
-15801.7170425699
-15801.7169591915
-15801.7169441854
-15801.7169716792
-15801.7170322635
-15801.7170370774
-15801.7170353735
-15801.7170276553
-15801.7170986619
-15801.7169613065
-15801.7171753393
-15801.7169878025
-15801.7170834095
-15801.7170642474
-15801.7170558808
-15801.7170283081
-15801.7170502108
-15801.7170084848
-15801.7170222406
-15801.7170382139
-15801.7170818382
-15801.7169638370
-15801.7171588785
-15801.7170275595
-15801.7170196626
-15801.7170540698
-15801.7169402919
-15801.7170750560
-15801.7171121844
-15801.7171935828
-15801.7170174362
-15801.7169646777
-15801.7170173009
-15801.7170237500
-15801.7171453840
-15801.7169457555
-15801.7169896105
-15801.7170762269
-15801.7170062596
-15801.7170984365
-15801.7170250034
-15801.7170916607
-15801.7169844127
-15801.7169822550
-15801.7169975591
-15801.7170398734
-15801.7171589650
-15801.7169601808
-15801.7170472525
-15801.7170058846
-15801.7169158744
-15801.7169980911
-15801.7171352289
-15801.7170926888
-15801.7170320886
-15801.7171487729
-15801.7169727194
-15801.7172381736
-15801.7171267180
-15801.7169590198
-15801.7171452384
-15801.7174534651
-15801.7172350884
-15801.7170864689
-15801.7172411662
-15801.7169555903
-15801.7169649103
-15801.7169989268
-15801.7170569160
-15801.7171004270
-15801.7170642782
-15801.7170395439
-15801.7170847147
-15801.7172113663
-15801.7172051566
-15801.7170418243
-15801.7170723577
-15801.7169793978
-15801.7170456494
-15801.7170617117
-15801.7171816510
-15801.7170646830
-15801.7170350150
-15801.7174537945
-15801.7170114261
-15801.7169215646
-15801.7170022979
-15801.7170080064
-15801.7170209634
-15801.7171751706
-15801.7170911140
-15801.7171710599
-15801.7169913801
-15801.7170376158
-15801.7169723242
-15801.7170464584
-15801.7169102310
-15801.7170517958
-15801.7170075017
-15801.7170260097
-15801.7169186868
-15801.7171519132
-15801.7170361095
-15801.7169660683
-15801.7171127765
-15801.7170192721
-15801.7169921416
-15801.7169231766
-15801.7170110741
-15801.7170708411
-15801.7171388322
-15801.7170736131
-15801.7169676085
-15801.7171646780
-15801.7170617285
-15801.7169936650
-15801.7170559600
-15801.7170494995
-15801.7170742921
-15801.7169975856
-15801.7170260783
-15801.7170194883
-15801.7171287948
-15801.7170367037
-15801.7170706872
-15801.7174534245
-15801.7171477243
-15801.7170205799
-15801.7171949629
-15801.7170260611
-15801.7171160828
-15801.7169923281
-15801.7171465754
-15801.7170098905
-15801.7170069178
-15801.7171283772
-15801.7171894886
-15801.7170108262
-15801.7170506950
-15801.7170064015
-15801.7169892076
-15801.7169866391
-15801.7170875596
-15801.7170784020
-15801.7170061140
-15801.7169670809
-15801.7170159222
-15801.7169863804
-15801.7170033937
-15801.7169728947
-15801.7170198694
-15801.7169772084
-15801.7170163051
-15801.7170142688
-15801.7170739011
-15801.7170029267
-15801.7170402312
-15801.7170069464
-15801.7170406224
-15801.7170134266
-15801.7170689167
-15801.7170491896
-15801.7169731724
-15801.7174537572
-15801.7172135526
-15801.7174517603
-15801.7169400080
-15801.7169660917
-15801.7170171254
-15801.7169565911
-15801.7169688822
-15801.7169706329
-15801.7174540850
-15801.7170976179
-15801.7170359962
-15801.7171564754
-15801.7170279378
-15801.7170238349
-15801.7169361472
-15801.7170167583
-15801.7170050737
-15801.7170090332
-15801.7169509334
-15801.7169506523
-15801.7170559670
-15801.7174551888
-15801.7169465254
-15801.7171011648
-15801.7174549312
-15801.7169541672
-15801.7170057184
-15801.7170740277
-15801.7170360097
-15801.7170065579
-15801.7171302879
-15801.7169983102
-15801.7169287695
-15801.7170996457
-15801.7169547625
-15801.7169521741
-15801.7170198392
-15801.7170889000
-15801.7169872529
-15801.7171251091
-15801.7170494792
-15801.7171287589
-15801.7169019445
-15801.7170682292
-15801.7170518841
-15801.7169352845
-15801.7172511953
-15801.7170152230
-15801.7169484576
-15801.7171119923
-15801.7170529885
-15801.7170417745
-15801.7170436068
-15801.7170154752
-15801.7169727414
-15801.7170722674
-15801.7171077464
-15801.7171587747
-15801.7170521932
-15801.7169535027
-15801.7169798900
-15801.7170079675
-15801.7169956988
-15801.7171320777
-15801.7170315831
-15801.7169900494
-15801.7169745448
-15801.7171248970
-15801.7171494803
-15801.7170425816
-15801.7169405299
-15801.7169593481
-15801.7169720149
-15801.7171288629
-15801.7170364143
-15801.7170662954
-15801.7171459048
-15801.7171997079
-15801.7171348452
-15801.7170967782
-15801.7169790794
-15801.7169881862
-15801.7169361099
-15801.7170810732
-15801.7169831202
-15801.7169983239
-15801.7169874746
-15801.7170469195
-15801.7171414748
-15801.7171433326
-15801.7171064420
-15801.7171179902
-15801.7170727725
-15801.7172463093
-15801.7171462166
-15801.7170605345
-15801.7170208309
-15801.7169387286
-15801.7169670577
-15801.7169973484
-15801.7170314946
-15801.7170338260
-15801.7174524653
-15801.7170318493
-15801.7170569019
-15801.7170461175
-15801.7170765688
-15801.7170804731
-15801.7169483177
-15801.7169451465
-15801.7172173044
-15801.7170476529
-15801.7170115361
-15801.7170515942
-15801.7169521469
-15801.7172688396
-15801.7170472502
-15801.7174564484
-15801.7170317527
-15801.7169996723
-15801.7169341884
-15801.7169802475
-15801.7174554009
-15801.7170871695
-15801.7169766715
-15801.7170449315
-15801.7170237230
-15801.7172082407
-15801.7170134012
-15801.7171248981
-15801.7170965071
-15801.7170491841
-15801.7170123914
-15801.7170305091
-15801.7170633721
-15801.7169920022
-15801.7170128056
-15801.7170023805
-15801.7170470416
-15801.7170225283
-15801.7169651127
-15801.7170221910
-15801.7170325292
-15801.7171492063
-15801.7171042670
-15801.7169635268
-15801.7171030805
-15801.7169498977
-15801.7170130077
-15801.7169528761
-15801.7170982509
-15801.7170301368
-15801.7171876108
-15801.7174545234
-15801.7170389271
-15801.7171148822
-15801.7169595083
-15801.7172496351
-15801.7171183075
-15801.7172341183
-15801.7170392672
-15801.7170759579
-15801.7170190202
-15801.7171025943
-15801.7170346480
-15801.7170932385
-15801.7171436506
-15801.7170347877
-15801.7169780583
-15801.7170231100
-15801.7170736265
-15801.7170084392
-15801.7171103129
-15801.7170789648
-15801.7173106185
-15801.7170822840
-15801.7169708248
-15801.7169896716
-15801.7171246271
-15801.7170609815
-15801.7170731135
-15801.7170104620
-15801.7169661934
-15801.7170892550
-15801.7169917823
-15801.7169180950
-15801.7171009433
-15801.7171333359
-15801.7170350359
-15801.7170183765
-15801.7170785218
-15801.7170376394
-15801.7169874391
-15801.7171104696
-15801.7170796144
-15801.7170456859
-15801.7170667686
-15801.7170678993
-15801.7171115152
-15801.7171044332
-15801.7169615243
-15801.7170949000
-15801.7171750212
-15801.7170469802
-15801.7170813427
-15801.7170097469
-15801.7170633275
-15801.7170160861
-15801.7169322922
-15801.7170609658
-15801.7171032720
-15801.7171570551
-15801.7171465837
-15801.7170097542
-15801.7170625488
-15801.7169896885
-15801.7169598755
-15801.7172113884
-15801.7171464011
-15801.7171312528
-15801.7170552426
-15801.7170907063
-15801.7170610657
-15801.7171119047
-15801.7171352120
-15801.7170524888
-15801.7170598791
-15801.7170650044
-15801.7171505764
-15801.7171891300
-15801.7170106222
-15801.7174561174
-15801.7170265826
-15801.7170055950
-15801.7170651278
-15801.7170941927
-15801.7171297586
-15801.7170216699
-15801.7170865359
-15801.7170271797
-15801.7169926821
-15801.7170482162
-15801.7171001510
-15801.7169651614
-15801.7170227959
-15801.7169413808
-15801.7171736809
-15801.7171391863
-15801.7171231887
-15801.7170081018
-15801.7171129767
-15801.7170860637
-15801.7170239061
-15801.7169518695
-15801.7170900685
-15801.7170288173
-15801.7171194303
-15801.7170453357
-15801.7169640823
-15801.7170435155
-15801.7170907261
-15801.7170544981
-15801.7169871532
-15801.7170388598
-15801.7169763461
-15801.7170532487
-15801.7169472651
-15801.7170868389
-15801.7170524417
-15801.7171731802
-15801.7170342726
-15801.7171590910
-15801.7170966967
-15801.7169813520
-15801.7170068282
-15801.7169689791
-15801.7170198840
-15801.7170080014
-15801.7171611900
-15801.7169314875
-15801.7170592822
-15801.7170860420
-15801.7170831005
-15801.7170460287
-15801.7171102810
-15801.7170229022
-15801.7171367309
-15801.7170152352
-15801.7169910293
-15801.7171395494
-15801.7172185620
-15801.7171068538
-15801.7169865933
-15801.7170577619
-15801.7170409975
-15801.7172809778
-15801.7171527978
-15801.7169364416
-15801.7170178810
-15801.7171117039
-15801.7171191233
-15801.7169967981
-15801.7171155402
-15801.7169880051
-15801.7170761212
-15801.7169753797
-15801.7169628135
-15801.7170326977
-15801.7170641119
-15801.7170361820
-15801.7170303043
-15801.7170336061
-15801.7170148006
-15801.7169889442
-15801.7170532915
-15801.7172007367
-15801.7170449408
-15801.7170650247
-15801.7170251324
-15801.7172155298
-15801.7169585957
-15801.7171137252
-15801.7171027242
-15801.7170850075
-15801.7170556152
-15801.7170289466
-15801.7170984011
-15801.7170893546
-15801.7170686656
-15801.7170428317
-15801.7170148392
-15801.7170799252
-15801.7171501624
-15801.7170398565
-15801.7171221546
-15801.7170258302
-15801.7174560217
-15801.7169684125
-15801.7171186083
-15801.7170759177
-15801.7170716334
-15801.7170996768
-15801.7169735990
-15801.7169533889
-15801.7170936876
-15801.7169967299
-15801.7170937760
-15801.7169703928
-15801.7171859284
-15801.7171035108
-15801.7171220222
-15801.7170158920
-15801.7169855577
-15801.7170773594
-15801.7171169662
-15801.7170956125
-15801.7170097504
-15801.7169647283
-15801.7170958890
-15801.7171217111
-15801.7170517064
-15801.7169968587
-15801.7169937257
-15801.7169690712
-15801.7169775185
-15801.7169956263
-15801.7171314871
-15801.7170313680
-15801.7171564889
-15801.7171936006
-15801.7172066478
-15801.7170794149
-15801.7171063300
-15801.7171561239
-15801.7170533722
-15801.7170530049
-15801.7170227918
-15801.7170764943
-15801.7170988683
-15801.7171478123
-15801.7170167630
-15801.7170180828
-15801.7170413891
-15801.7170416836
-15801.7170071761
-15801.7171874228
-15801.7170263586
-15801.7169624877
-15801.7170213883
-15801.7170135795
-15801.7170118159
-15801.7171117556
-15801.7171007773
-15801.7170794218
-15801.7169887263
-15801.7169823872
-15801.7170336280
-15801.7171650384
-15801.7170988599
-15801.7174557248
-15801.7170850463
-15801.7171347649
-15801.7171149091
-15801.7171835845
-15801.7169290231
-15801.7170676581
-15801.7171470278
-15801.7171786983
-15801.7169849684
-15801.7170248570
-15801.7170310974
-15801.7170275249
-15801.7169572908
-15801.7170312333
-15801.7169336646
-15801.7169943893
-15801.7170203415
-15801.7169619057
-15801.7170687170
-15801.7169114631
-15801.7171017138
-15801.7171656322
-15801.7169717760
-15801.7169619026
-15801.7171945344
-15801.7169979455
-15801.7170293127
-15801.7170483376
-15801.7169705788
-15801.7169451690
-15801.7169976221
-15801.7170303109
-15801.7170363704
-15801.7170108120
-15801.7170466317
-15801.7170102950
-15801.7169965395
-15801.7171317662
-15801.7169668903
-15801.7169963605
-15801.7170076306
-15801.7170481987
-15801.7170653223
-15801.7170252672
-15801.7172723427
-15801.7170359839
-15801.7169764336
-15801.7170493578
-15801.7170170474
-15801.7171699406
-15801.7170851281
-15801.7170881150
-15801.7171228076
-15801.7171222767
-15801.7170241341
-15801.7170287006
-15801.7170131750
-15801.7170300324
-15801.7170352868
-15801.7170513457
-15801.7170712664
-15801.7170585426
-15801.7169286213
-15801.7170107058
-15801.7169486587
-15801.7171807668
-15801.7171372067
-15801.7169672681
-15801.7170359411
-15801.7169030561
-15801.7170190009
-15801.7171572064
-15801.7169352636
-15801.7170461187
-15801.7169910315
-15801.7169894795
-15801.7170200390
-15801.7170109795
-15801.7170574578
-15801.7171993503
-15801.7171585977
-15801.7172194933
-15801.7171273515
-15801.7170330533
-15801.7171213170
-15801.7170062657
-15801.7170462400
-15801.7170629083
-15801.7171271663
-15801.7170817779
-15801.7170336885
-15801.7171591343
-15801.7169742542
-15801.7169369968
-15801.7169911707
-15801.7171560387
-15801.7170279747
-15801.7171998748
-15801.7171263600
-15801.7172308773
-15801.7171900575
-15801.7170139988
-15801.7171304346
-15801.7171077017
-15801.7170332394
-15801.7171153764
-15801.7170333455
-15801.7169734698
-15801.7170293489
-15801.7170318608
-15801.7171460947
-15801.7170235183
-15801.7171138210
-15801.7170901448
-15801.7171239730
-15801.7170691205
-15801.7169797049
-15801.7170754009
-15801.7169905460
-15801.7170853890
-15801.7169734500
-15801.7170491435
-15801.7170634957
-15801.7172130333
-15801.7174547125
-15801.7169319339
-15801.7170585511
-15801.7169885510
-15801.7170108740
-15801.7171192197
-15801.7172067623
-15801.7170570600
-15801.7170290174
-15801.7171566590
-15801.7172964902
-15801.7171570445
-15801.7170958406
-15801.7171612226
-15801.7170590540
-15801.7172250473
-15801.7169387358
-15801.7170693095
-15801.7169754916
-15801.7170465023
-15801.7170712079
-15801.7170655055
-15801.7171014194
-15801.7170594546
-15801.7171035940
-15801.7171207540
-15801.7171935452
-15801.7170397589
-15801.7170662845
-15801.7170039923
-15801.7169762116
-15801.7170807624
-15801.7171122453
-15801.7171290614
-15801.7170266776
-15801.7169946631
-15801.7170725830
-15801.7170358526
-15801.7170362647
-15801.7170188066
-15801.7170451043
-15801.7170482536
-15801.7170556896
-15801.7170143697
-15801.7172329607
-15801.7174523380
-15801.7170619781
-15801.7171312116
-15801.7171471625
-15801.7171011703
-15801.7170376419
-15801.7169971477
-15801.7170856756
-15801.7170378235
-15801.7171324991
-15801.7171498853
-15801.7170739438
-15801.7170419364
-15801.7169992449
-15801.7170164326
-15801.7169435454
-15801.7171446653
-15801.7169839761
-15801.7169934293
-15801.7169741946
-15801.7170533811
-15801.7170814306
-15801.7171655980
-15801.7174566321
-15801.7170300592
-15801.7171115551
-15801.7170125373
-15801.7172256444
-15801.7171700747
-15801.7170050185
-15801.7169944292
-15801.7170506595
-15801.7170038456
-15801.7170506456
-15801.7170841187
-15801.7168837974
-15801.7170284342
-15801.7169433082
-15801.7170235352
-15801.7170182219
-15801.7169652254
-15801.7169952512
-15801.7170802521
-15801.7170001977
-15801.7170414341
-15801.7170215166
-15801.7171016655
-15801.7169485586
-15801.7170769704
-15801.7171658684
-15801.7169558450
-15801.7170101717
-15801.7170917758
-15801.7169171411
-15801.7170152391
-15801.7169876512
-15801.7171554178
-15801.7170554307
-15801.7171433750
-15801.7170019354
-15801.7170208450
-15801.7171678503
-15801.7171615523
-15801.7169784527
-15801.7171217989
-15801.7170703899
-15801.7169448268
-15801.7170069450
-15801.7170130217
-15801.7170030258
-15801.7170125871
-15801.7172238835
-15801.7171982286
-15801.7169385722
-15801.7172251030
-15801.7170173922
-15801.7170632691
-15801.7170550781
-15801.7171203539
-15801.7171092762
-15801.7169720209
-15801.7169923861
-15801.7170376477
-15801.7169701304
-15801.7169467357
-15801.7171152028
-15801.7170979915
-15801.7172100786
-15801.7170113403
-15801.7169945983
-15801.7171152223
-15801.7171805827
-15801.7170197502
-15801.7170390489
-15801.7169715346
-15801.7169549237
-15801.7170182976
-15801.7169867482
-15801.7171179615
-15801.7169663513
-15801.7171841712
-15801.7170124342
-15801.7169487587
-15801.7170899801
-15801.7169649076
-15801.7169608577
-15801.7170525390
-15801.7170225596
-15801.7170897252
-15801.7170053078
-15801.7170363009
-15801.7169935598
-15801.7169434398
-15801.7170384861
-15801.7170236598
-15801.7172097692
-15801.7172740119
-15801.7170513688
-15801.7169642141
-15801.7169700614
-15801.7171080769
-15801.7169961421
-15801.7171432399
-15801.7171141297
-15801.7170144490
-15801.7170947663
-15801.7170431299
-15801.7170338185
-15801.7170388602
-15801.7169704967
-15801.7170192618
-15801.7170381111
-15801.7170591997
-15801.7170077684
-15801.7170753147
-15801.7169505048
-15801.7169950924
-15801.7172098860
-15801.7171002126
-15801.7170364543
-15801.7168792610
-15801.7172273414
-15801.7169974214
-15801.7171327219
-15801.7174522195
-15801.7173143918
-15801.7170474152
-15801.7169866151
-15801.7170132501
-15801.7169820393
-15801.7172030011
-15801.7169274908
-15801.7171275610
-15801.7170620114
-15801.7171213304
-15801.7171691102
-15801.7171681587
-15801.7170120963
-15801.7170405145
-15801.7170405654
-15801.7170699063
-15801.7169428244
-15801.7169493860
-15801.7170375760
-15801.7169810735
-15801.7170675502
-15801.7170481816
-15801.7170889848
-15801.7171063956
-15801.7171547850
-15801.7174540769
-15801.7169762314
-15801.7174522425
-15801.7171500625
-15801.7170762044
-15801.7170829885
-15801.7171270900
-15801.7170427018
-15801.7169414171
-15801.7170724902
-15801.7170295339
-15801.7170701861
-15801.7169423541
-15801.7170986527
-15801.7170617373
-15801.7170890187
-15801.7171987600
-15801.7170731411
-15801.7171151576
-15801.7170609247
-15801.7170654415
-15801.7171281786
-15801.7169760424
-15801.7170654743
-15801.7171709811
-15801.7170867666
-15801.7170578731
-15801.7170128662
-15801.7170337992
-15801.7170011905
-15801.7169905413
-15801.7170106195
-15801.7171016035
-15801.7169956529
-15801.7170828137
-15801.7170417057
-15801.7169736734
-15801.7170682093
-15801.7170180233
-15801.7170128072
-15801.7169374707
-15801.7170673116
-15801.7171075226
-15801.7169880370
-15801.7171780421
-15801.7170927877
-15801.7171872418
-15801.7169994836
-15801.7170769474
-15801.7170431950
-15801.7170047392
-15801.7170247531
-15801.7169850776
-15801.7170503180
-15801.7171359372
-15801.7171731749
-15801.7169959275
-15801.7172067035
-15801.7171144036
-15801.7170126733
-15801.7170556241
-15801.7171345121
-15801.7170447716
-15801.7172042687
-15801.7171152851
-15801.7171655296
-15801.7170151523
-15801.7170051860
-15801.7171853746
-15801.7169506841
-15801.7171017490
-15801.7169776059
-15801.7170798568
-15801.7170800957
-15801.7169889179
-15801.7170290903
-15801.7169412061
-15801.7170319873
-15801.7171114837
-15801.7170538104
-15801.7170967670
-15801.7169873378
-15801.7169866885
-15801.7170919842
-15801.7169535445
-15801.7171128272
-15801.7170983663
-15801.7170402373
-15801.7174523104
-15801.7172125084
-15801.7170987664
-15801.7169822502
-15801.7171328488
-15801.7170649236
-15801.7170287717
-15801.7169477623
-15801.7171311505
-15801.7171353935
-15801.7171238189
-15801.7170295419
-15801.7171261599
-15801.7174547095
-15801.7170863338
-15801.7169348734
-15801.7171752110
-15801.7170128480
-15801.7170525480
-15801.7171051847
-15801.7169753734
-15801.7169856457
-15801.7170593069
-15801.7169768192
-15801.7171379268
-15801.7170314302
-15801.7171810655
-15801.7169668923
-15801.7169812036
-15801.7169737371
-15801.7169529636
-15801.7169624820
-15801.7169747424
-15801.7170842166
-15801.7171486597
-15801.7169364325
-15801.7170611146
-15801.7170354673
-15801.7170288965
-15801.7170867998
-15801.7169729402
-15801.7170141381
-15801.7170831014
-15801.7170205813
-15801.7169364033
-15801.7170763506
-15801.7170834528
-15801.7172452460
-15801.7170397205
-15801.7169716232
-15801.7170426124
-15801.7172060657
-15801.7171693484
-15801.7172150725
-15801.7169957703
-15801.7168923128
-15801.7171420817
-15801.7171219989
-15801.7170725106
-15801.7170277383
-15801.7170586531
-15801.7170507625
-15801.7170149235
-15801.7174542035
-15801.7170425388
-15801.7169919125
-15801.7170574389
-15801.7171929891
-15801.7170214483
-15801.7170493332
-15801.7171182712
-15801.7171058713
-15801.7171676831
-15801.7171143309
-15801.7171178025
-15801.7171603601
-15801.7169323360
-15801.7170276946
-15801.7171101479
-15801.7169825760
-15801.7170960892
-15801.7171402841
-15801.7170277175
-15801.7170409130
-15801.7170623180
-15801.7169862092
-15801.7171061482
-15801.7170435864
-15801.7171448843
-15801.7169699105
-15801.7171518534
-15801.7170603014
-15801.7169881295
-15801.7170308242
-15801.7171648670
-15801.7169553301
-15801.7170674713
-15801.7171171589
-15801.7169282083
-15801.7169761483
-15801.7171531828
-15801.7169771651
-15801.7170639322
-15801.7169962525
-15801.7171406239
-15801.7169556797
-15801.7171795773
-15801.7169805999
-15801.7170000413
-15801.7171419739
-15801.7171120114
-15801.7171242780
-15801.7169773750
-15801.7170271299
-15801.7170419697
-15801.7170758171
-15801.7171878956
-15801.7170334001
-15801.7170630378
-15801.7171653827
-15801.7170311188
-15801.7169871470
-15801.7168986271
-15801.7170362287
-15801.7170957867
-15801.7171372011
-15801.7169690002
-15801.7170380566
-15801.7170697835
-15801.7170814719
-15801.7174539775
-15801.7170741730
-15801.7170397453
-15801.7170010127
-15801.7171504890
-15801.7171385121
-15801.7170463023
-15801.7170424646
-15801.7170117899
-15801.7170076637
-15801.7168792492
-15801.7170274338
-15801.7170392835
-15801.7169895857
-15801.7170408701
-15801.7169658205
-15801.7171027800
-15801.7171080158
-15801.7170252719
-15801.7170037853
-15801.7170268962
-15801.7170927719
-15801.7170058944
-15801.7169508563
-15801.7169660511
-15801.7170729413
-15801.7170565131
-15801.7170255459
-15801.7170735006
-15801.7170416252
-15801.7170907995
-15801.7170437506
-15801.7172396956
-15801.7169939263
-15801.7170312130
-15801.7170836137
-15801.7170345816
-15801.7172070492
-15801.7171037014
-15801.7170794389
-15801.7170312516
-15801.7169935365
-15801.7172745871
-15801.7170555006
-15801.7169876439
-15801.7171205612
-15801.7174551421
-15801.7169839079
-15801.7169734151
-15801.7171702355
-15801.7170653492
-15801.7169331592
-15801.7171290182
-15801.7169730955
-15801.7171440083
-15801.7170740347
-15801.7171658676
-15801.7170005358
-15801.7169692126
-15801.7171430783
-15801.7170231945
-15801.7170219194
-15801.7170018196
-15801.7170425589
-15801.7170021908
-15801.7169969898
-15801.7170384746
-15801.7170194451
-15801.7170850547
-15801.7169756414
-15801.7170478701
-15801.7170562038
-15801.7169759515
-15801.7171716306
-15801.7169895100
-15801.7169961430
-15801.7171992328
-15801.7170155293
-15801.7171730239
-15801.7170399112
-15801.7169681587
-15801.7170569240
-15801.7171140643
-15801.7171541179
-15801.7171179523
-15801.7169516883
-15801.7171727298
-15801.7171663551
-15801.7170372824
-15801.7169598878
-15801.7169612177
-15801.7169649907
-15801.7170363608
-15801.7170158785
-15801.7170290367
-15801.7171057134
-15801.7169918372
-15801.7169962901
-15801.7170224089
-15801.7169132365
-15801.7170944385
-15801.7170012629
-15801.7170361892
-15801.7169585370
-15801.7170223838
-15801.7169744919
-15801.7170170035
-15801.7171155378
-15801.7170544405
-15801.7170873827
-15801.7170272873
-15801.7170110330
-15801.7170204936
-15801.7171414883
-15801.7171101561
-15801.7169864721
-15801.7169747948
-15801.7171171736
-15801.7170441802
-15801.7169591960
-15801.7170201994
-15801.7170887533
-15801.7170779596
-15801.7170585264
-15801.7170897631
-15801.7170621769
-15801.7170390826
-15801.7171249287
-15801.7171222217
-15801.7171491213
-15801.7169588738
-15801.7170066287
-15801.7169771343
-15801.7170742403
-15801.7171337568
-15801.7171725803
-15801.7172229338
-15801.7170187331
-15801.7170331971
-15801.7170306378
-15801.7170690801
-15801.7172576518
-15801.7169290869
-15801.7170304958
-15801.7171304946
-15801.7171806563
-15801.7171212895
-15801.7171431775
-15801.7170029357
-15801.7170066344
-15801.7171647991
-15801.7170323884
-15801.7170746658
-15801.7172247686
-15801.7170823465
-15801.7170278994
-15801.7171412045
-15801.7170861702
-15801.7170369974
-15801.7170262419
-15801.7169217293
-15801.7172357926
-15801.7169857592
-15801.7169775585
-15801.7171327219
-15801.7170441024
-15801.7169770749
-15801.7171295661
-15801.7171284214
-15801.7170832270
-15801.7170878363
-15801.7169209221
-15801.7171994071
-15801.7170467799
-15801.7170808529
-15801.7170229140
-15801.7170367549
-15801.7170872077
-15801.7173028356
-15801.7169734699
-15801.7170374959
-15801.7169574738
-15801.7171000674
-15801.7170295465
-15801.7170901441
-15801.7169818733
-15801.7170272418
-15801.7172973532
-15801.7169392228
-15801.7170348541
-15801.7170111922
-15801.7170697482
-15801.7171466260
-15801.7169467945
-15801.7170036974
-15801.7170366872
-15801.7169730557
-15801.7171419377
-15801.7171136306
-15801.7169110225
-15801.7171347625
-15801.7171299319
-15801.7170400216
-15801.7174525378
-15801.7170502501
-15801.7170349291
-15801.7170405253
-15801.7174538192
-15801.7171689985
-15801.7171087139
-15801.7171196239
-15801.7170355348
-15801.7170295664
-15801.7171681052
-15801.7171562414
-15801.7171261441
-15801.7171115202
-15801.7169286551
-15801.7171032207
-15801.7172364059
-15801.7171404831
-15801.7172379575
-15801.7169381646
-15801.7170981398
-15801.7170888100
-15801.7170413261
-15801.7170094200
-15801.7171366301
-15801.7170073251
-15801.7169494635
-15801.7170248876
-15801.7171159389
-15801.7170334084
-15801.7171098083
-15801.7170350857
-15801.7170489221
-15801.7170935324
-15801.7173208954
-15801.7171544393
-15801.7170065114
-15801.7174526719
-15801.7169507079
-15801.7171142820
-15801.7170469058
-15801.7171182963
-15801.7169660758
-15801.7169983446
-15801.7169959513
-15801.7169955350
-15801.7171114296
-15801.7170315670
-15801.7170194306
-15801.7169463340
-15801.7170074273
-15801.7170476335
-15801.7170132257
-15801.7169444405
-15801.7174554380
-15801.7169347081
-15801.7171195638
-15801.7169148010
-15801.7170547334
-15801.7170389272
-15801.7170211381
-15801.7170034424
-15801.7169835673
-15801.7170703863
-15801.7170270090
-15801.7170717542
-15801.7171917085
-15801.7170497453
-15801.7169825616
-15801.7171499790
-15801.7170209634
-15801.7171339480
-15801.7169493531
-15801.7174537561
-15801.7170587090
-15801.7170119515
-15801.7171474113
-15801.7171452556
-15801.7170828866
-15801.7170213330
-15801.7170941002
-15801.7173317320
-15801.7170848633
-15801.7171903511
-15801.7169409141
-15801.7170187243
-15801.7171651459
-15801.7170279244
-15801.7170403575
-15801.7169855794
-15801.7170711471
-15801.7169350831
-15801.7170828252
-15801.7169901655
-15801.7170283591
-15801.7170731165
-15801.7170271797
-15801.7170023550
-15801.7170743324
-15801.7170811658
-15801.7172166172
-15801.7170492226
-15801.7170608391
-15801.7170602333
-15801.7170932479
-15801.7170623549
-15801.7171308899
-15801.7174522851
-15801.7171017650
-15801.7170418910
-15801.7171076444
-15801.7171281019
-15801.7171490255
-15801.7170483697
-15801.7171227026
-15801.7170932760
-15801.7170594131
-15801.7171000774
-15801.7172035830
-15801.7171839232
-15801.7169794225
-15801.7171344404
-15801.7170925590
-15801.7172095493
-15801.7172020547
-15801.7171128845
-15801.7169874785
-15801.7170847030
-15801.7170882514
-15801.7169748588
-15801.7171807213
-15801.7169967685
-15801.7171243214
-15801.7171911816
-15801.7168922658
-15801.7169990999
-15801.7170432847
-15801.7170096178
-15801.7170440262
-15801.7170565629
-15801.7174532007
-15801.7172728711
-15801.7170561920
-15801.7169560091
-15801.7169452876
-15801.7170913931
-15801.7170001254
-15801.7170253339
-15801.7170063039
-15801.7170819363
-15801.7170251056
-15801.7170204105
-15801.7169992219
-15801.7170791791
-15801.7169771112
-15801.7169958038
-15801.7172008544
-15801.7169988637
-15801.7170357013
-15801.7169946459
-15801.7171222383
-15801.7170423267
-15801.7170997997
-15801.7169910662
-15801.7170153115
-15801.7172230970
-15801.7171290154
-15801.7170206961
-15801.7170970406
-15801.7169237935
-15801.7171358649
-15801.7171182413
-15801.7171131643
-15801.7174513059
-15801.7170498083
-15801.7171167571
-15801.7169790335
-15801.7170303888
-15801.7169807811
-15801.7170545904
-15801.7171071571
-15801.7171576241
-15801.7169748485
-15801.7169903007
-15801.7170123406
-15801.7171438399
-15801.7170541621
-15801.7170519157
-15801.7172288416
-15801.7170677646
-15801.7170511837
-15801.7169879117
-15801.7169540761
-15801.7174535173
-15801.7170262675
-15801.7172798996
-15801.7170862726
-15801.7171058745
-15801.7171690572
-15801.7172313673
-15801.7170079850
-15801.7171942206
-15801.7169915935
-15801.7171261749
-15801.7169635130
-15801.7170617637
-15801.7170716391
-15801.7170084053
-15801.7170859397
-15801.7169544535
-15801.7169839107
-15801.7170303657
-15801.7170066190
-15801.7171241236
-15801.7171802011
-15801.7169974191
-15801.7170736898
-15801.7170219828
-15801.7171773542
-15801.7170232439
-15801.7170485588
-15801.7170544901
-15801.7169936884
-15801.7172004925
-15801.7169753356
-15801.7171271009
-15801.7170773471
-15801.7170840394
-15801.7170418148
-15801.7171044223
-15801.7171043492
-15801.7168811602
-15801.7171922526
-15801.7169997612
-15801.7169951242
-15801.7169500357
-15801.7170559313
-15801.7170366156
-15801.7170117605
-15801.7170252879
-15801.7170810098
-15801.7171063596
-15801.7171212127
-15801.7169216507
-15801.7171356961
-15801.7169964352
-15801.7169737622
-15801.7170302011
-15801.7171570182
-15801.7171220811
-15801.7169669701
-15801.7171765460
-15801.7169865472
-15801.7169649205
-15801.7170395335
-15801.7169745764
-15801.7171378949
-15801.7171686724
-15801.7169880288
-15801.7170948063
-15801.7170610589
-15801.7171229331
-15801.7172076690
-15801.7174537435
-15801.7170735877
-15801.7170146833
-15801.7171100934
-15801.7170519613
-15801.7170577869
-15801.7170495968
-15801.7171358502
-15801.7174514154
-15801.7169829531
-15801.7170441889
-15801.7171261758
-15801.7171001479
-15801.7170607162
-15801.7170483097
-15801.7169905837
-15801.7170870058
-15801.7169849160
-15801.7170913017
-15801.7170034557
-15801.7170510884
-15801.7170493002
-15801.7170912104
-15801.7171483656
-15801.7171236286
-15801.7170281881
-15801.7170612483
-15801.7168820930
-15801.7171466892
-15801.7170463614
-15801.7170027012
-15801.7170887200
-15801.7169836272
-15801.7169869673
-15801.7170043040
-15801.7172524274
-15801.7170645405
-15801.7170418265
-15801.7170128723
-15801.7169854400
-15801.7170491412
-15801.7172411024
-15801.7171229151
-15801.7170384509
-15801.7170751452
-15801.7169890118
-15801.7169836415
-15801.7171407989
-15801.7169760635
-15801.7170525954
-15801.7170696894
-15801.7169566968
-15801.7171240239
-15801.7169894384
-15801.7170654976
-15801.7172230731
-15801.7172479136
-15801.7169824741
-15801.7171082238
-15801.7170589454
-15801.7171663602
-15801.7171817386
-15801.7171206673
-15801.7171164317
-15801.7170209474
-15801.7169493287
-15801.7170467926
-15801.7172027765
-15801.7174541062
-15801.7170652389
-15801.7172195280
-15801.7170541272
-15801.7169560424
-15801.7170433627
-15801.7170004130
-15801.7169720991
-15801.7169629979
-15801.7169650921
-15801.7171969117
-15801.7170509224
-15801.7171307981
-15801.7169364245
-15801.7169919560
-15801.7172752461
-15801.7170327457
-15801.7170487392
-15801.7170700607
-15801.7170627197
-15801.7170465766
-15801.7170732533
-15801.7170243737
-15801.7170275266
-15801.7171955297
-15801.7170140122
-15801.7170414866
-15801.7170090462
-15801.7170178144
-15801.7170632600
-15801.7171233512
-15801.7170586096
-15801.7169916041
-15801.7171039114
-15801.7169897375
-15801.7169810248
-15801.7171003585
-15801.7170586575
-15801.7170075068
-15801.7170562750
-15801.7170045338
-15801.7170221260
-15801.7170143809
-15801.7174550818
-15801.7170873979
-15801.7170625286
-15801.7171279516
-15801.7169544874
-15801.7171263507
-15801.7171421349
-15801.7171146194
-15801.7169506317
-15801.7170862790
-15801.7170541207
-15801.7172215389
-15801.7170075121
-15801.7171055794
-15801.7170696905
-15801.7170751273
-15801.7172056713
-15801.7170562645
-15801.7169878665
-15801.7171432486
-15801.7169830281
-15801.7171238052
-15801.7171444485
-15801.7169326068
-15801.7170442187
-15801.7170840082
-15801.7172190288
-15801.7170416172
-15801.7171616678
-15801.7170454438
-15801.7169300716
-15801.7170467129
-15801.7170550805
-15801.7170066043
-15801.7170632388
-15801.7171207932
-15801.7170046797
-15801.7169614327
-15801.7170673792
-15801.7169848668
-15801.7169409276
-15801.7170693728
-15801.7174534272
-15801.7170794736
-15801.7171403246
-15801.7170769290
-15801.7170806910
-15801.7170830780
-15801.7170733114
-15801.7170923985
-15801.7169393202
-15801.7170087329
-15801.7170215356
-15801.7170529650
-15801.7170220809
-15801.7170051018
-15801.7171768883
-15801.7172881414
-15801.7169494102
-15801.7170410507
-15801.7169808283
-15801.7169905044
-15801.7170423677
-15801.7169490933
-15801.7170309845
-15801.7170404031
-15801.7170566625
-15801.7170867472
-15801.7170472628
-15801.7170778867
-15801.7169859706
-15801.7169606406
-15801.7170369916
-15801.7170242409
-15801.7169932652
-15801.7171880973
-15801.7169768057
-15801.7170323104
-15801.7170203789
-15801.7169570271
-15801.7170450990
-15801.7169779685
-15801.7169220277
-15801.7171722394
-15801.7169913743
-15801.7170462221
-15801.7170796395
-15801.7171165736
-15801.7171225758
-15801.7171311083
-15801.7170337748
-15801.7171500343
-15801.7169267966
-15801.7171372238
-15801.7168952805
-15801.7171066484
-15801.7170670886
-15801.7170711214
-15801.7170170088
-15801.7170888560
-15801.7170353458
-15801.7170917051
-15801.7169708740
-15801.7169470650
-15801.7170042861
-15801.7170626744
-15801.7170229210
-15801.7170517738
-15801.7172110966
-15801.7170735474
-15801.7169234231
-15801.7171739102
-15801.7170856502
-15801.7169896601
-15801.7171295527
-15801.7169906999
-15801.7172265033
-15801.7170482590
-15801.7174547827
-15801.7170015551
-15801.7171307526
-15801.7170060391
-15801.7170825833
-15801.7169826580
-15801.7169731405
-15801.7170824385
-15801.7170869927
-15801.7170321076
-15801.7169934708
-15801.7170758535
-15801.7169807413
-15801.7170162137
-15801.7170467763
-15801.7170685901
-15801.7169906818
-15801.7170738701
-15801.7170638813
-15801.7171166835
-15801.7171367810
-15801.7171425284
-15801.7169851344
-15801.7171027295
-15801.7170634412
-15801.7169319917
-15801.7169829433
-15801.7169645718
-15801.7170160793
-15801.7174522601
-15801.7170470230
-15801.7170801899
-15801.7174521289
-15801.7170904995
-15801.7170699251
-15801.7174545866
-15801.7171137663
-15801.7169890870
-15801.7171538033
-15801.7171620927
-15801.7170169841
-15801.7169040056
-15801.7172236712
-15801.7170364755
-15801.7169887637
-15801.7170833927
-15801.7171467781
-15801.7171121074
-15801.7170600034
-15801.7170996484
-15801.7170029407
-15801.7170085111
-15801.7169752268
-15801.7170216032
-15801.7169818182
-15801.7169993013
-15801.7170070211
-15801.7171371101
-15801.7171608551
-15801.7169891901
-15801.7171150396
-15801.7169529185
-15801.7170202456
-15801.7170077764
-15801.7171184542
-15801.7170355009
-15801.7170380301
-15801.7174537721
-15801.7171216068
-15801.7170268135
-15801.7170363233
-15801.7170119129
-15801.7170038397
-15801.7172239369
-15801.7170060955
-15801.7169582906
-15801.7171637613
-15801.7170188271
-15801.7170445332
-15801.7170887556
-15801.7170291699
-15801.7170568400
-15801.7170797077
-15801.7169954892
-15801.7170144017
-15801.7170467444
-15801.7169458727
-15801.7174549530
-15801.7171505714
-15801.7170312973
-15801.7171694909
-15801.7170630680
-15801.7170944585
-15801.7171115525
-15801.7169641944
-15801.7170016659
-15801.7170534081
-15801.7170007835
-15801.7169886491
-15801.7169726812
-15801.7170048144
-15801.7170502399
-15801.7170259200
-15801.7170605471
-15801.7169881010
-15801.7171934353
-15801.7171435513
-15801.7170620701
-15801.7170548746
-15801.7170432244
-15801.7170453102
-15801.7170772892
-15801.7174551779
-15801.7170985928
-15801.7169934195
-15801.7174557593
-15801.7170244334
-15801.7169915419
-15801.7170036082
-15801.7170054113
-15801.7170691602
-15801.7170912826
-15801.7169700581
-15801.7170279582
-15801.7170079009
-15801.7171081757
-15801.7171277657
-15801.7169163047
-15801.7171868861
-15801.7174531658
-15801.7171424940
-15801.7170540495
-15801.7171481725
-15801.7170708865
-15801.7170003288
-15801.7170541093
-15801.7170000892
-15801.7171628097
-15801.7170717577
-15801.7171975228
-15801.7171234249
-15801.7169652380
-15801.7169781985
-15801.7169922474
-15801.7171070502
-15801.7170149218
-15801.7170282167
-15801.7171928382
-15801.7170086442
-15801.7170338175
-15801.7170365468
-15801.7170045287
-15801.7171146102
-15801.7170918068
-15801.7169790398
-15801.7169863048
-15801.7169872331
-15801.7171984573
-15801.7170034833
-15801.7169826634
-15801.7170295536
-15801.7171281749
-15801.7171249608
-15801.7171964116
-15801.7170163967
-15801.7169792262
-15801.7170138841
-15801.7171533984
-15801.7169687384
-15801.7169796921
-15801.7170770562
-15801.7170899872
-15801.7169558699
-15801.7169321754
-15801.7172023280
-15801.7170800947
-15801.7170081166
-15801.7169891488
-15801.7169341579
-15801.7170191216
-15801.7170063938
-15801.7171345189
-15801.7170417279
-15801.7170437934
-15801.7170723262
-15801.7170978249
-15801.7170567931
-15801.7171376166
-15801.7170536345
-15801.7170445107
-15801.7170391376
-15801.7171879546
-15801.7170181082
-15801.7170681842
-15801.7171083222
-15801.7170972757
-15801.7169845502
-15801.7169206565
-15801.7170331683
-15801.7169678065
-15801.7171779208
-15801.7170417345
-15801.7170561556
-15801.7170481207
-15801.7171239830
-15801.7171904455
-15801.7170533058
-15801.7171531133
-15801.7171736294
-15801.7171810060
-15801.7170623540
-15801.7171291638
-15801.7170309866
-15801.7169882347
-15801.7170843022
-15801.7170181545
-15801.7171185982
-15801.7169971378
-15801.7169752017
-15801.7170664289
-15801.7169983602
-15801.7171265419
-15801.7170485916
-15801.7169846872
-15801.7170230853
-15801.7170956459
-15801.7170558746
-15801.7170907525
-15801.7170603755
-15801.7169848756
-15801.7170216653
-15801.7171445619
-15801.7170168797
-15801.7169857484
-15801.7170159566
-15801.7171348732
-15801.7170566949
-15801.7172696954
-15801.7171619426
-15801.7172030103
-15801.7172300719
-15801.7169450808
-15801.7170084863
-15801.7169614582
-15801.7170705276
-15801.7170232388
-15801.7171251256
-15801.7170010333
-15801.7170155608
-15801.7169868552
-15801.7169896836
-15801.7169898225
-15801.7170107914
-15801.7172085172
-15801.7171766119
-15801.7170798790
-15801.7170770865
-15801.7170960926
-15801.7169541953
-15801.7171153971
-15801.7170309464
-15801.7170362024
-15801.7171328665
-15801.7169624428
-15801.7169977056
-15801.7171406855
-15801.7170872310
-15801.7170785587
-15801.7170205179
-15801.7170541986
-15801.7170060018
-15801.7171745561
-15801.7169638071
-15801.7170033275
-15801.7172187402
-15801.7170839282
-15801.7171333256
-15801.7170897387
-15801.7169958141
-15801.7170779579
-15801.7172639733
-15801.7169187408
-15801.7170729528
-15801.7170527713
-15801.7170799607
-15801.7169216163
-15801.7169997053
-15801.7169820890
-15801.7170973929
-15801.7170667655
-15801.7170209699
-15801.7170939071
-15801.7170789106
-15801.7174537774
-15801.7170201088
-15801.7171099282
-15801.7171080231
-15801.7169407120
-15801.7174527604
-15801.7169990611
-15801.7169944512
-15801.7171132338
-15801.7169804970
-15801.7170755254
-15801.7170551233
-15801.7171072664
-15801.7171642236
-15801.7171055220
-15801.7171437087
-15801.7170259073
-15801.7170391925
-15801.7170245338
-15801.7171962246
-15801.7170785257
-15801.7170858681
-15801.7170963031
-15801.7170495504
-15801.7172076063
-15801.7170957992
-15801.7169081969
-15801.7169922672
-15801.7169803228
-15801.7171291625
-15801.7170798263
-15801.7170618194
-15801.7169825427
-15801.7171243574
-15801.7169309721
-15801.7170749817
-15801.7169663160
-15801.7169875160
-15801.7169663904
-15801.7169348764
-15801.7171013885
-15801.7170062128
-15801.7171443310
-15801.7171146899
-15801.7170172278
-15801.7170330313
-15801.7169968660
-15801.7171626960
-15801.7172531360
-15801.7170058749
-15801.7170986188
-15801.7171883314
-15801.7170796798
-15801.7169702969
-15801.7170815928
-15801.7171686952
-15801.7170285772
-15801.7170816838
-15801.7170964334
-15801.7169820398
-15801.7170609174
-15801.7169614981
-15801.7170423979
-15801.7170206159
-15801.7170184046
-15801.7170233685
-15801.7171374528
-15801.7170169367
-15801.7170978307
-15801.7171200696
-15801.7169292863
-15801.7170200101
-15801.7169734173
-15801.7174554761
-15801.7171516951
-15801.7169924354
-15801.7171463136
-15801.7170036083
-15801.7171279953
-15801.7170922226
-15801.7170380671
-15801.7170204983
-15801.7170397403
-15801.7170132070
-15801.7170102393
-15801.7170480453
-15801.7170235023
-15801.7171658892
-15801.7170717633
-15801.7170384600
-15801.7171110299
-15801.7170084312
-15801.7172020594
-15801.7170333536
-15801.7171052219
-15801.7170468745
-15801.7169849301
-15801.7169802288
-15801.7170048942
-15801.7171207784
-15801.7169579228
-15801.7171198528
-15801.7170136040
-15801.7169620225
-15801.7169711119
-15801.7170790969
-15801.7171722980
-15801.7171014958
-15801.7170924741
-15801.7169643088
-15801.7174538987
-15801.7170741320
-15801.7170524668
-15801.7170731948
-15801.7170183931
-15801.7171510663
-15801.7171266932
-15801.7170846211
-15801.7170847162
-15801.7170558788
-15801.7170487124
-15801.7170748980
-15801.7171009662
-15801.7171459959
-15801.7171181628
-15801.7171178921
-15801.7170859982
-15801.7169755565
-15801.7169823077
-15801.7170206314
-15801.7170166668
-15801.7169823540
-15801.7171444440
-15801.7170241893
-15801.7169876948
-15801.7169969990
-15801.7171086628
-15801.7171107471
-15801.7170327426
-15801.7170300831
-15801.7170609525
-15801.7170388261
-15801.7171104234
-15801.7170217441
-15801.7170153477
-15801.7170141097
-15801.7171634569
-15801.7169815087
-15801.7170967870
-15801.7170415248
-15801.7170878791
-15801.7172041418
-15801.7170543742
-15801.7169447353
-15801.7171958289
-15801.7170512786
-15801.7170753650
-15801.7170409262
-15801.7170493808
-15801.7171546311
-15801.7169902851
-15801.7170218603
-15801.7170398798
-15801.7170648312
-15801.7170016616
-15801.7170642098
-15801.7171124661
-15801.7170666412
-15801.7171668793
-15801.7171648359
-15801.7170817944
-15801.7170398496
-15801.7171207431
-15801.7169409572
-15801.7170677726
-15801.7170495662
-15801.7169878316
-15801.7170493081
-15801.7170559278
-15801.7171253645
-15801.7172119006
-15801.7170742180
-15801.7170202942
-15801.7170982159
-15801.7169629866
-15801.7170484291
-15801.7170181518
-15801.7170278161
-15801.7171240657
-15801.7170538178
-15801.7170203829
-15801.7171037233
-15801.7170691401
-15801.7170299586
-15801.7169827760
-15801.7169614042
-15801.7171268039
-15801.7170191499
-15801.7170370627
-15801.7170684719
-15801.7169784659
-15801.7171004736
-15801.7169991265
-15801.7171369029
-15801.7171135287
-15801.7170497707
-15801.7170160711
-15801.7170136069
-15801.7170362038
-15801.7171247319
-15801.7170839104
-15801.7170551532
-15801.7169453171
-15801.7170237807
-15801.7171556831
-15801.7171366779
-15801.7170146580
-15801.7169498846
-15801.7171321704
-15801.7169845718
-15801.7174549745
-15801.7169471751
-15801.7171846297
-15801.7169734811
-15801.7171174178
-15801.7171466060
-15801.7170557038
-15801.7171300638
-15801.7170699779
-15801.7170023795
-15801.7171712777
-15801.7170221865
-15801.7170003604
-15801.7169783691
-15801.7170812101
-15801.7170509139
-15801.7170628964
-15801.7170202659
-15801.7170822227
-15801.7171242376
-15801.7170272059
-15801.7170076215
-15801.7170699184
-15801.7169819774
-15801.7170200606
-15801.7169944539
-15801.7170866200
-15801.7169521422
-15801.7171359402
-15801.7171597810
-15801.7170994135
-15801.7170251083
-15801.7170110431
-15801.7169797525
-15801.7169602898
-15801.7172001303
-15801.7169650907
-15801.7171258418
-15801.7169833701
-15801.7170620881
-15801.7170373539
-15801.7170954168
-15801.7170955851
-15801.7170991048
-15801.7169295454
-15801.7169829903
-15801.7171719587
-15801.7169749792
-15801.7169895781
-15801.7170141298
-15801.7171440438
-15801.7169793249
-15801.7170964208
-15801.7171336261
-15801.7169358925
-15801.7170427779
-15801.7170734738
-15801.7170608637
-15801.7170533632
-15801.7170740671
-15801.7170980422
-15801.7170330909
-15801.7169947187
-15801.7170495226
-15801.7170933484
-15801.7169342362
-15801.7169427739
-15801.7171159327
-15801.7170428174
-15801.7174516942
-15801.7169817496
-15801.7169945915
-15801.7170810681
-15801.7170530321
-15801.7169361227
-15801.7170370533
-15801.7170440726
-15801.7170806196
-15801.7171288845
-15801.7170449021
-15801.7174556707
-15801.7171088104
-15801.7170361693
-15801.7169744734
-15801.7170046360
-15801.7169557392
-15801.7170338448
-15801.7170813278
-15801.7170909441
-15801.7171154471
-15801.7172049576
-15801.7169778590
-15801.7170791169
-15801.7171208396
-15801.7170855516
-15801.7170493129
-15801.7170289821
-15801.7170513520
-15801.7170543124
-15801.7171361723
-15801.7169930408
-15801.7170397267
-15801.7170192212
-15801.7169992796
-15801.7171224530
-15801.7170627865
-15801.7170422833
-15801.7170742158
-15801.7171050741
-15801.7169917233
-15801.7171910868
-15801.7170703441
-15801.7170297953
-15801.7169316920
-15801.7170045630
-15801.7169672178
-15801.7170284213
-15801.7169829963
-15801.7169865783
-15801.7169630062
-15801.7174558617
-15801.7170610235
-15801.7170240966
-15801.7171029196
-15801.7171976612
-15801.7170617835
-15801.7170026792
-15801.7170829195
-15801.7171151523
-15801.7169901152
-15801.7171074035
-15801.7170725607
-15801.7170652022
-15801.7169866593
-15801.7170824155
-15801.7170306042
-15801.7169766127
-15801.7171297327
-15801.7171280503
-15801.7170609136
-15801.7171130811
-15801.7172214919
-15801.7170711207
-15801.7171195318
-15801.7170688748
-15801.7169785269
-15801.7170773400
-15801.7170076203
-15801.7170077728
-15801.7170926048
-15801.7171074756
-15801.7170315875
-15801.7170262393
-15801.7169330798
-15801.7170291237
-15801.7170581950
-15801.7170019269
-15801.7170653078
-15801.7171059166
-15801.7171448565
-15801.7170510899
-15801.7171012679
-15801.7170723135
-15801.7170875677
-15801.7171079600
-15801.7169719859
-15801.7170173794
-15801.7169872381
-15801.7171554932
-15801.7170207653
-15801.7169708761
-15801.7170642073
-15801.7170062706
-15801.7170306821
-15801.7170196424
-15801.7170390266
-15801.7171372726
-15801.7170376400
-15801.7170111803
-15801.7172245532
-15801.7170218252
-15801.7171043533
-15801.7170103170
-15801.7170964297
-15801.7169901619
-15801.7170715208
-15801.7171408580
-15801.7171803670
-15801.7174562457
-15801.7171461604
-15801.7170412061
-15801.7170318392
-15801.7169742397
-15801.7169882056
-15801.7170628926
-15801.7170002324
-15801.7171119882
-15801.7170395147
-15801.7170920103
-15801.7169710402
-15801.7170836531
-15801.7171066774
-15801.7169434425
-15801.7172096347
-15801.7170124032
-15801.7170355139
-15801.7169934970
-15801.7170775957
-15801.7169835487
-15801.7170103644
-15801.7172922443
-15801.7171524368
-15801.7170143345
-15801.7170646351
-15801.7170748487
-15801.7169920499
-15801.7170834726
-15801.7170915316
-15801.7170804149
-15801.7169512223
-15801.7170431070
-15801.7170387438
-15801.7171201976
-15801.7171639086
-15801.7171893893
-15801.7171528608
-15801.7169962751
-15801.7169962933
-15801.7169709874
-15801.7170651056
-15801.7170912360
-15801.7170339411
-15801.7170539396
-15801.7170491992
-15801.7169568788
-15801.7170958265
-15801.7170077123
-15801.7171361312
-15801.7170146087
-15801.7170198915
-15801.7170475441
-15801.7171187308
-15801.7170374007
-15801.7170457424
-15801.7170518585
-15801.7172437721
-15801.7169913812
-15801.7170222883
-15801.7171782923
-15801.7170918066
-15801.7170878826
-15801.7170124040
-15801.7170296451
-15801.7169685997
-15801.7170023619
-15801.7169768854
-15801.7170425506
-15801.7170132814
-15801.7172606601
-15801.7169926188
-15801.7171363878
-15801.7170632804
-15801.7170033521
-15801.7169769922
-15801.7170916710
-15801.7169555391
-15801.7170246283
-15801.7169882527
-15801.7171518431
-15801.7171879450
-15801.7169942345
-15801.7170012594
-15801.7171038645
-15801.7169454347
-15801.7170083069
-15801.7170847172
-15801.7170044858
-15801.7170288576
-15801.7169871537
-15801.7170725502
-15801.7169821225
-15801.7170723889
-15801.7171496370
-15801.7170174211
-15801.7169597107
-15801.7171404755
-15801.7170821140
-15801.7171663394
-15801.7170111625
-15801.7169107288
-15801.7170357473
-15801.7170803955
-15801.7170590632
-15801.7169233615
-15801.7170610336
-15801.7171330537
-15801.7170424428
-15801.7170603830
-15801.7171052303
-15801.7169785056
-15801.7170880153
-15801.7172528462
-15801.7170855743
-15801.7170716697
-15801.7170012042
-15801.7172145430
-15801.7171139378
-15801.7169538860
-15801.7169883572
-15801.7170129918
-15801.7169947335
-15801.7170730111
-15801.7170669303
-15801.7171321366
-15801.7170375310
-15801.7170345658
-15801.7170470047
-15801.7170584492
-15801.7170399669
-15801.7169734081
-15801.7170033722
-15801.7173096696
-15801.7171912022
-15801.7171273594
-15801.7170094406
-15801.7169834664
-15801.7170241749
-15801.7170009200
-15801.7170268576
-15801.7171186186
-15801.7170720994
-15801.7170648694
-15801.7170182611
-15801.7170264057
-15801.7170197718
-15801.7169976960
-15801.7170930407
-15801.7169765664
-15801.7170457456
-15801.7170858411
-15801.7169868486
-15801.7170857386
-15801.7170670851
-15801.7171019255
-15801.7172160192
-15801.7170487004
-15801.7172093242
-15801.7170565013
-15801.7170157202
-15801.7170264612
-15801.7169824466
-15801.7170979007
-15801.7170749869
-15801.7171241941
-15801.7170700718
-15801.7171338508
-15801.7169754668
-15801.7170844750
-15801.7171832036
-15801.7170619184
-15801.7169904770
-15801.7170887420
-15801.7169641754
-15801.7169985885
-15801.7170321847
-15801.7170368889
-15801.7170134651
-15801.7170487111
-15801.7169842201
-15801.7171697747
-15801.7170489479
-15801.7170723050
-15801.7170289806
-15801.7170245527
-15801.7169576132
-15801.7170367330
-15801.7171963440
-15801.7174528507
-15801.7170858957
-15801.7171184687
-15801.7171207329
-15801.7171943486
-15801.7170348709
-15801.7170398507
-15801.7170838932
-15801.7169601752
-15801.7171161633
-15801.7171612159
-15801.7170482870
-15801.7169878600
-15801.7170201798
-15801.7172208398
-15801.7171201631
-15801.7171524089
-15801.7170137466
-15801.7169678882
-15801.7170392247
-15801.7171419397
-15801.7170618094
-15801.7169581706
-15801.7170534963
-15801.7172032983
-15801.7171093600
-15801.7171959056
-15801.7170943350
-15801.7174505690
-15801.7171096736
-15801.7170469635
-15801.7170521179
-15801.7170487130
-15801.7169945457
-15801.7174514682
-15801.7170297709
-15801.7169874718
-15801.7171784283
-15801.7169565249
-15801.7170721809
-15801.7170711135
-15801.7170491234
-15801.7170472115
-15801.7171144200
-15801.7170054076
-15801.7174536816
-15801.7171522144
-15801.7171458808
-15801.7173080319
-15801.7170327314
-15801.7170628649
-15801.7170404694
-15801.7172524491
-15801.7170986756
-15801.7170291071
-15801.7171039751
-15801.7173599852
-15801.7170526411
-15801.7170811753
-15801.7169588561
-15801.7171754375
-15801.7171097305
-15801.7169964528
-15801.7170293672
-15801.7169218910
-15801.7169808148
-15801.7169435647
-15801.7170403668
-15801.7170411871
-15801.7170409054
-15801.7171492087
-15801.7170419051
-15801.7170065563
-15801.7171196923
-15801.7170471419
-15801.7170510126
-15801.7169682286
-15801.7174527309
-15801.7170347313
-15801.7170291475
-15801.7170356828
-15801.7170199900
-15801.7172068552
-15801.7174534617
-15801.7171438212
-15801.7169888792
-15801.7170506127
-15801.7169933248
-15801.7170472430
-15801.7172554996
-15801.7170326054
-15801.7171818907
-15801.7170135486
-15801.7169954355
-15801.7170119731
-15801.7170777244
-15801.7169747492
-15801.7170361457
-15801.7170460249
-15801.7169947572
-15801.7170200180
-15801.7170376132
-15801.7169891123
-15801.7171391423
-15801.7172256116
-15801.7169595022
-15801.7170540212
-15801.7170570278
-15801.7171300883
-15801.7169620799
-15801.7169833778
-15801.7170990226
-15801.7169786224
-15801.7170134071
-15801.7170298601
-15801.7171359657
-15801.7170266231
-15801.7171007644
-15801.7170313746
-15801.7172162271
-15801.7171746274
-15801.7172005909
-15801.7169574864
-15801.7169979660
-15801.7170318705
-15801.7169666505
-15801.7171365025
-15801.7169490433
-15801.7169591939
-15801.7170645918
-15801.7170124712
-15801.7171304626
-15801.7170530734
-15801.7169425322
-15801.7169950431
-15801.7170319716
-15801.7169567665
-15801.7170055117
-15801.7170931921
-15801.7169309282
-15801.7171457321
-15801.7170615300
-15801.7169526081
-15801.7170843413
-15801.7172347998
-15801.7170198649
-15801.7169634329
-15801.7171414183
-15801.7169576721
-15801.7170143306
-15801.7170523751
-15801.7171569869
-15801.7170539204
-15801.7170359842
-15801.7174501288
-15801.7170818247
-15801.7169949895
-15801.7170618976
-15801.7170475212
-15801.7170263189
-15801.7171160237
-15801.7170812070
-15801.7171690786
-15801.7170773105
-15801.7169538823
-15801.7169654430
-15801.7170439659
-15801.7169927081
-15801.7169122844
-15801.7169323208
-15801.7174543869
-15801.7170320249
-15801.7169775740
-15801.7170226202
-15801.7169943721
-15801.7169219113
-15801.7170029016
-15801.7170753715
-15801.7171496474
-15801.7171935301
-15801.7171476382
-15801.7170215634
-15801.7170406427
-15801.7170965915
-15801.7171895669
-15801.7169857990
-15801.7169844103
-15801.7170471224
-15801.7170108574
-15801.7170448793
-15801.7169471631
-15801.7169894456
-15801.7171401945
-15801.7170254499
-15801.7171334209
-15801.7169835728
-15801.7170198145
-15801.7170662911
-15801.7170080641
-15801.7171287063
-15801.7171112628
-15801.7169519544
-15801.7169944451
-15801.7171675898
-15801.7171085927
-15801.7171992097
-15801.7170684954
-15801.7169766815
-15801.7171923014
-15801.7170229317
-15801.7170174872
-15801.7170501207
-15801.7170313900
-15801.7169920063
-15801.7172418369
-15801.7169872836
-15801.7170345891
-15801.7169578308
-15801.7170671004
-15801.7171630360
-15801.7170098978
-15801.7170839103
-15801.7170383011
-15801.7169959084
-15801.7170282993
-15801.7170086969
-15801.7170401021
-15801.7170674013
-15801.7169897924
-15801.7170865617
-15801.7169681230
-15801.7169659269
-15801.7170267747
-15801.7170539418
-15801.7169872038
-15801.7170266024
-15801.7169832867
-15801.7170667517
-15801.7172488577
-15801.7169933727
-15801.7171768744
-15801.7170184483
-15801.7170157868
-15801.7169707915
-15801.7171954526
-15801.7170928997
-15801.7169968400
-15801.7170832364
-15801.7170239758
-15801.7171726926
-15801.7170621067
-15801.7170979100
-15801.7169700955
-15801.7172004047
-15801.7170265866
-15801.7170075923
-15801.7170191873
-15801.7170444898
-15801.7169948396
-15801.7170892189
-15801.7170059157
-15801.7170794910
-15801.7170340935
-15801.7169668884
-15801.7169895858
-15801.7170824806
-15801.7170473772
-15801.7172117451
-15801.7170657412
-15801.7170551461
-15801.7169536349
-15801.7171099276
-15801.7169726844
-15801.7172576775
-15801.7170695520
-15801.7170560934
-15801.7169800944
-15801.7169925684
-15801.7169122716
-15801.7170390747
-15801.7169954115
-15801.7171012780
-15801.7172121264
-15801.7171816095
-15801.7170949805
-15801.7170226571
-15801.7169675826
-15801.7170831736
-15801.7169816422
-15801.7174550005
-15801.7169740136
-15801.7171438842
-15801.7171680779
-15801.7171577538
-15801.7171347769
-15801.7170815638
-15801.7169394695
-15801.7169861620
-15801.7170745556
-15801.7170037382
-15801.7169636393
-15801.7170193957
-15801.7170139875
-15801.7170357960
-15801.7169295870
-15801.7169802204
-15801.7170762949
-15801.7169708208
-15801.7170473909
-15801.7171038654
-15801.7170144488
-15801.7170095826
-15801.7170371657
-15801.7170489358
-15801.7169924166
-15801.7170805010
-15801.7170730162
-15801.7171277539
-15801.7170224025
-15801.7170428696
-15801.7171265124
-15801.7169866957
-15801.7170679854
-15801.7171962621
-15801.7170263225
-15801.7170804100
-15801.7171107955
-15801.7169740346
-15801.7170385226
-15801.7169868729
-15801.7170238338
-15801.7171406122
-15801.7170417940
-15801.7171268819
-15801.7170122791
-15801.7170104065
-15801.7170884705
-15801.7170143058
-15801.7169858315
-15801.7171562544
-15801.7170567857
-15801.7169872557
-15801.7172115382
-15801.7169796117
-15801.7170445867
-15801.7170700433
-15801.7170791099
-15801.7169953286
-15801.7169739165
-15801.7170321457
-15801.7171703274
-15801.7170481048
-15801.7169643535
-15801.7169981947
-15801.7174521468
-15801.7169324660
-15801.7171641708
-15801.7170372173
-15801.7171335509
-15801.7169846448
-15801.7170241563
-15801.7170758147
-15801.7169915286
-15801.7171968884
-15801.7170252746
-15801.7169952694
-15801.7170841774
-15801.7170822513
-15801.7172076466
-15801.7171661560
-15801.7172723490
-15801.7170340249
-15801.7170383374
-15801.7170238736
-15801.7170055090
-15801.7169949097
-15801.7170379601
-15801.7169186193
-15801.7170691013
-15801.7170931754
-15801.7169930556
-15801.7170637477
-15801.7170692904
-15801.7169813484
-15801.7169644074
-15801.7171116282
-15801.7170813000
-15801.7172191413
-15801.7171634581
-15801.7170969788
-15801.7170451273
-15801.7169335038
-15801.7172000945
-15801.7169443428
-15801.7169983821
-15801.7169899450
-15801.7169680437
-15801.7170524484
-15801.7172639326
-15801.7170777720
-15801.7170084459
-15801.7170198903
-15801.7170642169
-15801.7171372395
-15801.7171819248
-15801.7169597692
-15801.7170316403
-15801.7169047806
-15801.7170660780
-15801.7170398323
-15801.7170265235
-15801.7169874138
-15801.7171641843
-15801.7169431185
-15801.7170118613
-15801.7170744436
-15801.7170087002
-15801.7170361190
-15801.7169640135
-15801.7169939876
-15801.7171853690
-15801.7171300377
-15801.7170009274
-15801.7169899400
-15801.7170287572
-15801.7170543904
-15801.7169768325
-15801.7170310921
-15801.7172621243
-15801.7169878558
-15801.7170771274
-15801.7170944876
-15801.7171583092
-15801.7171735915
-15801.7169724543
-15801.7170449759
-15801.7174523656
-15801.7169257916
-15801.7170165635
-15801.7169948653
-15801.7170844369
-15801.7169972787
-15801.7171432322
-15801.7170439676
-15801.7170407267
-15801.7169717178
-15801.7170569745
-15801.7171076661
-15801.7170198211
-15801.7170784969
-15801.7169576612
-15801.7174567007
-15801.7171938648
-15801.7170071042
-15801.7170521668
-15801.7169474334
-15801.7170132854
-15801.7170118048
-15801.7171319138
-15801.7171012911
-15801.7170745270
-15801.7171015954
-15801.7170781136
-15801.7169781473
-15801.7172115037
-15801.7170163597
-15801.7169492901
-15801.7170020334
-15801.7170849541
-15801.7170602921
-15801.7170174346
-15801.7170832775
-15801.7169667736
-15801.7169928886
-15801.7170691119
-15801.7169994396
-15801.7170459205
-15801.7170974819
-15801.7170285598
-15801.7174571792
-15801.7171996963
-15801.7169250062
-15801.7171875989
-15801.7170962067
-15801.7169170674
-15801.7170386677
-15801.7171175591
-15801.7172029133
-15801.7169935837
-15801.7169762610
-15801.7170381637
-15801.7170615699
-15801.7170440622
-15801.7169960911
-15801.7171634477
-15801.7170229150
-15801.7170386827
-15801.7169550211
-15801.7169836419
-15801.7171807218
-15801.7170834763
-15801.7170271071
-15801.7171485885
-15801.7170551126
-15801.7169675286
-15801.7170251930
-15801.7170706357
-15801.7169756111
-15801.7171043480
-15801.7170648416
-15801.7170363851
-15801.7170018174
-15801.7170519195
-15801.7169821522
-15801.7171538784
-15801.7170118903
-15801.7170564412
-15801.7174523687
-15801.7170369892
-15801.7171275157
-15801.7170668369
-15801.7170123531
-15801.7171146432
-15801.7171238650
-15801.7171366333
-15801.7171114640
-15801.7170291723
-15801.7170987536
-15801.7170958518
-15801.7170269212
-15801.7170321729
-15801.7171424005
-15801.7169447725
-15801.7170934777
-15801.7171330173
-15801.7170962337
-15801.7170159048
-15801.7169027356
-15801.7171024957
-15801.7172127761
-15801.7170332123
-15801.7171397698
-15801.7171198800
-15801.7170167813
-15801.7171322774
-15801.7174535435
-15801.7171699942
-15801.7169751278
-15801.7171065087
-15801.7170275190
-15801.7169989580
-15801.7170812140
-15801.7170665895
-15801.7169595284
-15801.7169812185
-15801.7169847888
-15801.7169502617
-15801.7174520332
-15801.7170131576
-15801.7171058880
-15801.7170545614
-15801.7172181155
-15801.7170193115
-15801.7171490269
-15801.7169766664
-15801.7170764260
-15801.7170227864
-15801.7170034253
-15801.7170018610
-15801.7170658737
-15801.7169941909
-15801.7170772734
-15801.7174548461
-15801.7170126995
-15801.7170883941
-15801.7172182540
-15801.7170749951
-15801.7169735318
-15801.7170297241
-15801.7169464036
-15801.7169767349
-15801.7169567210
-15801.7169714123
-15801.7171555751
-15801.7169967023
-15801.7172645598
-15801.7173193893
-15801.7170708822
-15801.7170191444
-15801.7169506338
-15801.7170262748
-15801.7170248335
-15801.7170195055
-15801.7169941321
-15801.7171950043
-15801.7169580694
-15801.7171035140
-15801.7170936883
-15801.7170775043
-15801.7169575712
-15801.7170019763
-15801.7170616081
-15801.7170013982
-15801.7172016384
-15801.7170786998
-15801.7170249463
-15801.7170279357
-15801.7170134188
-15801.7170326581
-15801.7171046214
-15801.7170008089
-15801.7169566012
-15801.7170869614
-15801.7170431856
-15801.7171141561
-15801.7169511917
-15801.7171161927
-15801.7172625412
-15801.7169876409
-15801.7169638703
-15801.7170036019
-15801.7171138579
-15801.7170871912
-15801.7169351189
-15801.7170720319
-15801.7170683905
-15801.7170333960
-15801.7170728499
-15801.7170199919
-15801.7169796422
-15801.7171429680
-15801.7170924476
-15801.7171398000
-15801.7170549790
-15801.7174536634
-15801.7170239349
-15801.7169633592
-15801.7170849072
-15801.7169831329
-15801.7169514208
-15801.7170605543
-15801.7170163265
-15801.7170142395
-15801.7171822370
-15801.7171297060
-15801.7169830516
-15801.7169639518
-15801.7169164702
-15801.7169248832
-15801.7171085629
-15801.7170963938
-15801.7169465939
-15801.7170440490
-15801.7169562617
-15801.7170352700
-15801.7169847976
-15801.7170081800
-15801.7170129140
-15801.7170205547
-15801.7169992795
-15801.7169922233
-15801.7171964916
-15801.7171462979
-15801.7170831076
-15801.7169770287
-15801.7169758081
-15801.7170074769
-15801.7171223185
-15801.7171031589
-15801.7170730796
-15801.7170367604
-15801.7171598688
-15801.7170109284
-15801.7172266550
-15801.7171637900
-15801.7170532416
-15801.7169874671
-15801.7171161251
-15801.7171812651
-15801.7170500163
-15801.7169483025
-15801.7170830841
-15801.7169787522
-15801.7171821902
-15801.7170948723
-15801.7169879489
-15801.7169448808
-15801.7169512412
-15801.7170151719
-15801.7170918391
-15801.7169820102
-15801.7171409645
-15801.7170905769
-15801.7170005690
-15801.7169697384
-15801.7171855155
-15801.7172823171
-15801.7170224297
-15801.7169782678
-15801.7170320585
-15801.7169587226
-15801.7170318491
-15801.7170308819
-15801.7169431920
-15801.7169786660
-15801.7169700857
-15801.7170092614
-15801.7171401273
-15801.7169896495
-15801.7170739810
-15801.7169662876
-15801.7171246796
-15801.7170568498
-15801.7172292547
-15801.7170631809
-15801.7170825255
-15801.7169718047
-15801.7170126518
-15801.7170705313
-15801.7170830606
-15801.7169957427
-15801.7171375409
-15801.7170933726
-15801.7169586910
-15801.7169676135
-15801.7169736662
-15801.7169552246
-15801.7171220746
-15801.7171012104
-15801.7170146188
-15801.7171700020
-15801.7171091722
-15801.7169541865
-15801.7170146613
-15801.7169939633
-15801.7170654740
-15801.7171224662
-15801.7171433917
-15801.7174542567
-15801.7171141137
-15801.7170062306
-15801.7170338296
-15801.7169971554
-15801.7172209172
-15801.7169382064
-15801.7171612808
-15801.7170306289
-15801.7170791053
-15801.7169780920
-15801.7170154839
-15801.7170795354
-15801.7169794799
-15801.7169455117
-15801.7170800849
-15801.7169706074
-15801.7170719773
-15801.7170833968
-15801.7172787743
-15801.7170839743
-15801.7170730000
-15801.7171377989
-15801.7172322294
-15801.7169272121
-15801.7170202419
-15801.7169645958
-15801.7170197484
-15801.7170064655
-15801.7169591060
-15801.7170401702
-15801.7169906893
-15801.7170340349
-15801.7170099606
-15801.7171127112
-15801.7170365404
-15801.7169177764
-15801.7169920489
-15801.7169571749
-15801.7169929369
-15801.7170622765
-15801.7171128858
-15801.7169956730
-15801.7170403414
-15801.7174564242
-15801.7171746732
-15801.7171150438
-15801.7169455425
-15801.7170264354
-15801.7170438098
-15801.7169398149
-15801.7169903797
-15801.7172648886
-15801.7170573521
-15801.7170068564
-15801.7170692534
-15801.7170649581
-15801.7171378668
-15801.7169656322
-15801.7170486484
-15801.7170807475
-15801.7170440991
-15801.7170620483
-15801.7171443424
-15801.7170727896
-15801.7169841891
-15801.7171612497
-15801.7170648562
-15801.7171980577
-15801.7169605399
-15801.7170642308
-15801.7174545078
-15801.7171608830
-15801.7170129911
-15801.7169954045
-15801.7169682200
-15801.7172311606
-15801.7169981863
-15801.7170502621
-15801.7170194612
-15801.7170139659
-15801.7169798442
-15801.7170136240
-15801.7169956829
-15801.7171522652
-15801.7170950926
-15801.7169884151
-15801.7170365202
-15801.7170013580
-15801.7171414126
-15801.7170056799
-15801.7170183073
-15801.7171689018
-15801.7169397255
-15801.7169960477
-15801.7170681531
-15801.7170428097
-15801.7171411370
-15801.7172791145
-15801.7171283621
-15801.7170498647
-15801.7170072615
-15801.7170050791
-15801.7172571887
-15801.7170490373
-15801.7171418285
-15801.7169134747
-15801.7170939192
-15801.7171238803
-15801.7172064959
-15801.7171518225
-15801.7171368822
-15801.7171500903
-15801.7170720272
-15801.7170453968
-15801.7170504884
-15801.7170503488
-15801.7170800754
-15801.7171889199
-15801.7169789313
-15801.7169614249
-15801.7169366585
-15801.7171040357
-15801.7170602252
-15801.7169911993
-15801.7170399114
-15801.7170160197
-15801.7171086148
-15801.7169922324
-15801.7169540236
-15801.7174551569
-15801.7170325855
