-3124.2659941062
-3124.2659896705
-3124.2644405405
-3124.2631678901
-3124.2638516586
-3124.2650592173
-3124.2627406212
-3124.2634472960
-3124.2653317764
-3124.2615236533
-3124.2631016971
-3124.2622184782
-3124.2608649384
-3124.2643238225
-3124.2646859884
-3124.2648420385
-3124.2649518345
-3124.2642852134
-3124.2616860484
-3124.2616469747
-3124.2636680436
-3124.2631809905
-3124.2636888642
-3124.2652402063
-3124.2654699859
-3124.2651257965
-3124.2653396529
-3124.2652422946
-3124.2654864235
-3124.2654706502
-3124.2653070539
-3124.2654171318
-3124.2614051372
-3124.2605459894
-3124.2569878446
-3124.2621879713
-3124.2606982843
-3124.2655820499
-3124.2654655258
-3124.2657210829
-3124.2661278272
-3124.2661493456
-3124.2655749260
-3124.2655379488
-3124.2653960787
-3124.2650301386
-3124.2655446086
-3124.2650853659
-3124.2653121176
-3124.2656009861
-3124.2653506207
-3124.2655803494
-3124.2655522829
-3124.2650984616
-3124.2655592809
-3124.2652808790
-3124.2653300282
-3124.2655334324
-3124.2649751548
-3124.2653986125
-3124.2655088817
-3124.2657156137
-3124.2656451368
-3124.2652715814
-3124.2656539828
-3124.2656501107
-3124.2656417687
-3124.2654545344
-3124.2653117449
-3124.2651461117
-3124.2652144799
-3124.2653886781
-3124.2660042261
-3124.2659951026
-3124.2660178998
-3124.2659928457
-3124.2659917066
-3124.2659888599
-3124.2660308967
-3124.2659933814
-3124.2660050803
-3124.2660244578
-3124.2659938831
-3124.2660261409
-3124.2659970185
-3124.2659977552
-3124.2660033347
-3124.2660147698
-3124.2659956539
-3124.2660220995
-3124.2660206659
-3124.2660002742
-3124.2652267201
-3124.2654401566
-3124.2652062234
-3124.2657154883
-3124.2650809028
-3124.2656192628
-3124.2650543254
-3124.2655364024
-3124.2654464277
-3124.2656444231
-3124.2655767298
-3124.2651597203
-3124.2654870285
-3124.2655326112
-3124.2655898159
-3124.2650581256
-3124.2653919665
-3124.2654398069
-3124.2656173109
-3124.2655342789
-3124.2653425135
-3124.2653733025
-3124.2655586360
-3124.2649666875
-3124.2655388561
-3124.2654774461
-3124.2652612428
-3124.2652242839
-3124.2653536144
-3124.2650962834
-3124.2656313472
-3124.2653701764
-3124.2653620512
-3124.2653309565
-3124.2654921590
-3124.2655683664
-3124.2653498537
-3124.2652078476
-3124.2655681866
-3124.2652204524
-3124.2652809018
-3124.2655834255
-3124.2651147535
-3124.2650778110
-3124.2653849694
-3124.2652602837
-3124.2653907141
-3124.2653439772
-3124.2654444523
-3124.2652421627
-3124.2652548403
-3124.2649881040
-3124.2652819002
-3124.2653595461
-3124.2651928636
-3124.2653817413
-3124.2656232236
-3124.2656590895
-3124.2656961530
-3124.2656753822
-3124.2652743590
-3124.2653063708
-3124.2655149445
-3124.2654588422
-3124.2653969939
-3124.2652390475
-3124.2650933917
-3124.2652561802
-3124.2653652042
-3124.2654789973
-3124.2651203290
-3124.2654626811
-3124.2652555311
-3124.2647389817
-3124.2652867247
-3124.2654585345
-3124.2651703684
-3124.2650226285
-3124.2653726141
-3124.2653484425
-3124.2649224769
-3124.2657489777
-3124.2655752634
-3124.2656263113
-3124.2651994176
-3124.2651292759
-3124.2657773515
-3124.2653335767
-3124.2653717089
-3124.2652945987
-3124.2652682358
-3124.2655386066
-3124.2655227447
-3124.2654580736
-3124.2655389105
-3124.2654066094
-3124.2651352558
-3124.2650702066
-3124.2656782127
-3124.2652061979
-3124.2652567032
-3124.2652852643
-3124.2651721598
-3124.2652415389
-3124.2648975819
-3124.2654204793
-3124.2651738958
-3124.2654728617
-3124.2652098847
-3124.2654229948
-3124.2654515694
-3124.2654521907
-3124.2653764380
-3124.2653372011
-3124.2654061717
-3124.2652919054
-3124.2656781870
-3124.2654057252
-3124.2656428644
-3124.2655735306
-3124.2653231360
-3124.2652204334
-3124.2653295312
-3124.2656314946
-3124.2654203977
-3124.2652783338
-3124.2651889401
-3124.2651848923
-3124.2653294277
-3124.2655374401
-3124.2657743318
-3124.2655489776
-3124.2653320955
-3124.2650846473
-3124.2654051743
-3124.2653638916
-3124.2657058852
-3124.2654902797
-3124.2651507437
-3124.2652470758
-3124.2653665298
-3124.2658480259
-3124.2652464353
-3124.2654279041
-3124.2655493166
-3124.2654451551
-3124.2659966262
-3124.2656776864
-3124.2656987515
-3124.2653910634
-3124.2650746560
-3124.2654302666
-3124.2655519944
-3124.2652955136
-3124.2654239292
-3124.2651848422
-3124.2654384357
-3124.2653131083
-3124.2655443917
-3124.2655749471
-3124.2655078779
-3124.2650955446
-3124.2651933875
-3124.2652216111
-3124.2654682115
-3124.2652815109
-3124.2653703254
-3124.2651639679
-3124.2655169446
-3124.2652856202
-3124.2655608572
-3124.2654175690
-3124.2652884580
-3124.2654938376
-3124.2649610412
-3124.2655628144
-3124.2656632016
-3124.2653865314
-3124.2649802596
-3124.2654836932
-3124.2653294857
-3124.2655825832
-3124.2653850667
-3124.2653405042
-3124.2655042590
-3124.2654419744
-3124.2653913163
-3124.2654618738
-3124.2653505230
-3124.2653410119
-3124.2656525456
-3124.2655651112
-3124.2652789298
-3124.2652690681
-3124.2653963508
-3124.2654473297
-3124.2651256353
-3124.2651852891
-3124.2655507901
-3124.2651221933
-3124.2654485877
-3124.2653105738
-3124.2653490909
-3124.2652734697
-3124.2653622477
-3124.2656561970
-3124.2654458080
-3124.2654363390
-3124.2652150091
-3124.2656971781
-3124.2653765337
-3124.2653686395
-3124.2653248431
-3124.2653815796
-3124.2651855425
-3124.2652194284
-3124.2654990472
-3124.2653045459
-3124.2653955488
-3124.2652214694
-3124.2655465900
-3124.2654789860
-3124.2652512070
-3124.2654978840
-3124.2654724285
-3124.2652482110
-3124.2651976213
-3124.2652708445
-3124.2655737652
-3124.2652586112
-3124.2652859765
-3124.2653736705
-3124.2654408461
-3124.2654188216
-3124.2653523213
-3124.2652873972
-3124.2653672413
-3124.2652140877
-3124.2651960410
-3124.2653928118
-3124.2655928891
-3124.2653717449
-3124.2653189961
-3124.2652292979
-3124.2660041869
-3124.2650979936
-3124.2652438529
-3124.2653128006
-3124.2651349695
-3124.2650964078
-3124.2655337799
-3124.2651620156
-3124.2650520902
-3124.2660039020
-3124.2655465349
-3124.2651855173
-3124.2653828959
-3124.2654811967
-3124.2652554647
-3124.2652834120
-3124.2652567587
-3124.2650614406
-3124.2652183715
-3124.2652273458
-3124.2653065243
-3124.2652611431
-3124.2651695563
-3124.2654307022
-3124.2654895835
-3124.2650317957
-3124.2653052540
-3124.2654964470
-3124.2650618518
-3124.2652479837
-3124.2652878272
-3124.2646866408
-3124.2650215613
-3124.2655427632
-3124.2652311685
-3124.2653979568
-3124.2653584048
-3124.2650901663
-3124.2652979641
-3124.2648759545
-3124.2654175608
-3124.2652850407
-3124.2659940789
-3124.2653887753
-3124.2654570894
-3124.2654527871
-3124.2655303577
-3124.2652810343
-3124.2653201233
-3124.2653340389
-3124.2654072737
-3124.2651438447
-3124.2649805503
-3124.2655588957
-3124.2655114446
-3124.2654513563
-3124.2655744927
-3124.2653799266
-3124.2653422966
-3124.2648805294
-3124.2654257265
-3124.2654495831
-3124.2652819263
-3124.2653421869
-3124.2651682610
-3124.2652219927
-3124.2660171422
-3124.2657082518
-3124.2654104514
-3124.2654210893
-3124.2652089257
-3124.2652018294
-3124.2648981497
-3124.2652639676
-3124.2654923601
-3124.2656221457
-3124.2654649975
-3124.2653840824
-3124.2653239307
-3124.2651726759
-3124.2653214037
-3124.2654153393
-3124.2655897655
-3124.2656368156
-3124.2655412919
-3124.2653911723
-3124.2655439003
-3124.2655925431
-3124.2655595220
-3124.2652252328
-3124.2657211132
-3124.2650533933
-3124.2654057060
-3124.2652818761
-3124.2653515585
-3124.2653341276
-3124.2652807425
-3124.2654604509
-3124.2652451967
-3124.2654011446
-3124.2653397480
-3124.2655838342
-3124.2652551436
-3124.2651040123
-3124.2657503736
-3124.2655588633
-3124.2653468830
-3124.2654580349
-3124.2652641747
-3124.2655036309
-3124.2649763108
-3124.2653738245
-3124.2655008883
-3124.2653080146
-3124.2652348183
-3124.2652050741
-3124.2653090746
-3124.2652351540
-3124.2655200941
-3124.2652153093
-3124.2653885953
-3124.2654836671
-3124.2652127221
-3124.2654844278
-3124.2653206972
-3124.2656267540
-3124.2654724831
-3124.2657799175
-3124.2652719761
-3124.2653416181
-3124.2653212760
-3124.2654003629
-3124.2651824817
-3124.2660069955
-3124.2654486881
-3124.2651254569
-3124.2650264409
-3124.2657115908
-3124.2653790234
-3124.2652562596
-3124.2656309070
-3124.2654651462
-3124.2653098104
-3124.2652544833
-3124.2651258052
-3124.2652099748
-3124.2651581504
-3124.2652218466
-3124.2650569193
-3124.2653502965
-3124.2652050429
-3124.2651664392
-3124.2651011341
-3124.2653195039
-3124.2653605222
-3124.2653376911
-3124.2655378704
-3124.2660085318
-3124.2653649336
-3124.2653531189
-3124.2654486544
-3124.2653165733
-3124.2652703629
-3124.2649890950
-3124.2657561922
-3124.2654924909
-3124.2650725631
-3124.2653360992
-3124.2654173595
-3124.2655754249
-3124.2655180255
-3124.2654067474
-3124.2653080553
-3124.2652047929
-3124.2657392945
-3124.2651838616
-3124.2655197553
-3124.2654726358
-3124.2651428493
-3124.2652519771
-3124.2652213528
-3124.2654201044
-3124.2650673507
-3124.2654984184
-3124.2652092297
-3124.2650315801
-3124.2654263788
-3124.2651347410
-3124.2654422540
-3124.2653484898
-3124.2655865680
-3124.2654144130
-3124.2654002411
-3124.2652574128
-3124.2651583345
-3124.2651476727
-3124.2652636393
-3124.2657956558
-3124.2653804195
-3124.2655624711
-3124.2654893569
-3124.2653773928
-3124.2657567335
-3124.2651913210
-3124.2651813136
-3124.2654851695
-3124.2654317506
-3124.2652441942
-3124.2659903985
-3124.2653685198
-3124.2653856967
-3124.2659898560
-3124.2649683457
-3124.2655077982
-3124.2653440287
-3124.2654513776
-3124.2653032248
-3124.2655332221
-3124.2653075770
-3124.2651491630
-3124.2656115974
-3124.2653941924
-3124.2652966923
-3124.2657272933
-3124.2653396880
-3124.2653116025
-3124.2655589288
-3124.2650558900
-3124.2654377837
-3124.2655548799
-3124.2656816116
-3124.2650948377
-3124.2660199080
-3124.2652874511
-3124.2653960551
-3124.2655146702
-3124.2654046469
-3124.2653624551
-3124.2653360757
-3124.2655700007
-3124.2653884827
-3124.2652209580
-3124.2653275933
-3124.2654150909
-3124.2654620206
-3124.2655234308
-3124.2652909909
-3124.2653503605
-3124.2652491191
-3124.2654646919
-3124.2655136948
-3124.2651860506
-3124.2654735410
-3124.2652126916
-3124.2654282005
-3124.2654547372
-3124.2653486794
-3124.2654625718
-3124.2650612452
-3124.2648158849
-3124.2651167652
-3124.2655413868
-3124.2651797895
-3124.2655154251
-3124.2653621999
-3124.2653266626
-3124.2649480312
-3124.2653683743
-3124.2652510949
-3124.2652808180
-3124.2652442490
-3124.2654176897
-3124.2650451864
-3124.2652907050
-3124.2658208819
-3124.2650047855
-3124.2655185324
-3124.2659096806
-3124.2657317393
-3124.2651168844
-3124.2652659789
-3124.2655041006
-3124.2660189799
-3124.2655575973
-3124.2656382576
-3124.2655030066
-3124.2650932441
-3124.2653429170
-3124.2652661424
-3124.2652587364
-3124.2655145086
-3124.2655088207
-3124.2650824304
-3124.2651384023
-3124.2652690027
-3124.2653686811
-3124.2658905100
-3124.2653990600
-3124.2656714536
-3124.2653954030
-3124.2650380999
-3124.2655384369
-3124.2655678875
-3124.2654265782
-3124.2651136845
-3124.2652868686
-3124.2656753475
-3124.2657043874
-3124.2653332518
-3124.2654164389
-3124.2653594351
-3124.2652016085
-3124.2651976352
-3124.2652447562
-3124.2651687497
-3124.2652426901
-3124.2653521537
-3124.2654931532
-3124.2650552169
-3124.2654467176
-3124.2652146923
-3124.2654737875
-3124.2654624064
-3124.2653625886
-3124.2651111139
-3124.2653267951
-3124.2653517570
-3124.2655606062
-3124.2654159951
-3124.2655939101
-3124.2651614113
-3124.2653976416
-3124.2655885083
-3124.2656333638
-3124.2651877503
-3124.2656181937
-3124.2654891177
-3124.2653473843
-3124.2652323652
-3124.2655080016
-3124.2652236402
-3124.2648433039
-3124.2653965958
-3124.2652604184
-3124.2652751428
-3124.2649848340
-3124.2658225344
-3124.2655052601
-3124.2653648631
-3124.2652497426
-3124.2655364352
-3124.2651538360
-3124.2653020607
-3124.2651910493
-3124.2652556906
-3124.2653408282
-3124.2654249482
-3124.2652741426
-3124.2651609071
-3124.2654217225
-3124.2652545320
-3124.2660029883
-3124.2653647474
-3124.2655044756
-3124.2654703075
-3124.2660208745
-3124.2654332310
-3124.2652128579
-3124.2653792272
-3124.2653053949
-3124.2653435602
-3124.2653108131
-3124.2655069643
-3124.2653747908
-3124.2654369127
-3124.2651156179
-3124.2651500211
-3124.2653682669
-3124.2654435599
-3124.2650452920
-3124.2654520912
-3124.2654471528
-3124.2653151651
-3124.2651951201
-3124.2648794428
-3124.2654916870
-3124.2654203539
-3124.2648294686
-3124.2653581538
-3124.2655313076
-3124.2652117753
-3124.2651860422
-3124.2653100166
-3124.2650508043
-3124.2655233766
-3124.2652375235
-3124.2654767257
-3124.2655237471
-3124.2654493319
-3124.2654378594
-3124.2650838215
-3124.2654742119
-3124.2653860763
-3124.2654585081
-3124.2653549087
-3124.2654052706
-3124.2651738016
-3124.2651852619
-3124.2653654978
-3124.2653783703
-3124.2649980488
-3124.2653453223
-3124.2651894939
-3124.2653486860
-3124.2649461299
-3124.2652615953
-3124.2651094149
-3124.2655763382
-3124.2652744170
-3124.2651882693
-3124.2651977060
-3124.2655682835
-3124.2654645364
-3124.2650712934
-3124.2657765579
-3124.2653005804
-3124.2656603481
-3124.2655530330
-3124.2654978236
-3124.2655066721
-3124.2651463656
-3124.2653742658
-3124.2658923461
-3124.2654276473
-3124.2656919669
-3124.2654474753
-3124.2649659399
-3124.2651067441
-3124.2654484267
-3124.2653095500
-3124.2653144789
-3124.2657203355
-3124.2651758147
-3124.2653629400
-3124.2653710387
-3124.2656003711
-3124.2651047680
-3124.2650794905
-3124.2654540523
-3124.2653973016
-3124.2656028226
-3124.2652075899
-3124.2651813806
-3124.2654637579
-3124.2654265820
-3124.2652756105
-3124.2653805012
-3124.2650280936
-3124.2653753524
-3124.2647785303
-3124.2653440004
-3124.2654201019
-3124.2652426703
-3124.2653808826
-3124.2651424456
-3124.2651558143
-3124.2655841410
-3124.2654053053
-3124.2652580655
-3124.2652358893
-3124.2652963804
-3124.2650732169
-3124.2660061996
-3124.2652174107
-3124.2652926441
-3124.2653483631
-3124.2653066809
-3124.2653638964
-3124.2652361067
-3124.2653137430
-3124.2655598034
-3124.2651761010
-3124.2653270312
-3124.2655497897
-3124.2653260162
-3124.2652062184
-3124.2653698585
-3124.2652332061
-3124.2651943672
-3124.2648925427
-3124.2651035492
-3124.2654973277
-3124.2656339923
-3124.2655831594
-3124.2652104277
-3124.2653692234
-3124.2651574446
-3124.2652707480
-3124.2653905972
-3124.2653009794
-3124.2652807392
-3124.2656162490
-3124.2652959407
-3124.2651931139
-3124.2653196431
-3124.2650552149
-3124.2653609887
-3124.2654022353
-3124.2652404181
-3124.2656065499
-3124.2659833463
-3124.2657552910
-3124.2650108802
-3124.2654948494
-3124.2653229803
-3124.2653548261
-3124.2655762175
-3124.2653507304
-3124.2652870508
-3124.2653247353
-3124.2656129018
-3124.2653046246
-3124.2655127716
-3124.2653746209
-3124.2655112691
-3124.2650423305
-3124.2654298425
-3124.2654017913
-3124.2652979002
-3124.2653972491
-3124.2657428469
-3124.2654302989
-3124.2655552345
-3124.2651187049
-3124.2653780024
-3124.2653158467
-3124.2654751158
-3124.2653211570
-3124.2652425338
-3124.2649686443
-3124.2654751560
-3124.2654194693
-3124.2651813596
-3124.2653139812
-3124.2656243893
-3124.2656913750
-3124.2653293355
-3124.2652589424
-3124.2659980382
-3124.2650872115
-3124.2654923276
-3124.2653786126
-3124.2652688310
-3124.2651998500
-3124.2655051504
-3124.2649377442
-3124.2653125051
-3124.2656077097
-3124.2650646093
-3124.2654042038
-3124.2651194171
-3124.2653981747
-3124.2652430603
-3124.2654793009
-3124.2657893925
-3124.2651199297
-3124.2650746446
-3124.2660225232
-3124.2656463562
-3124.2659943325
-3124.2652906332
-3124.2652232058
-3124.2655528416
-3124.2655042408
-3124.2654807468
-3124.2657320604
-3124.2656897826
-3124.2652705180
-3124.2656312666
-3124.2651008569
-3124.2655197766
-3124.2650563219
-3124.2654559382
-3124.2650833270
-3124.2655220393
-3124.2652010466
-3124.2651782928
-3124.2654507554
-3124.2651513096
-3124.2660313716
-3124.2657095602
-3124.2654088514
-3124.2656017007
-3124.2655469025
-3124.2653701718
-3124.2658208754
-3124.2650668090
-3124.2654627677
-3124.2655888622
-3124.2656949021
-3124.2657856204
-3124.2655760294
-3124.2656406712
-3124.2655648090
-3124.2653608198
-3124.2652046254
-3124.2653294133
-3124.2653096182
-3124.2652730786
-3124.2652613065
-3124.2655674907
-3124.2655984979
-3124.2653251135
-3124.2652277891
-3124.2653219465
-3124.2654778484
-3124.2651572888
-3124.2655977445
-3124.2653367478
-3124.2652780769
-3124.2654349375
-3124.2655749401
-3124.2654252307
-3124.2651339040
-3124.2653220663
-3124.2656048598
-3124.2654313590
-3124.2656091021
-3124.2653670879
-3124.2653812896
-3124.2652390474
-3124.2653835342
-3124.2654859960
-3124.2653639233
-3124.2655143818
-3124.2652932309
-3124.2653484451
-3124.2649582221
-3124.2652963667
-3124.2655574058
-3124.2652538761
-3124.2656905266
-3124.2652274930
-3124.2657050477
-3124.2652324145
-3124.2653919643
-3124.2651992417
-3124.2651438710
-3124.2655568897
-3124.2647944243
-3124.2652868938
-3124.2653831662
-3124.2652966443
-3124.2653390674
-3124.2657493089
-3124.2653623227
-3124.2652572800
-3124.2651804349
-3124.2655467250
-3124.2652968208
-3124.2651396377
-3124.2654671443
-3124.2652877913
-3124.2653489818
-3124.2650551529
-3124.2655593353
-3124.2656081327
-3124.2655591543
-3124.2653183662
-3124.2655350359
-3124.2651300952
-3124.2654526473
-3124.2655524195
-3124.2653083659
-3124.2649058656
-3124.2652511356
-3124.2655452550
-3124.2649325836
-3124.2651734236
-3124.2657717683
-3124.2651313402
-3124.2656063512
-3124.2651912359
-3124.2651609231
-3124.2651585145
-3124.2655529633
-3124.2656925908
-3124.2654514303
-3124.2653784624
-3124.2657278318
-3124.2652609317
-3124.2650988337
-3124.2653747547
-3124.2652151495
-3124.2656199627
-3124.2652722806
-3124.2654041754
-3124.2655377468
-3124.2652252914
-3124.2654609454
-3124.2651439764
-3124.2654087798
-3124.2652231494
-3124.2651223611
-3124.2650093763
-3124.2652066985
-3124.2655576568
-3124.2654978672
-3124.2654793918
-3124.2652496662
-3124.2654367647
-3124.2654401694
-3124.2655507501
-3124.2654598377
-3124.2653641363
-3124.2655419242
-3124.2651438528
-3124.2656775200
-3124.2653925948
-3124.2652621878
-3124.2650612663
-3124.2652259521
-3124.2654499886
-3124.2653315734
-3124.2651794538
-3124.2651906096
-3124.2652057846
-3124.2656556817
-3124.2654252362
-3124.2656121248
-3124.2650939956
-3124.2651782566
-3124.2655177860
-3124.2651106988
-3124.2651888707
-3124.2653441842
-3124.2650000307
-3124.2650566749
-3124.2655851805
-3124.2655034698
-3124.2652244997
-3124.2653930055
-3124.2654016005
-3124.2650883247
-3124.2650878804
-3124.2651909054
-3124.2656300251
-3124.2653099356
-3124.2653262452
-3124.2652723674
-3124.2654015440
-3124.2654520771
-3124.2654040147
-3124.2651506582
-3124.2649342807
-3124.2656748590
-3124.2650765573
-3124.2650138477
-3124.2652505147
-3124.2651574761
-3124.2653616286
-3124.2656707996
-3124.2653605192
-3124.2654811393
-3124.2651463756
-3124.2656292365
-3124.2654416934
-3124.2653019257
-3124.2652915731
-3124.2650989097
-3124.2650743720
-3124.2650427379
-3124.2655219178
-3124.2653133205
-3124.2652763617
-3124.2651992692
-3124.2655187165
-3124.2654303831
-3124.2656355790
-3124.2656704832
-3124.2653797568
-3124.2655182229
-3124.2653081431
-3124.2654922447
-3124.2649534422
-3124.2655201514
-3124.2655385007
-3124.2653114239
-3124.2654876928
-3124.2652380514
-3124.2653500997
-3124.2655986272
-3124.2655710375
-3124.2652934279
-3124.2654444344
-3124.2654223900
-3124.2653006967
-3124.2652915244
-3124.2652501169
-3124.2654596008
-3124.2652469299
-3124.2655897834
-3124.2653284451
-3124.2650039393
-3124.2653362633
-3124.2650729445
-3124.2651567889
-3124.2649333545
-3124.2652312079
-3124.2651082577
-3124.2657136056
-3124.2651618056
-3124.2651152551
-3124.2654549770
-3124.2652041295
-3124.2654775317
-3124.2657128784
-3124.2649552450
-3124.2660228802
-3124.2653008532
-3124.2654058960
-3124.2655630936
-3124.2653554767
-3124.2655052938
-3124.2660010391
-3124.2656155553
-3124.2649968391
-3124.2653376414
-3124.2655535030
-3124.2652513244
-3124.2659997020
-3124.2653864546
-3124.2655468818
-3124.2655509047
-3124.2652167604
-3124.2649025351
-3124.2656534032
-3124.2651358391
-3124.2648551485
-3124.2654190014
-3124.2651993397
-3124.2651654686
-3124.2655185174
-3124.2654384853
-3124.2652767331
-3124.2656146626
-3124.2653598748
-3124.2655207915
-3124.2650703046
-3124.2652120174
-3124.2654924407
-3124.2654346759
-3124.2655442318
-3124.2653919800
-3124.2653429621
-3124.2651178397
-3124.2653843087
-3124.2660317215
-3124.2655772276
-3124.2651951589
-3124.2651414764
-3124.2652746128
-3124.2652600695
-3124.2652535386
-3124.2653562312
-3124.2655798356
-3124.2655674046
-3124.2652520547
-3124.2651608590
-3124.2653473117
-3124.2659996064
-3124.2648608097
-3124.2653656353
-3124.2651566554
-3124.2651507058
-3124.2651382458
-3124.2655754230
-3124.2653124238
-3124.2653442453
-3124.2653473729
-3124.2652021712
-3124.2654747971
-3124.2653842862
-3124.2655697698
-3124.2652115356
-3124.2650448839
-3124.2652968303
-3124.2655546485
-3124.2657054722
-3124.2656242253
-3124.2656507875
-3124.2656368303
-3124.2653001799
-3124.2656159772
-3124.2654875318
-3124.2653541400
-3124.2652013726
-3124.2655700511
-3124.2653039752
-3124.2652780539
-3124.2652268448
-3124.2659930636
-3124.2653580596
-3124.2656480054
-3124.2653892029
-3124.2654740607
-3124.2653014940
-3124.2653973434
-3124.2652557813
-3124.2654421524
-3124.2654554590
-3124.2653624131
-3124.2654743919
-3124.2654915713
-3124.2650634974
-3124.2654587193
-3124.2655081964
-3124.2654132589
-3124.2652722736
-3124.2651534045
-3124.2657126306
-3124.2655318119
-3124.2651685239
-3124.2656055941
-3124.2653399186
-3124.2655596713
-3124.2653060092
-3124.2651864311
-3124.2653967344
-3124.2654262836
-3124.2653403806
-3124.2653581375
-3124.2654558435
-3124.2653984174
-3124.2653742712
-3124.2651505313
-3124.2657384083
-3124.2653348443
-3124.2654555245
-3124.2651353112
-3124.2652674388
-3124.2653449446
-3124.2651807055
-3124.2652778628
-3124.2657710678
-3124.2655189284
-3124.2652387153
-3124.2652078553
-3124.2654906645
-3124.2650843370
-3124.2655252343
-3124.2653445385
-3124.2653091180
-3124.2650524198
-3124.2654124435
-3124.2653855938
-3124.2653910862
-3124.2656754145
-3124.2655920814
-3124.2652193361
-3124.2653980156
-3124.2653653551
-3124.2655018249
-3124.2649950896
-3124.2654087268
-3124.2654244742
-3124.2651869880
-3124.2656006780
-3124.2650982775
-3124.2653359604
-3124.2652504089
-3124.2656361608
-3124.2650407004
-3124.2653039481
-3124.2653049111
-3124.2657777135
-3124.2653253921
-3124.2650629159
-3124.2654315285
-3124.2655037473
-3124.2652896825
-3124.2654442957
-3124.2653403455
-3124.2651099482
-3124.2657465722
-3124.2653555419
-3124.2654019889
-3124.2652935580
-3124.2657546690
-3124.2654589464
-3124.2652622114
-3124.2654152377
-3124.2653540620
-3124.2654997156
-3124.2654313912
-3124.2654875109
-3124.2653129877
-3124.2655314776
-3124.2654347390
-3124.2654906557
-3124.2648487012
-3124.2650739535
-3124.2652282985
-3124.2652552913
-3124.2654797109
-3124.2651030402
-3124.2652901119
-3124.2652296303
-3124.2651309321
-3124.2655121739
-3124.2653675142
-3124.2659952986
-3124.2657754893
-3124.2652358931
-3124.2655958698
-3124.2651704000
-3124.2651043673
-3124.2653099101
-3124.2654983676
-3124.2651821397
-3124.2655161885
-3124.2653432002
-3124.2653993143
-3124.2655914306
-3124.2651824118
-3124.2652801195
-3124.2652602932
-3124.2654020361
-3124.2652375621
-3124.2653438650
-3124.2651309959
-3124.2654998402
-3124.2654406827
-3124.2652762164
-3124.2653716997
-3124.2648621834
-3124.2655878858
-3124.2652780589
-3124.2655084853
-3124.2650945144
-3124.2651584864
-3124.2655495982
-3124.2653303526
-3124.2655570967
-3124.2652344918
-3124.2656018091
-3124.2654423163
-3124.2653330887
-3124.2657451117
-3124.2658291915
-3124.2654241342
-3124.2652116786
-3124.2652632446
-3124.2653105549
-3124.2651551967
-3124.2655878368
-3124.2653112656
-3124.2652972792
-3124.2653210209
-3124.2655443002
-3124.2649687370
-3124.2653126933
-3124.2653779020
-3124.2649274512
-3124.2655485398
-3124.2654518966
-3124.2651673291
-3124.2650813668
-3124.2652168335
-3124.2653237175
-3124.2654737453
-3124.2652041032
-3124.2657710507
-3124.2651661462
-3124.2656081295
-3124.2654422293
-3124.2654916839
-3124.2652799662
-3124.2655163829
-3124.2652938422
-3124.2653365454
-3124.2647681831
-3124.2657117236
-3124.2655789391
-3124.2654253661
-3124.2651810047
-3124.2655072172
-3124.2652294292
-3124.2650349819
-3124.2652009209
-3124.2655658914
-3124.2653948130
-3124.2650252842
-3124.2655036186
-3124.2653646772
-3124.2651237937
-3124.2656637250
-3124.2652828082
-3124.2653501917
-3124.2653496606
-3124.2655755941
-3124.2654063721
-3124.2653580108
-3124.2656950461
-3124.2652827973
-3124.2654614149
-3124.2652604318
-3124.2659755418
-3124.2653096155
-3124.2654563496
-3124.2658314402
-3124.2653290957
-3124.2652946423
-3124.2658479113
-3124.2660219824
-3124.2650764671
-3124.2649836209
-3124.2658447888
-3124.2653184680
-3124.2653513599
-3124.2653202172
-3124.2651960932
-3124.2653927925
-3124.2652779247
-3124.2649510667
-3124.2651645020
-3124.2652523640
-3124.2653888052
-3124.2654544789
-3124.2649315096
-3124.2651925812
-3124.2653715674
-3124.2653721040
-3124.2655795879
-3124.2652598631
-3124.2653849041
-3124.2653802945
-3124.2650385724
-3124.2653142532
-3124.2651302966
-3124.2650878935
-3124.2655899066
-3124.2651750691
-3124.2654574510
-3124.2655946226
-3124.2650431955
-3124.2653620718
-3124.2657159217
-3124.2655961762
-3124.2654799601
-3124.2655075234
-3124.2651700850
-3124.2651252167
-3124.2653048961
-3124.2654935618
-3124.2652223438
-3124.2648707074
-3124.2651927239
-3124.2654009875
-3124.2652585689
-3124.2653893990
-3124.2651750055
-3124.2654515057
-3124.2656564610
-3124.2654853340
-3124.2653412044
-3124.2652946315
-3124.2648237311
-3124.2655049220
-3124.2653607926
-3124.2654697714
-3124.2654000484
-3124.2657244387
-3124.2657192462
-3124.2651374932
-3124.2652755680
-3124.2656867027
-3124.2654784335
-3124.2649949976
-3124.2654667894
-3124.2655033770
-3124.2654966540
-3124.2653665379
-3124.2650878606
-3124.2654895656
-3124.2652716005
-3124.2652363478
-3124.2653409722
-3124.2656341486
-3124.2654735649
-3124.2649685042
-3124.2654751991
-3124.2655559258
-3124.2652732313
-3124.2651168927
-3124.2653818354
-3124.2652063403
-3124.2657123769
-3124.2651921794
-3124.2653249726
-3124.2652370279
-3124.2653328134
-3124.2654229384
-3124.2653168654
-3124.2654685781
-3124.2650427597
-3124.2654687509
-3124.2652245999
-3124.2653561762
-3124.2657216998
-3124.2653395405
-3124.2654021306
-3124.2649281047
-3124.2648432774
-3124.2651783740
-3124.2654698471
-3124.2653090334
-3124.2653761262
-3124.2655302867
-3124.2651846634
-3124.2657146052
-3124.2651739720
-3124.2657867307
-3124.2651682776
-3124.2652977984
-3124.2655944962
-3124.2654129439
-3124.2652626153
-3124.2658123343
-3124.2652594764
-3124.2654302199
-3124.2651830244
-3124.2652568450
-3124.2654655761
-3124.2650170758
-3124.2652827929
-3124.2655848759
-3124.2651342629
-3124.2651931726
-3124.2652144784
-3124.2652003120
-3124.2649584373
-3124.2653718395
-3124.2656543727
-3124.2655730942
-3124.2652173835
-3124.2656855597
-3124.2654259034
-3124.2654106032
-3124.2655920972
-3124.2653886755
-3124.2652119458
-3124.2656399638
-3124.2654404354
-3124.2651964130
-3124.2655185050
-3124.2658726288
-3124.2652076400
-3124.2653897635
-3124.2653923803
-3124.2652464097
-3124.2654546122
-3124.2656879879
-3124.2656320073
-3124.2653893052
-3124.2655058562
-3124.2655921594
-3124.2654484164
-3124.2654922832
-3124.2652400891
-3124.2651148875
-3124.2655388596
-3124.2653308339
-3124.2656247722
-3124.2654670593
-3124.2654057934
-3124.2653032953
-3124.2654290929
-3124.2654623995
-3124.2653561226
-3124.2650531009
-3124.2655819327
-3124.2650552314
-3124.2656438861
-3124.2653190330
-3124.2654955320
-3124.2647983685
-3124.2655768079
-3124.2652151759
-3124.2652292144
-3124.2651449733
-3124.2652002163
-3124.2654639685
-3124.2655931304
-3124.2650589751
-3124.2652437637
-3124.2651481142
-3124.2652598287
-3124.2654846444
-3124.2656186331
-3124.2653482821
-3124.2652137567
-3124.2655190003
-3124.2652791402
-3124.2652450030
-3124.2651950687
-3124.2653308934
-3124.2653882818
-3124.2654540981
-3124.2652322366
-3124.2652485466
-3124.2654563559
-3124.2652793313
-3124.2656009617
-3124.2651204425
-3124.2652894269
-3124.2655272521
-3124.2655378266
-3124.2652551909
-3124.2651898122
-3124.2654412567
-3124.2652574187
-3124.2652349399
-3124.2650770052
-3124.2653183280
-3124.2653491883
-3124.2650835253
-3124.2656563926
-3124.2652812077
-3124.2653335287
-3124.2649771263
-3124.2654088995
-3124.2652518435
-3124.2655471968
-3124.2653758744
-3124.2654144279
-3124.2652143468
-3124.2651260908
-3124.2656013724
-3124.2657723837
-3124.2653884136
-3124.2651417298
-3124.2654009507
-3124.2654237232
-3124.2657924051
-3124.2650869694
-3124.2653274537
-3124.2648985058
-3124.2652352280
-3124.2660068223
-3124.2656769176
-3124.2653507229
-3124.2657361812
-3124.2654401232
-3124.2650600311
-3124.2655559285
-3124.2654567958
-3124.2653084364
-3124.2660090245
-3124.2651091536
-3124.2656184378
-3124.2656979582
-3124.2650203451
-3124.2651380910
-3124.2655658291
-3124.2653387009
-3124.2653204791
-3124.2652936087
-3124.2654136580
-3124.2654099604
-3124.2654880248
-3124.2648287362
-3124.2651691455
-3124.2653513734
-3124.2651315086
-3124.2653196957
-3124.2652650130
-3124.2655456527
-3124.2652766785
-3124.2654134056
-3124.2656242984
-3124.2650917242
-3124.2651625892
-3124.2651983743
-3124.2651330575
-3124.2651166716
-3124.2653688167
-3124.2653242023
-3124.2653913561
-3124.2655268063
-3124.2653233218
-3124.2654750987
-3124.2652334370
-3124.2654724072
-3124.2652432907
-3124.2655255766
-3124.2655212919
-3124.2651735089
-3124.2653165874
-3124.2657352746
-3124.2660008884
-3124.2654349127
-3124.2654861291
-3124.2653349114
-3124.2651568946
-3124.2653214847
-3124.2654565390
-3124.2652961731
-3124.2654068184
-3124.2655534506
-3124.2653084595
-3124.2652925429
-3124.2656921267
-3124.2655575298
-3124.2660149971
-3124.2653087477
-3124.2652364152
-3124.2655384371
-3124.2652838953
-3124.2654262307
-3124.2654742920
-3124.2650922951
-3124.2653225129
-3124.2652697129
-3124.2653863041
-3124.2652955247
-3124.2652857705
-3124.2652498926
-3124.2650912512
-3124.2652825468
-3124.2652633166
-3124.2654656723
-3124.2654991406
-3124.2655854598
-3124.2653856185
-3124.2659149737
-3124.2646616236
-3124.2655694164
-3124.2653532722
-3124.2656154456
-3124.2654406493
-3124.2652356687
-3124.2651893042
-3124.2653486657
-3124.2652844804
-3124.2652986421
-3124.2653264786
-3124.2653100992
-3124.2650097627
-3124.2652222866
-3124.2651985487
-3124.2654127557
-3124.2652841519
-3124.2654576386
-3124.2655331207
-3124.2651370041
-3124.2657163164
-3124.2656078306
-3124.2660180439
-3124.2653629091
-3124.2652813640
-3124.2655645498
-3124.2653843969
-3124.2657237937
-3124.2651717160
-3124.2655886428
-3124.2658030246
-3124.2657248765
-3124.2652736678
-3124.2655022605
-3124.2653987138
-3124.2653989405
-3124.2652767618
-3124.2649912863
-3124.2653665397
-3124.2658188947
-3124.2653248750
-3124.2654633906
-3124.2650610390
-3124.2652306370
-3124.2653471954
-3124.2655589707
-3124.2652498411
-3124.2654014541
-3124.2651663987
-3124.2652703646
-3124.2652667194
-3124.2654415949
-3124.2655324748
-3124.2658056002
-3124.2651847345
-3124.2654581195
-3124.2654669553
-3124.2659992395
-3124.2654674316
-3124.2660092004
-3124.2649984145
-3124.2652904890
-3124.2650548763
-3124.2652369948
-3124.2654600968
-3124.2654856203
-3124.2654127631
-3124.2650007879
-3124.2654172464
-3124.2654463633
-3124.2654991898
-3124.2650285339
-3124.2655471325
-3124.2654191250
-3124.2652434870
-3124.2655855455
-3124.2653844647
-3124.2656554876
-3124.2653337124
-3124.2651939112
-3124.2654175432
-3124.2652729514
-3124.2655558948
-3124.2652292881
-3124.2655232865
-3124.2654220535
-3124.2653202798
-3124.2655296007
-3124.2653022749
-3124.2653698300
-3124.2657961151
-3124.2654265358
-3124.2654304565
-3124.2653105457
-3124.2652930967
-3124.2654510418
-3124.2654144267
-3124.2655529360
-3124.2653110793
-3124.2652921445
-3124.2652523042
-3124.2653623086
-3124.2653067598
-3124.2652361376
-3124.2651315930
-3124.2653191867
-3124.2653853528
-3124.2653602791
-3124.2652693093
-3124.2652869833
-3124.2648781179
-3124.2656052164
-3124.2652102407
-3124.2649150937
-3124.2652969027
-3124.2649772192
-3124.2656991647
-3124.2654162422
-3124.2649298189
-3124.2652170143
-3124.2650964033
-3124.2654231848
-3124.2652747903
-3124.2655106051
-3124.2653105347
-3124.2653177824
-3124.2650981008
-3124.2655735795
-3124.2652550791
-3124.2653640844
-3124.2652649208
-3124.2656188122
-3124.2653346540
-3124.2655647155
-3124.2655947441
-3124.2654146104
-3124.2651326483
-3124.2651921451
-3124.2655572743
-3124.2654262462
-3124.2652753712
-3124.2656429295
-3124.2652356537
-3124.2653854696
-3124.2649976874
-3124.2651947697
-3124.2653102038
-3124.2651934498
-3124.2652989104
-3124.2654511229
-3124.2651209588
-3124.2651454846
-3124.2655617552
-3124.2650173830
-3124.2652172979
-3124.2651521945
-3124.2660045468
-3124.2652848609
-3124.2653726683
-3124.2652805633
-3124.2649490707
-3124.2659926303
-3124.2653883400
-3124.2655354987
-3124.2654581843
-3124.2652127334
-3124.2653221738
-3124.2653537346
-3124.2655478705
-3124.2651587881
-3124.2655979452
-3124.2656859933
-3124.2652271005
-3124.2652041621
-3124.2656460597
-3124.2653271428
-3124.2656199326
-3124.2655146166
-3124.2650873688
-3124.2652622361
-3124.2649363341
-3124.2653590236
-3124.2656621779
-3124.2653020758
-3124.2653829168
-3124.2652135058
-3124.2650620804
-3124.2655335955
-3124.2652014454
-3124.2655986977
-3124.2651828039
-3124.2655226251
-3124.2650257894
-3124.2649008927
-3124.2654601771
-3124.2653071181
-3124.2654379072
-3124.2652341867
-3124.2654478487
-3124.2652910205
-3124.2654781964
-3124.2653952104
-3124.2654517879
-3124.2653925338
-3124.2654914077
-3124.2650922965
-3124.2653660895
-3124.2654660626
-3124.2655712097
-3124.2651937483
-3124.2654568481
-3124.2653001019
-3124.2651397517
-3124.2648405404
-3124.2655136590
-3124.2652783660
-3124.2650991947
-3124.2651177432
-3124.2655012045
-3124.2656059372
-3124.2649845730
-3124.2654630509
-3124.2653039769
-3124.2651884671
-3124.2655571552
-3124.2653534755
-3124.2660265456
-3124.2654916318
-3124.2652950285
-3124.2654552608
-3124.2651718544
-3124.2654072111
-3124.2657832882
-3124.2655463604
-3124.2652663618
-3124.2654144905
-3124.2652474457
-3124.2654229541
-3124.2651202285
-3124.2653449030
-3124.2652888509
-3124.2653585974
-3124.2652430465
-3124.2654627110
-3124.2654126217
-3124.2652824768
-3124.2651693557
-3124.2652503103
-3124.2651956775
-3124.2652781986
-3124.2652732543
-3124.2653252072
-3124.2653964448
-3124.2653907371
-3124.2653995008
-3124.2654449296
-3124.2654126874
-3124.2653427500
-3124.2648988478
-3124.2651429674
-3124.2650765926
-3124.2651785935
-3124.2652148785
-3124.2652839192
-3124.2654078198
-3124.2655133954
-3124.2654532350
-3124.2651195728
-3124.2656318100
-3124.2653564983
-3124.2650296720
-3124.2653967290
-3124.2655605984
-3124.2652932146
-3124.2653332900
-3124.2655665018
-3124.2654524772
-3124.2653202442
-3124.2654117327
-3124.2653000972
-3124.2653861742
-3124.2652597856
-3124.2652401175
-3124.2655053535
-3124.2654553490
-3124.2653059316
-3124.2654623827
-3124.2651216386
-3124.2652771823
-3124.2651354035
-3124.2656140040
-3124.2648252768
-3124.2655067911
-3124.2653684544
-3124.2651908382
-3124.2651506643
-3124.2653932869
-3124.2654006881
-3124.2652173955
-3124.2657483548
-3124.2654524460
-3124.2652286260
-3124.2655209663
-3124.2660060230
-3124.2653151588
-3124.2652687554
-3124.2655654904
-3124.2653637837
-3124.2652204079
-3124.2651835334
-3124.2657153694
-3124.2655016999
-3124.2654079610
-3124.2651810798
-3124.2651512094
-3124.2655519804
-3124.2658681753
-3124.2652749351
-3124.2652163995
-3124.2650308208
-3124.2652620494
-3124.2652774821
-3124.2655896227
-3124.2649872678
-3124.2653701879
-3124.2652958467
-3124.2654153989
-3124.2654681659
-3124.2653472977
-3124.2652390765
-3124.2655955427
-3124.2653796618
-3124.2652156618
-3124.2653251744
-3124.2651740540
-3124.2656916474
-3124.2652438015
-3124.2650875436
-3124.2654530193
-3124.2659712112
-3124.2654425048
-3124.2653692126
-3124.2656190487
-3124.2654108917
-3124.2650614628
-3124.2653531815
-3124.2653078408
-3124.2650080618
-3124.2652303000
-3124.2652946944
-3124.2650236545
-3124.2653465763
-3124.2655788363
-3124.2652956967
-3124.2652655297
-3124.2653571592
-3124.2654852781
-3124.2655286155
-3124.2653606958
-3124.2652147123
-3124.2654381229
-3124.2652901830
-3124.2652972188
-3124.2656173052
-3124.2656098209
-3124.2653808905
-3124.2653622174
-3124.2653947565
-3124.2654718504
-3124.2656174538
-3124.2652539146
-3124.2655279501
-3124.2655150147
-3124.2654880853
-3124.2652109343
-3124.2653518053
-3124.2655660857
-3124.2652716472
-3124.2650344207
-3124.2660088968
-3124.2659307418
-3124.2654254060
-3124.2653173287
-3124.2654496224
-3124.2652016887
-3124.2654783224
-3124.2651661950
-3124.2653125196
-3124.2653200080
-3124.2655272757
-3124.2653566958
-3124.2649364027
-3124.2652677882
-3124.2654025559
-3124.2653026946
-3124.2653550955
-3124.2653941324
-3124.2654138007
-3124.2652127012
-3124.2654954108
-3124.2655829691
-3124.2653006101
-3124.2655667480
-3124.2655170578
-3124.2653679037
-3124.2657909802
-3124.2651203725
-3124.2653377037
-3124.2649831021
-3124.2651478084
-3124.2656528418
-3124.2652870782
-3124.2653011755
-3124.2653467510
-3124.2656951788
-3124.2652146322
-3124.2650465635
-3124.2653314300
-3124.2653455744
-3124.2652380502
-3124.2652490301
-3124.2654050875
-3124.2653220597
-3124.2654304968
-3124.2653271630
-3124.2651260266
-3124.2654185845
-3124.2653624687
-3124.2651787316
-3124.2653829618
-3124.2656422486
-3124.2654098374
-3124.2653800839
-3124.2652575627
-3124.2652906379
-3124.2653852604
-3124.2650987804
-3124.2652149480
-3124.2654456497
-3124.2652833110
-3124.2652182059
-3124.2655181460
-3124.2654046958
-3124.2652695453
-3124.2660263685
-3124.2651828694
-3124.2651300249
-3124.2655280087
-3124.2655287424
-3124.2655680969
-3124.2648532464
-3124.2650883444
-3124.2654343100
-3124.2654911087
-3124.2655754327
-3124.2655397792
-3124.2655781552
-3124.2655929097
-3124.2652710304
-3124.2653916156
-3124.2656861799
-3124.2652814926
-3124.2654937608
-3124.2655352457
-3124.2649951138
-3124.2654142600
-3124.2651424937
-3124.2654872663
-3124.2655106234
-3124.2654725098
-3124.2654027208
-3124.2653241091
-3124.2654099547
-3124.2654007441
-3124.2653613822
-3124.2653018543
-3124.2651678840
-3124.2655393183
-3124.2652604037
-3124.2654310568
-3124.2654118909
-3124.2654595436
-3124.2652311767
-3124.2648512287
-3124.2655698492
-3124.2655581342
-3124.2653896749
-3124.2654362822
-3124.2653217351
-3124.2653566983
-3124.2653844947
-3124.2658267301
-3124.2655666441
-3124.2653898862
-3124.2652256788
-3124.2651452220
-3124.2656180393
-3124.2652499754
-3124.2653948149
-3124.2652958104
-3124.2656882652
-3124.2653065351
-3124.2651700261
-3124.2652783427
-3124.2660007839
-3124.2650978157
-3124.2648294699
-3124.2654330985
-3124.2650947034
-3124.2653585884
-3124.2655739908
-3124.2653443666
-3124.2655392332
-3124.2656266647
-3124.2653185154
-3124.2655752516
-3124.2658655580
-3124.2651468134
-3124.2653067891
-3124.2653290998
-3124.2652244632
-3124.2653293010
-3124.2653227951
-3124.2655269482
-3124.2652239896
-3124.2652440647
-3124.2653577094
-3124.2654440055
-3124.2650262206
-3124.2649659268
-3124.2656064553
-3124.2656608542
-3124.2652871220
-3124.2653273206
-3124.2650987027
-3124.2651194084
-3124.2649752177
-3124.2652084939
-3124.2654311848
-3124.2653492201
-3124.2656340497
-3124.2651739048
-3124.2651286999
-3124.2654723558
-3124.2652375302
-3124.2651949442
-3124.2650633602
-3124.2652700241
-3124.2655653073
-3124.2653469323
-3124.2651473928
-3124.2656887835
-3124.2657559737
-3124.2653730082
-3124.2655028312
-3124.2657167383
-3124.2652516020
-3124.2656541421
-3124.2654816949
-3124.2654861769
-3124.2652516709
-3124.2655736319
-3124.2653879956
-3124.2654176070
-3124.2652611304
-3124.2650155651
-3124.2652072653
-3124.2652656426
-3124.2651114123
-3124.2653654403
-3124.2655248455
-3124.2653808233
-3124.2655926779
-3124.2650885071
-3124.2653564369
-3124.2655032604
-3124.2655215395
-3124.2653425372
-3124.2653022511
-3124.2651055090
-3124.2654109382
-3124.2653354788
-3124.2655163798
-3124.2656241389
-3124.2652481981
-3124.2655672824
-3124.2651711044
-3124.2652723853
-3124.2653982970
-3124.2656962847
-3124.2650218016
-3124.2654080841
-3124.2654206437
-3124.2653997433
-3124.2657184079
-3124.2660064382
-3124.2656873689
-3124.2654976745
-3124.2650373206
-3124.2651764797
-3124.2655808889
-3124.2654458507
-3124.2655802411
-3124.2651884587
-3124.2653304425
-3124.2656799708
-3124.2651558268
-3124.2653731015
-3124.2651668760
-3124.2652640650
-3124.2653896112
-3124.2653206723
-3124.2655121041
-3124.2652825152
-3124.2655417313
-3124.2652671540
-3124.2654137124
-3124.2651185848
-3124.2653788589
-3124.2656474735
-3124.2657905895
-3124.2654239151
-3124.2655039282
-3124.2652984529
-3124.2656105520
-3124.2652349267
-3124.2652825868
-3124.2654932062
-3124.2656273190
-3124.2655384659
-3124.2652970742
-3124.2652367750
-3124.2652731038
-3124.2652105260
-3124.2647869326
-3124.2653198677
-3124.2657236358
-3124.2654061726
-3124.2652782046
-3124.2655576185
-3124.2654231371
-3124.2651969845
-3124.2656582453
-3124.2656056673
-3124.2655654928
-3124.2653155861
-3124.2654460493
-3124.2652540246
-3124.2654036590
-3124.2654184113
-3124.2653076237
-3124.2653949337
-3124.2655030072
-3124.2654374986
-3124.2652824893
-3124.2655518906
-3124.2651657230
-3124.2651613426
-3124.2653649493
-3124.2652280969
-3124.2652910962
-3124.2655369283
-3124.2655783370
-3124.2653323335
-3124.2650444004
-3124.2653046700
-3124.2653323362
-3124.2656652853
-3124.2651404628
-3124.2656286088
-3124.2654395053
-3124.2653809901
-3124.2653810403
-3124.2651457732
-3124.2656173326
-3124.2654325090
-3124.2652356961
-3124.2652298077
-3124.2656302640
-3124.2652096210
-3124.2654574009
-3124.2651613887
-3124.2654426435
-3124.2649963896
-3124.2652725022
-3124.2655408419
-3124.2652090472
-3124.2652267593
-3124.2651637997
-3124.2650659041
-3124.2652299191
-3124.2651502810
-3124.2652215286
-3124.2653218251
-3124.2653117418
-3124.2650449414
-3124.2654566480
-3124.2653602206
-3124.2653061064
-3124.2653218003
-3124.2654838005
-3124.2652845653
-3124.2654940545
-3124.2652533042
-3124.2656559148
-3124.2651568172
-3124.2652917015
-3124.2650362719
-3124.2660097493
-3124.2653725461
-3124.2657593294
-3124.2650249248
-3124.2654828365
-3124.2652230280
-3124.2657153851
-3124.2655740738
-3124.2653112435
-3124.2653888972
-3124.2653666698
-3124.2653071555
-3124.2654974023
-3124.2652379563
-3124.2654320687
-3124.2656052984
-3124.2655216439
-3124.2653668043
-3124.2652850105
-3124.2656201115
-3124.2652534749
-3124.2657517944
-3124.2656225087
-3124.2655401685
-3124.2651375085
-3124.2651744818
-3124.2651523155
-3124.2650774451
-3124.2657488400
-3124.2653291025
-3124.2652637494
-3124.2654283500
-3124.2652620259
-3124.2652725717
-3124.2654234840
-3124.2654518733
-3124.2656575884
-3124.2651301505
-3124.2653591559
-3124.2650155090
-3124.2653526884
-3124.2653066733
-3124.2650814297
-3124.2656362061
-3124.2657065374
-3124.2649689553
-3124.2653734589
-3124.2654740600
-3124.2649599756
-3124.2656958393
-3124.2653306791
-3124.2651678770
-3124.2651480123
-3124.2655831885
-3124.2648551896
-3124.2655591015
-3124.2653069066
-3124.2654549646
-3124.2654596300
-3124.2655505360
-3124.2651629664
-3124.2652754535
-3124.2651469265
-3124.2653030156
-3124.2651202538
-3124.2652150055
-3124.2653485831
-3124.2650366117
-3124.2651722394
-3124.2655479341
-3124.2652684035
-3124.2659899267
-3124.2650478589
-3124.2651862887
-3124.2660012675
-3124.2651868643
-3124.2653560612
-3124.2656371664
-3124.2654457912
-3124.2654386701
-3124.2656073829
-3124.2660260270
-3124.2654412654
-3124.2652161043
-3124.2655344602
-3124.2652426855
-3124.2652398001
-3124.2655286419
-3124.2651108609
-3124.2656105781
-3124.2651006197
-3124.2655881833
-3124.2650905824
-3124.2653637892
-3124.2658460045
-3124.2659976033
-3124.2654010268
-3124.2652973506
-3124.2652514691
-3124.2656314024
-3124.2653807246
-3124.2654021921
-3124.2653443901
-3124.2654744517
-3124.2652321830
-3124.2656635510
-3124.2657055399
-3124.2652771221
-3124.2650982076
-3124.2652096417
-3124.2651506972
-3124.2651505347
-3124.2654032787
-3124.2651324355
-3124.2653774762
-3124.2654004145
-3124.2653333281
-3124.2651321301
-3124.2654311878
-3124.2656394865
-3124.2652297436
-3124.2654722063
-3124.2652197269
-3124.2653412860
-3124.2654897857
-3124.2655416046
-3124.2651439371
-3124.2652496618
-3124.2654850644
-3124.2655003702
-3124.2655468477
-3124.2652529875
-3124.2652808201
-3124.2655237038
-3124.2652536706
-3124.2652000560
-3124.2654020167
-3124.2654943222
-3124.2654665510
-3124.2655242121
-3124.2657016463
-3124.2653429272
-3124.2652023695
-3124.2653219755
-3124.2653670443
-3124.2653698714
-3124.2654349936
-3124.2654486457
-3124.2654986622
-3124.2651438208
-3124.2653815016
-3124.2655056831
-3124.2655587679
-3124.2656716013
-3124.2655960511
-3124.2652970073
-3124.2654720464
-3124.2660089365
-3124.2654810470
-3124.2653944607
-3124.2651411066
-3124.2655376391
-3124.2650850039
-3124.2655252250
-3124.2651994995
-3124.2657256590
-3124.2656620913
-3124.2654330881
-3124.2654708539
-3124.2652188284
-3124.2655594240
-3124.2651570222
-3124.2652725386
-3124.2653900866
-3124.2651880588
-3124.2653747812
-3124.2654373423
-3124.2657950156
-3124.2654840204
-3124.2652141134
-3124.2650973056
-3124.2649658605
-3124.2660125091
-3124.2648001525
-3124.2658408733
-3124.2655958804
-3124.2647173655
-3124.2654433944
-3124.2653805443
-3124.2654192771
-3124.2653071829
-3124.2654933769
-3124.2649876662
-3124.2652778860
-3124.2651576269
-3124.2655211986
-3124.2653718672
-3124.2653260954
-3124.2654648179
-3124.2655212513
-3124.2654280782
-3124.2657656673
-3124.2653367851
-3124.2655217591
-3124.2654603758
-3124.2653601378
-3124.2653077280
-3124.2652884237
-3124.2653322237
-3124.2651827165
-3124.2651545625
-3124.2651856674
-3124.2657213792
-3124.2652333215
-3124.2654055243
-3124.2655341713
-3124.2656702654
-3124.2652029964
-3124.2652329367
-3124.2653119912
-3124.2649167701
-3124.2651834717
-3124.2653399249
-3124.2654180747
-3124.2650705848
-3124.2652958821
-3124.2650641255
-3124.2658074949
-3124.2652358576
-3124.2652679023
-3124.2652576943
-3124.2655921461
-3124.2655591439
-3124.2652113668
-3124.2653687306
-3124.2651759378
-3124.2652219535
-3124.2653856861
-3124.2652360095
-3124.2653194178
-3124.2651507849
-3124.2651911512
-3124.2657427554
-3124.2654304422
-3124.2652675774
-3124.2656145397
-3124.2651439053
-3124.2653062227
-3124.2649550784
-3124.2655664425
-3124.2655449627
-3124.2660243427
-3124.2653813725
-3124.2653479971
-3124.2652916983
-3124.2656464063
-3124.2656668087
-3124.2656707115
-3124.2653868868
-3124.2652104388
-3124.2654441885
-3124.2649065770
-3124.2653950518
-3124.2653365876
-3124.2653108222
-3124.2655627314
-3124.2659734670
-3124.2656102507
-3124.2653622894
-3124.2654074380
-3124.2655401171
-3124.2656125407
-3124.2652791780
-3124.2657118744
-3124.2656780290
-3124.2650296268
-3124.2655279428
-3124.2654074921
-3124.2651910336
-3124.2653833198
-3124.2652086860
-3124.2654568630
-3124.2656065174
-3124.2649811215
-3124.2651869902
-3124.2655533478
-3124.2654216193
-3124.2652229445
-3124.2654742830
-3124.2657354077
-3124.2654258900
-3124.2653167746
-3124.2657273754
-3124.2650443347
-3124.2653337904
-3124.2655556729
-3124.2653180708
-3124.2657758321
-3124.2655595994
-3124.2652588097
-3124.2654654101
-3124.2655957748
-3124.2652962099
-3124.2651549545
-3124.2651168643
-3124.2653877156
-3124.2653348301
-3124.2657248366
-3124.2652443542
-3124.2654422075
-3124.2654186663
-3124.2655522182
-3124.2652993576
-3124.2656650505
-3124.2652258730
-3124.2654713317
-3124.2653700651
-3124.2649129236
-3124.2653408486
-3124.2658249564
-3124.2649158028
-3124.2650618565
-3124.2651389479
-3124.2655753610
-3124.2652462344
-3124.2652585652
-3124.2655544609
-3124.2660105326
-3124.2654368014
-3124.2656565256
-3124.2654486529
-3124.2650531455
-3124.2655676967
-3124.2655150780
-3124.2654127955
-3124.2656886149
-3124.2655836605
-3124.2650468532
-3124.2660181610
-3124.2652179316
-3124.2654494269
-3124.2650851705
-3124.2656137037
-3124.2653883548
-3124.2651680324
-3124.2655444952
-3124.2654985858
-3124.2650266374
-3124.2651876632
-3124.2654990969
-3124.2655855121
-3124.2652330677
-3124.2650881663
-3124.2651957122
-3124.2654988171
-3124.2654064446
-3124.2653524751
-3124.2652317519
-3124.2651191178
-3124.2659881456
-3124.2652700713
-3124.2653222743
-3124.2654812909
-3124.2654716896
-3124.2652689327
-3124.2653955226
-3124.2657092681
-3124.2652374275
-3124.2656097551
-3124.2652326179
-3124.2655316267
-3124.2653687967
-3124.2655190184
-3124.2660158448
-3124.2650043155
-3124.2654185141
-3124.2651804502
-3124.2652547965
-3124.2648982705
-3124.2654700648
-3124.2653812784
-3124.2653193739
-3124.2655994152
-3124.2653512974
-3124.2657103224
-3124.2653783357
-3124.2657994218
-3124.2654666225
-3124.2657470904
-3124.2654165370
-3124.2652879559
-3124.2654612251
-3124.2651385662
-3124.2656056436
-3124.2651258977
-3124.2655295395
-3124.2654254679
-3124.2651208207
-3124.2653242419
-3124.2651047072
-3124.2648623981
-3124.2651137734
-3124.2653678139
-3124.2660143592
-3124.2653987736
-3124.2653975276
-3124.2654952731
-3124.2651805283
-3124.2653660681
-3124.2648322427
-3124.2656134649
-3124.2650242671
-3124.2660130897
-3124.2652039605
-3124.2652464062
-3124.2653194186
-3124.2650931996
-3124.2654254567
-3124.2650835287
-3124.2652218680
-3124.2653195392
-3124.2652248809
-3124.2653394790
-3124.2652303857
-3124.2655512076
-3124.2653888195
-3124.2651202780
-3124.2653791231
-3124.2652971182
-3124.2652283964
-3124.2652309925
-3124.2656601003
-3124.2655370493
-3124.2655670116
-3124.2651161533
-3124.2653147004
-3124.2650371504
-3124.2654598813
-3124.2654936141
-3124.2652611470
-3124.2652405589
-3124.2651552026
-3124.2654073340
-3124.2650648067
-3124.2651491881
-3124.2652372333
-3124.2654503868
-3124.2648534566
-3124.2653191742
-3124.2655599030
-3124.2656386373
-3124.2654831739
-3124.2652969971
-3124.2656603516
-3124.2655274794
-3124.2653604166
-3124.2651534431
-3124.2649955879
-3124.2651886458
-3124.2649624923
-3124.2655779672
-3124.2655155188
-3124.2654263235
-3124.2655121735
-3124.2653606237
-3124.2654855238
-3124.2651600072
-3124.2653106098
-3124.2656385738
-3124.2651247873
-3124.2653932191
-3124.2652522057
-3124.2652439563
-3124.2655874242
-3124.2651142954
-3124.2652493764
-3124.2653706851
-3124.2653776468
-3124.2652405178
-3124.2651158987
-3124.2654180093
-3124.2656532815
-3124.2652437659
-3124.2649336243
-3124.2650807169
-3124.2656502569
-3124.2651907702
-3124.2652569399
-3124.2654708319
-3124.2656013519
-3124.2657160408
-3124.2654516784
-3124.2653148101
-3124.2651407976
-3124.2656052058
-3124.2654794846
-3124.2655368927
-3124.2652968352
-3124.2651686383
-3124.2652781808
-3124.2654196756
-3124.2655059105
-3124.2654051266
-3124.2654739336
-3124.2652806184
-3124.2653434228
-3124.2651951411
-3124.2654018248
-3124.2653527980
-3124.2656237222
-3124.2654227351
-3124.2654138738
-3124.2651588833
-3124.2654096588
-3124.2651355918
-3124.2656377419
-3124.2649377873
-3124.2650768606
-3124.2652157515
-3124.2654925737
-3124.2656292362
-3124.2654174109
-3124.2653160050
-3124.2653322968
-3124.2652447533
-3124.2655174516
-3124.2650325765
-3124.2653149956
-3124.2653637912
-3124.2651551754
-3124.2654694602
-3124.2651626108
-3124.2652903906
-3124.2653326169
-3124.2658152390
-3124.2654141881
-3124.2654140194
-3124.2653327508
-3124.2655274641
-3124.2653775885
-3124.2656286419
-3124.2652458501
-3124.2650306734
-3124.2652552049
-3124.2650728828
-3124.2649505031
-3124.2653940044
-3124.2651461551
-3124.2651154190
-3124.2649097121
-3124.2655871100
-3124.2650736416
-3124.2651285001
-3124.2651389186
-3124.2654593063
-3124.2653234786
-3124.2652874939
-3124.2652637257
-3124.2653967405
-3124.2653867127
-3124.2651978855
-3124.2653808290
-3124.2653126136
-3124.2654465760
-3124.2652226955
-3124.2652287707
-3124.2656331284
-3124.2655068344
-3124.2655346497
-3124.2652873156
-3124.2655486560
-3124.2650590357
-3124.2657905678
-3124.2651593708
-3124.2652703320
-3124.2652045711
-3124.2654066805
-3124.2654350521
-3124.2651331772
-3124.2650219248
-3124.2654611737
-3124.2654340963
-3124.2654727590
-3124.2652188204
-3124.2656287810
-3124.2654161349
-3124.2651203424
-3124.2655906332
-3124.2654212761
-3124.2655924210
-3124.2654228786
-3124.2654277721
-3124.2654812136
-3124.2654896339
-3124.2654188431
-3124.2653994010
-3124.2654740609
-3124.2656169395
-3124.2660194881
-3124.2657631494
-3124.2655154891
-3124.2651740899
-3124.2654531344
-3124.2653296726
-3124.2650421619
-3124.2656570683
-3124.2652460309
-3124.2654585546
-3124.2657228354
-3124.2653152960
-3124.2651023418
-3124.2652448086
-3124.2650864070
-3124.2651885596
-3124.2653428553
-3124.2660170132
-3124.2649201539
-3124.2655513195
-3124.2655490352
-3124.2651277513
-3124.2649464803
-3124.2653069210
-3124.2652934862
-3124.2651463566
-3124.2653532597
-3124.2654221532
-3124.2657434665
-3124.2654264228
-3124.2660300418
-3124.2654026057
-3124.2651785969
-3124.2654758038
-3124.2652742897
-3124.2652649116
-3124.2652605467
-3124.2655263817
-3124.2651491818
-3124.2650724840
-3124.2653622073
-3124.2655426871
-3124.2659068643
-3124.2649472196
-3124.2653617019
-3124.2650089806
-3124.2651484270
-3124.2653107629
-3124.2652136773
-3124.2654002601
-3124.2652488866
-3124.2651455886
-3124.2652943402
-3124.2654596061
-3124.2656263328
-3124.2653985977
-3124.2651437463
-3124.2653674371
-3124.2654113876
-3124.2653802198
-3124.2652153904
-3124.2660266389
-3124.2648756218
-3124.2653458573
-3124.2656911897
-3124.2652342086
-3124.2655525653
-3124.2652520819
-3124.2651697630
-3124.2649263340
-3124.2655361897
-3124.2656061695
-3124.2650005778
-3124.2652862870
-3124.2650546088
-3124.2654145960
-3124.2654258266
-3124.2654677492
-3124.2654494115
-3124.2654740658
-3124.2656230475
-3124.2652451820
-3124.2653200260
-3124.2654814845
-3124.2660247699
-3124.2656746773
-3124.2653417986
-3124.2651594651
-3124.2651879832
-3124.2654294912
-3124.2653615149
-3124.2649988941
-3124.2650968296
-3124.2652824270
-3124.2653177531
-3124.2650897803
-3124.2656135988
-3124.2655632500
-3124.2653908811
-3124.2650595850
-3124.2652873111
-3124.2654391398
-3124.2652433265
-3124.2653074567
-3124.2656658592
-3124.2653307395
-3124.2656522305
-3124.2653408886
-3124.2653743730
-3124.2657694697
-3124.2649374184
-3124.2652852346
-3124.2654007868
-3124.2652898364
-3124.2651851333
-3124.2656311076
-3124.2655856083
-3124.2653817662
-3124.2652864231
-3124.2655375287
-3124.2653833534
-3124.2656534214
-3124.2655019519
-3124.2654266151
-3124.2660520029
-3124.2652760681
-3124.2651418983
-3124.2653481237
-3124.2651754544
-3124.2652974107
-3124.2655776154
-3124.2650193906
-3124.2650903203
-3124.2655195557
-3124.2652093863
-3124.2653591363
-3124.2653778203
-3124.2655380962
-3124.2653263078
-3124.2652350964
-3124.2651594392
-3124.2656435257
-3124.2653236807
-3124.2651418513
-3124.2653737403
-3124.2652460201
-3124.2651704379
-3124.2654496497
-3124.2652988884
-3124.2654397517
-3124.2651470864
-3124.2654471904
-3124.2655287024
-3124.2650998386
-3124.2654079938
-3124.2652943749
-3124.2653314460
-3124.2651964332
-3124.2652240301
-3124.2655059895
-3124.2655658495
-3124.2650555557
-3124.2650685697
-3124.2651656165
-3124.2651837306
-3124.2657209926
-3124.2650089596
-3124.2656101864
-3124.2649190325
-3124.2652709873
-3124.2652819329
-3124.2655154216
-3124.2653442998
-3124.2655669926
-3124.2654345031
-3124.2660060110
-3124.2652487308
-3124.2649589922
-3124.2652571548
-3124.2654286607
-3124.2654605836
-3124.2653587678
-3124.2656340814
-3124.2652158542
-3124.2651169967
-3124.2656204023
-3124.2652282620
-3124.2649671693
-3124.2654720540
-3124.2651124672
-3124.2653255878
-3124.2653038156
-3124.2651663612
-3124.2652973570
-3124.2652874809
-3124.2652846682
-3124.2652305391
-3124.2660118605
-3124.2650769915
-3124.2651383785
-3124.2655455594
-3124.2649933474
-3124.2655013602
-3124.2652559715
-3124.2653940165
-3124.2655659888
-3124.2660017396
-3124.2651677377
-3124.2652247150
-3124.2650754323
-3124.2653376178
-3124.2649954392
-3124.2655088389
-3124.2654739401
-3124.2654340488
-3124.2655126836
-3124.2655798387
-3124.2651374519
-3124.2656330861
-3124.2652743923
-3124.2651697981
-3124.2653840819
-3124.2652117280
-3124.2651367731
-3124.2652438314
-3124.2653210571
-3124.2654657854
-3124.2656515394
-3124.2653814468
-3124.2651065496
-3124.2653084786
-3124.2655531812
-3124.2652828623
-3124.2651660354
-3124.2652945013
-3124.2652403970
-3124.2651280624
-3124.2651560297
-3124.2652568426
-3124.2653004743
-3124.2654690188
-3124.2654130145
-3124.2655224758
-3124.2650453535
-3124.2653423217
-3124.2654581261
-3124.2653300087
-3124.2653565818
-3124.2655994383
-3124.2649907938
-3124.2652908428
-3124.2656566889
-3124.2655608303
-3124.2654032196
-3124.2656712625
-3124.2655326552
-3124.2654409504
-3124.2655280320
-3124.2654726037
-3124.2650338506
-3124.2656030277
-3124.2652769563
-3124.2652461939
-3124.2656955274
-3124.2650819931
-3124.2651789059
-3124.2657347378
-3124.2656515377
-3124.2654399861
-3124.2651496872
-3124.2655422534
-3124.2653185475
-3124.2651556430
-3124.2657047548
-3124.2653090158
-3124.2655648132
-3124.2660263010
-3124.2652378225
-3124.2652583261
-3124.2652364692
-3124.2654069551
-3124.2651461982
-3124.2651629693
-3124.2654970828
-3124.2653973601
-3124.2653472455
-3124.2656373845
-3124.2651405570
-3124.2654215571
-3124.2653260041
-3124.2654011448
-3124.2652320602
-3124.2653383648
-3124.2654704580
-3124.2660110409
-3124.2649435315
-3124.2650841687
-3124.2651161162
-3124.2654296718
-3124.2654633844
-3124.2653169587
-3124.2654288162
-3124.2659993163
-3124.2653399422
-3124.2654392877
-3124.2653500706
-3124.2652304158
-3124.2653908542
-3124.2656004009
-3124.2651928491
-3124.2655127391
-3124.2655112857
-3124.2653626472
-3124.2653970291
-3124.2656588826
-3124.2653448583
-3124.2653397578
-3124.2655481253
-3124.2654254604
-3124.2660204734
-3124.2655447571
-3124.2654364285
-3124.2654374596
-3124.2654871908
-3124.2648774840
-3124.2655127326
-3124.2652704472
-3124.2655470771
-3124.2655801975
-3124.2652249295
-3124.2656268405
-3124.2652911261
-3124.2654968008
-3124.2655415653
-3124.2657695204
-3124.2652216686
-3124.2653593019
-3124.2652694285
-3124.2650714353
-3124.2655335253
-3124.2657359004
-3124.2653474675
-3124.2654883290
-3124.2651965622
-3124.2655021307
-3124.2650178265
-3124.2650264927
-3124.2654505232
-3124.2652602643
-3124.2650504977
-3124.2653301037
-3124.2655454082
-3124.2655220102
-3124.2656676022
-3124.2652800630
-3124.2652085127
-3124.2652145376
-3124.2651666638
-3124.2654188491
-3124.2653776575
-3124.2655664937
-3124.2655000522
-3124.2654953295
-3124.2651248122
-3124.2657215986
-3124.2656941355
-3124.2652545393
-3124.2651400270
-3124.2656623236
-3124.2655513833
-3124.2652041893
-3124.2653347924
-3124.2649068680
-3124.2653388023
-3124.2656042415
-3124.2651717530
-3124.2653319004
-3124.2647830239
-3124.2653338933
-3124.2652440901
-3124.2655671390
-3124.2652081339
-3124.2653988789
-3124.2652495488
-3124.2654523783
-3124.2651564401
-3124.2654921494
-3124.2653334615
-3124.2655009778
-3124.2654857425
-3124.2653847737
-3124.2650755423
-3124.2655744213
-3124.2652224839
-3124.2650203480
-3124.2652670211
-3124.2653083040
-3124.2650482991
-3124.2652260996
-3124.2655032704
-3124.2652981424
-3124.2654456397
-3124.2656878998
-3124.2650004783
-3124.2655576367
-3124.2654216636
-3124.2654335048
-3124.2653052030
-3124.2650825476
-3124.2655999745
-3124.2653548783
-3124.2655337868
-3124.2652787855
-3124.2650711717
-3124.2653202766
-3124.2653451133
-3124.2652473916
-3124.2655393400
-3124.2654730005
-3124.2652135639
-3124.2651472938
-3124.2655339956
-3124.2649527721
-3124.2653736366
-3124.2653897242
-3124.2655068120
-3124.2652277757
-3124.2654907235
-3124.2654375193
-3124.2655643734
-3124.2656338937
-3124.2653697571
-3124.2651374454
-3124.2652560019
-3124.2653671382
-3124.2651792746
-3124.2653308238
-3124.2654734158
-3124.2654625215
-3124.2650138724
-3124.2652877473
-3124.2655055403
-3124.2655269059
-3124.2652584785
-3124.2654010801
-3124.2654389402
-3124.2655551548
-3124.2653794132
-3124.2655258567
-3124.2654785873
-3124.2655157195
-3124.2651596721
-3124.2652055448
-3124.2654816905
-3124.2651721778
-3124.2655027814
-3124.2651716045
-3124.2652498815
-3124.2656582907
-3124.2648212879
-3124.2655954590
-3124.2651642965
-3124.2650542174
-3124.2654274648
-3124.2649974049
-3124.2652123889
-3124.2653945350
-3124.2652904285
-3124.2660204964
-3124.2655445925
-3124.2652031075
-3124.2654205416
-3124.2652597431
-3124.2654309818
-3124.2654108567
-3124.2652023148
-3124.2653249733
-3124.2655100485
-3124.2655129155
-3124.2655835490
-3124.2654265097
-3124.2656505339
-3124.2654137913
-3124.2655435923
-3124.2654527003
-3124.2651616826
-3124.2654012603
-3124.2654662217
-3124.2654615935
-3124.2651769527
-3124.2652772006
-3124.2652856906
-3124.2653063035
-3124.2653801307
-3124.2650576187
-3124.2649667026
-3124.2654943843
-3124.2656647123
-3124.2656124187
-3124.2651627650
-3124.2653769129
-3124.2656467680
-3124.2652973474
-3124.2652436941
-3124.2654882784
-3124.2658106477
-3124.2650212961
-3124.2656388413
-3124.2653510860
-3124.2652448259
-3124.2659414623
-3124.2655403072
-3124.2652639961
-3124.2653014988
-3124.2654138199
-3124.2655601534
-3124.2650587768
-3124.2650220394
-3124.2655516196
-3124.2656886957
-3124.2655683665
-3124.2653759146
-3124.2653663156
-3124.2656682620
-3124.2655148424
-3124.2656981715
-3124.2651555257
-3124.2654872103
-3124.2652753578
-3124.2650541312
-3124.2655646837
-3124.2649880521
-3124.2655603290
-3124.2654213838
-3124.2655371157
-3124.2652680113
-3124.2655905754
-3124.2652813735
-3124.2655041243
-3124.2653437116
-3124.2654953633
-3124.2651529267
-3124.2652072047
-3124.2653886086
-3124.2655052224
-3124.2652338947
-3124.2652624050
-3124.2651576012
-3124.2652457748
-3124.2652125359
-3124.2653539793
-3124.2650153079
-3124.2652594308
-3124.2651573454
-3124.2656770382
-3124.2652036927
-3124.2653703475
-3124.2653864867
-3124.2650950612
-3124.2653211087
-3124.2651289399
-3124.2656852538
-3124.2651039832
-3124.2657164218
-3124.2651569007
-3124.2654872569
-3124.2652760387
-3124.2653835114
-3124.2654096213
-3124.2653082328
-3124.2654559318
-3124.2653570064
-3124.2651196532
-3124.2649783976
-3124.2656408835
-3124.2652724262
-3124.2650991316
-3124.2653328816
-3124.2654392211
-3124.2654488834
-3124.2652908258
-3124.2653714890
-3124.2653184168
-3124.2652784725
-3124.2654481221
-3124.2654511775
-3124.2653832600
-3124.2651820615
-3124.2652455268
-3124.2653779170
-3124.2656445029
-3124.2655381955
-3124.2654785433
-3124.2650708975
-3124.2652411277
-3124.2653574764
-3124.2655406019
-3124.2652693998
-3124.2655318919
-3124.2652239211
-3124.2654328061
-3124.2655800818
-3124.2653006087
-3124.2653606405
-3124.2660240932
-3124.2656101718
-3124.2651411890
-3124.2653880772
-3124.2654252437
-3124.2659844565
-3124.2649568567
-3124.2653940749
-3124.2652172110
-3124.2655704922
-3124.2653394281
-3124.2650189240
-3124.2652696467
-3124.2651321616
-3124.2656940955
-3124.2655869119
-3124.2652565681
-3124.2652151945
-3124.2653379878
-3124.2650061727
-3124.2650551103
-3124.2655501518
-3124.2652399448
-3124.2653591157
-3124.2651143622
-3124.2651869751
-3124.2649692763
-3124.2648676722
-3124.2655009725
-3124.2652471610
-3124.2650635054
-3124.2653487588
-3124.2654116115
-3124.2655232755
-3124.2653576770
-3124.2651847829
-3124.2651869095
-3124.2654541824
-3124.2657237974
-3124.2660214633
-3124.2650554182
-3124.2654538800
-3124.2654437757
-3124.2651180165
-3124.2649616036
-3124.2654337405
-3124.2655909420
-3124.2657177772
-3124.2654496802
-3124.2653735889
-3124.2658843210
-3124.2654486273
-3124.2653019132
-3124.2649844524
-3124.2651416970
-3124.2653904443
-3124.2655828333
-3124.2650419770
-3124.2655121437
-3124.2649796553
-3124.2649525584
-3124.2652097055
-3124.2656327600
-3124.2652758338
-3124.2651263830
-3124.2654484896
-3124.2651361704
-3124.2656866052
-3124.2653787526
-3124.2652356477
-3124.2657557650
-3124.2650206427
-3124.2657033231
-3124.2655893504
-3124.2650313785
-3124.2649479654
-3124.2649994352
-3124.2651747428
-3124.2655939877
-3124.2654170153
-3124.2653286734
-3124.2656415782
-3124.2653674777
-3124.2653712945
-3124.2653745372
-3124.2652459397
-3124.2653138102
-3124.2657549686
-3124.2654040723
-3124.2652333512
-3124.2651478789
-3124.2652099147
-3124.2655568348
-3124.2652307254
-3124.2652855231
-3124.2653517441
-3124.2654413442
-3124.2655866108
-3124.2655356362
-3124.2651350281
-3124.2653438862
-3124.2653141375
-3124.2655065579
-3124.2653196421
-3124.2652955405
-3124.2652108796
-3124.2655207614
-3124.2653942829
-3124.2653681033
-3124.2653589469
-3124.2654211893
-3124.2653006531
-3124.2657343981
-3124.2654846799
-3124.2652099849
-3124.2653222892
-3124.2653911504
-3124.2653213792
-3124.2650146090
-3124.2650290964
-3124.2651295695
-3124.2653191486
-3124.2653852882
-3124.2652496076
-3124.2649344883
-3124.2653420493
-3124.2650370068
-3124.2654417338
-3124.2655737037
-3124.2652464538
-3124.2651823306
-3124.2655741245
-3124.2650500772
-3124.2654339903
-3124.2655187289
-3124.2656248596
-3124.2653917378
-3124.2655167286
-3124.2653490397
-3124.2654283570
-3124.2654917296
-3124.2652872687
-3124.2655047860
-3124.2654016730
-3124.2656942409
-3124.2654616114
-3124.2653665215
-3124.2654867164
-3124.2654637953
-3124.2650508910
-3124.2652041291
-3124.2652130896
-3124.2655608243
-3124.2656071094
-3124.2653266729
-3124.2654514276
-3124.2653802876
-3124.2651991146
-3124.2654532998
-3124.2652935271
-3124.2652786601
-3124.2654911724
-3124.2652745631
-3124.2649991089
-3124.2657596046
-3124.2654094722
-3124.2653475033
-3124.2653592470
-3124.2657317454
-3124.2649488946
-3124.2655483739
-3124.2653589897
-3124.2651996366
-3124.2652857449
-3124.2652241699
-3124.2653571060
-3124.2651759070
-3124.2652363974
-3124.2655822844
-3124.2657580092
-3124.2656468516
-3124.2653823758
-3124.2655699422
-3124.2653301453
-3124.2651747753
-3124.2654832337
-3124.2653670281
-3124.2655468347
-3124.2653480185
-3124.2655698113
-3124.2652426610
-3124.2653874433
-3124.2653409664
-3124.2653533409
-3124.2650076811
-3124.2656530075
-3124.2654203715
-3124.2656146902
-3124.2654290326
-3124.2657098291
-3124.2651028910
-3124.2652887834
-3124.2651602810
-3124.2656745103
-3124.2655187598
-3124.2653071235
-3124.2653341483
-3124.2653149712
-3124.2649305232
-3124.2654715868
-3124.2660211089
-3124.2652019308
-3124.2657440286
-3124.2650867627
-3124.2650255251
-3124.2651189126
-3124.2651220531
-3124.2647979752
-3124.2654917215
-3124.2651287860
-3124.2658874173
-3124.2649641572
-3124.2655199850
-3124.2651753148
-3124.2655825928
-3124.2656067403
-3124.2654473205
-3124.2654434470
-3124.2654613088
-3124.2650751320
-3124.2657774505
-3124.2653138760
-3124.2653067469
-3124.2652127307
-3124.2655050118
-3124.2653809387
-3124.2654431483
-3124.2649875273
-3124.2655408898
-3124.2652262928
-3124.2652302935
-3124.2650484532
-3124.2657009240
-3124.2652734684
-3124.2655500004
-3124.2651684829
-3124.2655230237
-3124.2648498290
-3124.2652907188
-3124.2654554671
-3124.2648388202
-3124.2656295279
-3124.2655496685
-3124.2651632036
-3124.2651086255
-3124.2654785457
-3124.2652145193
-3124.2652511702
-3124.2656470921
-3124.2654224476
-3124.2652279727
-3124.2654901744
-3124.2657348398
-3124.2652201314
-3124.2655210611
-3124.2655187928
-3124.2651894035
-3124.2653797748
-3124.2653069029
-3124.2651170326
-3124.2652780896
-3124.2653314540
-3124.2653474419
-3124.2651804171
-3124.2654751647
-3124.2654388791
-3124.2649444049
-3124.2654380718
-3124.2653444391
-3124.2652707179
-3124.2651293500
-3124.2656106633
-3124.2654185323
-3124.2654847622
-3124.2651160118
-3124.2654074817
-3124.2652159628
-3124.2652239918
-3124.2656257029
-3124.2657455874
-3124.2654719608
-3124.2655778971
-3124.2654808122
-3124.2652033880
-3124.2648826193
-3124.2652143462
-3124.2655381544
-3124.2651682417
-3124.2654254264
-3124.2649463431
-3124.2651268554
-3124.2653647518
-3124.2654600735
-3124.2651953533
-3124.2651507892
-3124.2649171147
-3124.2652760136
-3124.2651301571
-3124.2654325163
-3124.2652297533
-3124.2652067007
-3124.2658119898
-3124.2654196927
-3124.2652979401
-3124.2652685671
-3124.2653549982
-3124.2652322646
-3124.2652236752
-3124.2653828158
-3124.2653980379
-3124.2652581292
-3124.2650972114
-3124.2653448274
-3124.2652946937
-3124.2656346353
-3124.2653272052
-3124.2653849730
-3124.2651238219
-3124.2660247863
-3124.2654749622
-3124.2653145669
-3124.2655524143
-3124.2654386023
-3124.2660508519
-3124.2654304422
-3124.2651250487
-3124.2652881599
-3124.2655231898
-3124.2652655393
-3124.2660222552
-3124.2652207040
-3124.2650694261
-3124.2651392615
-3124.2654871706
-3124.2655215584
-3124.2652711370
-3124.2654750035
-3124.2651094247
-3124.2650218052
-3124.2654784908
-3124.2653910282
-3124.2652024821
-3124.2652891639
-3124.2654996396
-3124.2652769745
-3124.2655586277
-3124.2653883532
-3124.2651832829
-3124.2650480883
-3124.2657215733
-3124.2648269257
-3124.2653069669
-3124.2656559636
-3124.2653667746
-3124.2653867167
-3124.2653868405
-3124.2654712172
-3124.2653605729
-3124.2653940920
-3124.2651805721
-3124.2653632084
-3124.2652245430
-3124.2653327013
-3124.2652658725
-3124.2654366978
-3124.2651576473
-3124.2652183635
-3124.2660176386
-3124.2653415540
-3124.2654867662
-3124.2656163618
-3124.2651661189
-3124.2652238618
-3124.2652004196
-3124.2653984213
-3124.2651222382
-3124.2652354684
-3124.2654395589
-3124.2652843211
-3124.2650264341
-3124.2658463351
-3124.2653025373
-3124.2657424424
-3124.2657328938
-3124.2650221145
-3124.2655624337
-3124.2657796571
-3124.2653931854
-3124.2652557312
-3124.2653479815
-3124.2652945304
-3124.2656175488
-3124.2651355468
-3124.2653553101
-3124.2651820635
-3124.2658441171
-3124.2652768076
-3124.2653186743
-3124.2655079797
-3124.2651706444
-3124.2651369174
-3124.2655624838
-3124.2658746416
-3124.2655319080
-3124.2656314959
-3124.2660123560
-3124.2652653241
-3124.2653590044
-3124.2655629323
-3124.2651649729
-3124.2652496883
-3124.2654034026
-3124.2653387266
-3124.2659924308
-3124.2653734502
-3124.2655160951
-3124.2649804053
-3124.2653269501
-3124.2650613553
-3124.2653138273
-3124.2652557377
-3124.2654390995
-3124.2650800198
-3124.2651133337
-3124.2653459775
-3124.2650881307
-3124.2654917136
-3124.2652028025
-3124.2651573175
-3124.2654658560
-3124.2651591161
-3124.2655670100
-3124.2654113147
-3124.2652666662
-3124.2656855268
-3124.2653247135
-3124.2652718340
-3124.2652352420
-3124.2654735974
-3124.2651949963
-3124.2651137123
-3124.2654841651
-3124.2652585948
-3124.2652673939
-3124.2655059088
-3124.2656252148
-3124.2652683717
-3124.2653165094
-3124.2653122039
-3124.2652931923
-3124.2654530821
-3124.2648885985
-3124.2653866376
-3124.2650796532
-3124.2656369366
-3124.2650553636
-3124.2654503342
-3124.2656022826
-3124.2655065716
-3124.2654756168
-3124.2652262652
-3124.2651727865
-3124.2648570643
-3124.2651968692
-3124.2651406651
-3124.2652019604
-3124.2655421376
-3124.2654302506
-3124.2655318074
-3124.2655202262
-3124.2649677217
-3124.2652518341
-3124.2653031830
-3124.2653467989
-3124.2652856072
-3124.2657020686
-3124.2654041100
-3124.2651531312
-3124.2653327141
-3124.2652072355
-3124.2652371345
-3124.2650109968
-3124.2652815612
-3124.2653645696
-3124.2654331424
-3124.2654991984
-3124.2655602439
-3124.2651040683
-3124.2653572141
-3124.2654784765
-3124.2652863609
-3124.2652665684
-3124.2652852034
-3124.2653545506
-3124.2654696713
-3124.2659889059
-3124.2655251482
-3124.2656078050
-3124.2653057013
-3124.2651981672
-3124.2657326945
-3124.2653608600
-3124.2651951433
-3124.2654629177
-3124.2652972241
-3124.2660393455
-3124.2654729158
-3124.2656485475
-3124.2654898386
-3124.2651167124
-3124.2660032881
-3124.2655463188
-3124.2655814342
-3124.2656135917
-3124.2654924504
-3124.2654070220
-3124.2655199557
-3124.2656576028
-3124.2655886114
-3124.2653444099
-3124.2653312890
-3124.2654420233
-3124.2656656874
-3124.2649856274
-3124.2655402029
-3124.2660178768
-3124.2654318663
-3124.2655410483
-3124.2652319727
-3124.2652548179
-3124.2654551187
-3124.2650350606
-3124.2655328215
-3124.2652413280
-3124.2654949184
-3124.2654158860
-3124.2651555684
-3124.2654117894
-3124.2652788372
-3124.2652246072
-3124.2653181726
-3124.2653077695
-3124.2653145979
-3124.2654612556
-3124.2654151778
-3124.2653271402
-3124.2651708076
-3124.2654404445
-3124.2654499973
-3124.2653072543
-3124.2651762837
-3124.2651431501
-3124.2651736052
-3124.2656048231
-3124.2653913993
-3124.2650343219
-3124.2653185999
-3124.2650356428
-3124.2654077486
-3124.2654160963
-3124.2653219937
-3124.2653839201
-3124.2650408416
-3124.2651068265
-3124.2652146726
-3124.2653923103
-3124.2652859588
-3124.2655338781
-3124.2653487786
-3124.2652867213
-3124.2653090781
-3124.2652652466
-3124.2654325555
-3124.2652960576
-3124.2649928399
-3124.2655093885
-3124.2650858620
-3124.2653252240
-3124.2652588803
-3124.2655443218
-3124.2651747642
-3124.2651734977
-3124.2650929472
-3124.2651442563
-3124.2654876183
-3124.2652740601
-3124.2654428098
-3124.2653566406
-3124.2657418900
-3124.2655810827
-3124.2649740961
-3124.2652206501
-3124.2653321643
-3124.2654693803
-3124.2652965468
-3124.2653766183
-3124.2654052366
-3124.2654823084
-3124.2652105128
-3124.2652633886
-3124.2660041477
-3124.2651550877
-3124.2654120117
-3124.2654596182
-3124.2655528518
-3124.2655444486
-3124.2656196650
-3124.2649156774
-3124.2654378242
-3124.2652576536
-3124.2651340304
-3124.2653657266
-3124.2653681862
-3124.2652524890
-3124.2652784906
-3124.2654557404
-3124.2650303746
-3124.2652781973
-3124.2652381272
-3124.2652836319
-3124.2655973509
-3124.2651501212
-3124.2649678726
-3124.2653773037
-3124.2653626875
-3124.2652024916
-3124.2652908952
-3124.2651216743
-3124.2653744027
-3124.2651134752
-3124.2652755693
-3124.2652026320
-3124.2655458555
-3124.2653449582
-3124.2650700580
-3124.2660326928
-3124.2655734560
-3124.2651449852
-3124.2652350916
-3124.2656861730
-3124.2650177344
-3124.2653654663
-3124.2654243457
-3124.2654480250
-3124.2654049549
-3124.2655480632
-3124.2654310358
-3124.2650389102
-3124.2651342761
-3124.2655426929
-3124.2655183614
-3124.2653938341
-3124.2649638720
-3124.2651813275
-3124.2658330632
-3124.2651797704
-3124.2652407415
-3124.2651572635
-3124.2655865710
-3124.2652552727
-3124.2652492680
-3124.2652240863
-3124.2653114423
-3124.2657348196
-3124.2653789277
-3124.2652149778
-3124.2654332585
-3124.2653251143
-3124.2655091485
-3124.2653400967
-3124.2655263743
-3124.2658301964
-3124.2649493755
-3124.2652488028
-3124.2656824639
-3124.2657411809
-3124.2655751795
-3124.2654118401
-3124.2653462547
-3124.2655197814
-3124.2653322433
-3124.2652270305
-3124.2655461257
-3124.2655167097
-3124.2651821425
-3124.2660043445
-3124.2655244229
-3124.2650277404
-3124.2653658714
-3124.2657190485
-3124.2651103336
-3124.2652366539
-3124.2652002982
-3124.2660116618
-3124.2653749309
-3124.2652132221
-3124.2654000475
-3124.2648749888
-3124.2650393341
-3124.2653156036
-3124.2655946574
-3124.2659985763
-3124.2656612058
-3124.2653942439
-3124.2653605061
-3124.2650751939
-3124.2652685087
-3124.2655680552
-3124.2653326334
-3124.2654429222
-3124.2651138379
-3124.2651212659
-3124.2653620938
-3124.2654428682
-3124.2657958887
-3124.2654339908
-3124.2651431671
-3124.2653849768
-3124.2650566711
-3124.2655094258
-3124.2651864325
-3124.2657421371
-3124.2650935379
-3124.2654980634
-3124.2653633140
-3124.2651723525
-3124.2655005340
-3124.2652072920
-3124.2650986340
-3124.2654265971
-3124.2653498260
-3124.2654627372
-3124.2652636801
-3124.2655263647
-3124.2652648444
-3124.2654536011
-3124.2650487590
-3124.2648719455
-3124.2654461920
-3124.2650643897
-3124.2654650636
-3124.2653892769
-3124.2650506268
-3124.2655171816
-3124.2651665004
-3124.2653088948
-3124.2653272836
-3124.2655877364
-3124.2660109598
-3124.2653919486
-3124.2654368630
-3124.2653103494
-3124.2653748451
-3124.2652715979
-3124.2653306848
-3124.2654001895
-3124.2653443074
-3124.2651427756
-3124.2653630833
-3124.2656863128
-3124.2652070452
-3124.2656291837
-3124.2657132678
-3124.2655456919
-3124.2654743316
-3124.2657463732
-3124.2651088773
-3124.2653960597
-3124.2653577430
-3124.2653217634
-3124.2654097383
-3124.2653515957
-3124.2655115181
-3124.2655266088
-3124.2653925179
-3124.2652604225
-3124.2655060042
-3124.2656398363
-3124.2652143897
-3124.2653356401
-3124.2654495184
-3124.2651678757
-3124.2655477663
-3124.2655317388
-3124.2656516606
-3124.2654126509
-3124.2650319155
-3124.2653079783
-3124.2654106797
-3124.2650969073
-3124.2653987097
-3124.2652398724
-3124.2654061924
-3124.2654298260
-3124.2651855784
-3124.2652829335
-3124.2649648718
-3124.2651732005
-3124.2657473705
-3124.2649287000
-3124.2652154109
-3124.2651042882
-3124.2650164904
-3124.2654503817
-3124.2654042403
-3124.2653925160
-3124.2659953633
-3124.2654908853
-3124.2647998728
-3124.2649867922
-3124.2655750206
-3124.2652018382
-3124.2651854603
-3124.2653861766
-3124.2652667939
-3124.2653169895
-3124.2652366924
-3124.2655051697
-3124.2651374509
-3124.2652267180
-3124.2653195084
-3124.2657258226
-3124.2654391247
-3124.2651465616
-3124.2660195570
-3124.2654296692
-3124.2654899247
-3124.2655663615
-3124.2658053092
-3124.2654237043
-3124.2651994755
-3124.2656398425
-3124.2656819566
-3124.2653940408
-3124.2660241201
-3124.2656932740
-3124.2652449051
-3124.2656708604
-3124.2653285568
-3124.2655216505
-3124.2654839324
-3124.2654805095
-3124.2649655699
-3124.2653947450
-3124.2650616128
-3124.2651721411
-3124.2656288521
-3124.2655441968
-3124.2653897512
-3124.2650216723
-3124.2653006395
-3124.2656713236
-3124.2655344520
-3124.2652806600
-3124.2649108365
-3124.2653500506
-3124.2656195792
-3124.2652697567
-3124.2654933173
-3124.2653305460
-3124.2652806708
-3124.2653189246
-3124.2651368172
-3124.2653427876
-3124.2655551333
-3124.2659924388
-3124.2649546300
-3124.2656615400
-3124.2655559824
-3124.2651793955
-3124.2653328772
-3124.2651446434
-3124.2656208797
-3124.2654849885
-3124.2651709967
-3124.2650153525
-3124.2656586745
-3124.2656811805
-3124.2654468906
-3124.2650629555
-3124.2654027983
-3124.2655087458
-3124.2653328128
-3124.2652847399
-3124.2652430624
-3124.2651438409
-3124.2653513827
-3124.2654391118
-3124.2649306928
-3124.2654276216
-3124.2651184956
-3124.2656082437
-3124.2659968446
-3124.2651399781
-3124.2655199210
-3124.2655658499
-3124.2654486884
-3124.2652604193
-3124.2654420069
-3124.2653367732
-3124.2656306894
-3124.2651429323
-3124.2654368233
-3124.2654229838
-3124.2652806933
-3124.2652477180
-3124.2651518040
-3124.2655725893
-3124.2650962645
-3124.2653224005
-3124.2651653313
-3124.2651480136
-3124.2652449451
-3124.2653423602
-3124.2654197122
-3124.2653603673
-3124.2651585236
-3124.2652034006
-3124.2651877134
-3124.2656251595
-3124.2652936646
-3124.2656938367
-3124.2653104340
-3124.2654559506
-3124.2653859805
-3124.2651505095
-3124.2652391909
-3124.2653038597
-3124.2654762528
-3124.2654181298
-3124.2654407697
-3124.2650226136
-3124.2654985923
-3124.2650361814
-3124.2657503469
-3124.2654394768
-3124.2653175572
-3124.2656237834
-3124.2654276542
-3124.2655746127
-3124.2660002776
-3124.2650549095
-3124.2653492589
-3124.2655498700
-3124.2652301370
-3124.2651846434
-3124.2654466070
-3124.2653009013
-3124.2651443577
-3124.2654730874
-3124.2655060301
-3124.2657283921
-3124.2652428441
-3124.2653822818
-3124.2650895134
-3124.2652092131
-3124.2652283091
-3124.2658566671
-3124.2655416096
-3124.2655905515
-3124.2650338937
-3124.2652451684
-3124.2653333351
-3124.2654018830
-3124.2655367022
-3124.2657034790
-3124.2655192167
-3124.2652579517
-3124.2657440925
-3124.2652479123
-3124.2654445023
-3124.2651166315
-3124.2658087609
-3124.2650710705
-3124.2653941598
-3124.2655223998
-3124.2655228117
-3124.2657790327
-3124.2648138579
-3124.2654818280
-3124.2654582682
-3124.2653457946
-3124.2653747167
-3124.2654978300
-3124.2650708318
-3124.2655525999
-3124.2649925806
-3124.2656359005
-3124.2648994294
-3124.2652279341
-3124.2657874441
-3124.2655117881
-3124.2650012589
-3124.2660033246
