-3124.2658454098
-3124.2658422534
-3124.2644497851
-3124.2637582442
-3124.2624073595
-3124.2646583640
-3124.2628250166
-3124.2633120318
-3124.2643961397
-3124.2622432215
-3124.2632977514
-3124.2628080857
-3124.2624801952
-3124.2644336386
-3124.2633548148
-3124.2641917839
-3124.2641646225
-3124.2637900921
-3124.2625448177
-3124.2629147732
-3124.2641088619
-3124.2633521693
-3124.2631492608
-3124.2655834156
-3124.2657231236
-3124.2655169894
-3124.2656409983
-3124.2656459850
-3124.2657135987
-3124.2657150153
-3124.2656205175
-3124.2656421492
-3124.2593347121
-3124.2604915188
-3124.2593184987
-3124.2620976783
-3124.2597846340
-3124.2657218544
-3124.2656656969
-3124.2657482265
-3124.2657637360
-3124.2658015364
-3124.2656939014
-3124.2656701302
-3124.2656372565
-3124.2655538804
-3124.2656469514
-3124.2655820961
-3124.2656328942
-3124.2657532329
-3124.2656506784
-3124.2656430419
-3124.2657043883
-3124.2655338028
-3124.2656610150
-3124.2656313196
-3124.2655515570
-3124.2656379898
-3124.2654505380
-3124.2655701210
-3124.2656152729
-3124.2657933991
-3124.2657276735
-3124.2655668234
-3124.2657654422
-3124.2657533634
-3124.2656776516
-3124.2657273539
-3124.2655914679
-3124.2655475804
-3124.2655626586
-3124.2656148688
-3124.2658465489
-3124.2658504870
-3124.2658515334
-3124.2658466876
-3124.2658419380
-3124.2658482746
-3124.2658478811
-3124.2658477417
-3124.2658437850
-3124.2658441547
-3124.2658490183
-3124.2658453600
-3124.2658473508
-3124.2658448742
-3124.2658419080
-3124.2658478933
-3124.2658444373
-3124.2658488845
-3124.2658454303
-3124.2658453303
-3124.2656593975
-3124.2655770014
-3124.2655304398
-3124.2656897877
-3124.2655264956
-3124.2657223576
-3124.2654331279
-3124.2657594030
-3124.2656913276
-3124.2657206368
-3124.2656874394
-3124.2656319927
-3124.2655687521
-3124.2657251348
-3124.2656812847
-3124.2654032579
-3124.2656478944
-3124.2656168628
-3124.2657526331
-3124.2657789067
-3124.2656458900
-3124.2656635923
-3124.2657407439
-3124.2654384517
-3124.2657429513
-3124.2656446887
-3124.2655815048
-3124.2656327798
-3124.2656635498
-3124.2656037699
-3124.2657275155
-3124.2656583348
-3124.2656705061
-3124.2656372474
-3124.2656373249
-3124.2656697447
-3124.2656835000
-3124.2655811268
-3124.2656814362
-3124.2656163143
-3124.2655956596
-3124.2656701277
-3124.2655804654
-3124.2655344927
-3124.2656861192
-3124.2655969072
-3124.2656435504
-3124.2656129516
-3124.2657072409
-3124.2656161252
-3124.2656837997
-3124.2655849058
-3124.2655351736
-3124.2656464415
-3124.2655267973
-3124.2656680344
-3124.2657209719
-3124.2656236650
-3124.2657601785
-3124.2657066404
-3124.2656312530
-3124.2656206348
-3124.2656984875
-3124.2657146114
-3124.2656021664
-3124.2656305600
-3124.2655779885
-3124.2656897412
-3124.2656423987
-3124.2655700089
-3124.2655854305
-3124.2656412243
-3124.2656612870
-3124.2653439293
-3124.2655468596
-3124.2656230643
-3124.2656301006
-3124.2655592267
-3124.2656692305
-3124.2656114611
-3124.2655452063
-3124.2657429127
-3124.2656804653
-3124.2656983335
-3124.2656094975
-3124.2655864408
-3124.2657165113
-3124.2656740259
-3124.2656711840
-3124.2656470354
-3124.2656280222
-3124.2656545040
-3124.2657125519
-3124.2656266727
-3124.2656706122
-3124.2656971730
-3124.2655836974
-3124.2655112969
-3124.2656989084
-3124.2656001922
-3124.2656687665
-3124.2656774724
-3124.2656117874
-3124.2655350226
-3124.2654882423
-3124.2656972273
-3124.2656225870
-3124.2657078607
-3124.2655703120
-3124.2655740030
-3124.2656940190
-3124.2656598864
-3124.2656569516
-3124.2655823131
-3124.2656509412
-3124.2655834742
-3124.2656961252
-3124.2656797193
-3124.2657470699
-3124.2657316753
-3124.2657089059
-3124.2655551112
-3124.2656450393
-3124.2657111902
-3124.2656432792
-3124.2656707992
-3124.2656259767
-3124.2655506560
-3124.2656512133
-3124.2656545701
-3124.2657743686
-3124.2657059634
-3124.2656271280
-3124.2655958356
-3124.2656325798
-3124.2655445095
-3124.2657671574
-3124.2656578219
-3124.2655966673
-3124.2656289323
-3124.2656178550
-3124.2657514708
-3124.2655823210
-3124.2656275365
-3124.2656710446
-3124.2656049502
-3124.2658482971
-3124.2657246955
-3124.2656803538
-3124.2656474462
-3124.2655897114
-3124.2656953462
-3124.2655917654
-3124.2656321058
-3124.2656864124
-3124.2655871054
-3124.2656396892
-3124.2655861268
-3124.2657103809
-3124.2657199838
-3124.2656546948
-3124.2655648277
-3124.2655755520
-3124.2656249686
-3124.2656381439
-3124.2655997352
-3124.2656057588
-3124.2656278843
-3124.2657073880
-3124.2656344595
-3124.2657010748
-3124.2656478643
-3124.2656831554
-3124.2656569668
-3124.2654502888
-3124.2656507967
-3124.2657757472
-3124.2656581986
-3124.2655137590
-3124.2656743356
-3124.2656827945
-3124.2657245546
-3124.2656603831
-3124.2656413465
-3124.2656482082
-3124.2656065346
-3124.2656724567
-3124.2656661021
-3124.2656616856
-3124.2656634908
-3124.2656872895
-3124.2656851240
-3124.2656575913
-3124.2655688455
-3124.2656592377
-3124.2656736328
-3124.2654825159
-3124.2655855010
-3124.2656730754
-3124.2656331180
-3124.2656718027
-3124.2655675272
-3124.2655992675
-3124.2655959530
-3124.2656965786
-3124.2657220973
-3124.2656030676
-3124.2656441140
-3124.2656135693
-3124.2657942743
-3124.2656415010
-3124.2656272852
-3124.2656514619
-3124.2656262531
-3124.2655955258
-3124.2655701915
-3124.2656540956
-3124.2656567926
-3124.2656820711
-3124.2656194388
-3124.2657359040
-3124.2656385881
-3124.2655238037
-3124.2657208989
-3124.2656938397
-3124.2655736149
-3124.2655895010
-3124.2656654206
-3124.2656837006
-3124.2655797593
-3124.2656565589
-3124.2656846796
-3124.2657097582
-3124.2656841389
-3124.2656142926
-3124.2655318415
-3124.2656852638
-3124.2656573536
-3124.2656181301
-3124.2655534985
-3124.2656648755
-3124.2656233046
-3124.2656302981
-3124.2656530070
-3124.2658463111
-3124.2655429556
-3124.2656348306
-3124.2656213565
-3124.2655009985
-3124.2655452195
-3124.2657482617
-3124.2655364901
-3124.2655354086
-3124.2658439050
-3124.2657179085
-3124.2656374774
-3124.2656682199
-3124.2656544042
-3124.2655880872
-3124.2656217093
-3124.2655986684
-3124.2654998283
-3124.2655267741
-3124.2655816115
-3124.2655925738
-3124.2656087001
-3124.2655536314
-3124.2656814510
-3124.2656127195
-3124.2655057772
-3124.2655902123
-3124.2656659215
-3124.2655176227
-3124.2655716444
-3124.2656562163
-3124.2653862949
-3124.2655348785
-3124.2656982855
-3124.2656211170
-3124.2655971065
-3124.2656036805
-3124.2655600515
-3124.2655682317
-3124.2655074608
-3124.2656299868
-3124.2656334193
-3124.2658508115
-3124.2656801790
-3124.2656141295
-3124.2656731608
-3124.2657041311
-3124.2656064635
-3124.2656640370
-3124.2655902669
-3124.2656055238
-3124.2655849337
-3124.2656084179
-3124.2657238921
-3124.2656509890
-3124.2656401486
-3124.2656642804
-3124.2657065569
-3124.2656085112
-3124.2654626336
-3124.2656973419
-3124.2656782677
-3124.2655628229
-3124.2656633231
-3124.2655381593
-3124.2656037766
-3124.2658493095
-3124.2657331013
-3124.2655965070
-3124.2655695855
-3124.2656555011
-3124.2655793412
-3124.2655275566
-3124.2656719791
-3124.2656273427
-3124.2657345675
-3124.2656396775
-3124.2656359273
-3124.2655942995
-3124.2655699171
-3124.2656013449
-3124.2656889234
-3124.2657160685
-3124.2656963072
-3124.2657197867
-3124.2656610267
-3124.2657018863
-3124.2657161547
-3124.2657196168
-3124.2655803597
-3124.2657434312
-3124.2655816930
-3124.2656279459
-3124.2656040358
-3124.2655550803
-3124.2656996009
-3124.2656545570
-3124.2657233957
-3124.2656302318
-3124.2656470408
-3124.2656510815
-3124.2657270683
-3124.2655722494
-3124.2655346342
-3124.2657019948
-3124.2657035918
-3124.2655599186
-3124.2657574285
-3124.2656314545
-3124.2657269190
-3124.2655272973
-3124.2656493994
-3124.2656586166
-3124.2656793754
-3124.2655195145
-3124.2655166086
-3124.2655750635
-3124.2656400681
-3124.2656944539
-3124.2655269115
-3124.2656977928
-3124.2655826854
-3124.2656030780
-3124.2657027031
-3124.2656747288
-3124.2656684747
-3124.2656957418
-3124.2657275548
-3124.2655967374
-3124.2656843944
-3124.2656268795
-3124.2656321040
-3124.2654413537
-3124.2658515856
-3124.2655891853
-3124.2655788124
-3124.2656057183
-3124.2656696507
-3124.2656585127
-3124.2656794874
-3124.2656471632
-3124.2657441090
-3124.2656443598
-3124.2655768883
-3124.2655562545
-3124.2656741584
-3124.2655724539
-3124.2655929359
-3124.2655462158
-3124.2656534819
-3124.2656026251
-3124.2655250193
-3124.2654984687
-3124.2657002641
-3124.2656740779
-3124.2655901817
-3124.2657617243
-3124.2658478069
-3124.2656911596
-3124.2656154108
-3124.2656642773
-3124.2656299593
-3124.2655821697
-3124.2654814610
-3124.2657554605
-3124.2656912016
-3124.2655005892
-3124.2656462818
-3124.2656346111
-3124.2656752120
-3124.2656310949
-3124.2656948345
-3124.2656213366
-3124.2656148364
-3124.2657336678
-3124.2656137531
-3124.2656518177
-3124.2656666870
-3124.2655317149
-3124.2656606630
-3124.2656304586
-3124.2656124950
-3124.2654685246
-3124.2656431031
-3124.2655900809
-3124.2654442058
-3124.2657008025
-3124.2656431582
-3124.2656968872
-3124.2656694495
-3124.2656740435
-3124.2655435881
-3124.2656397239
-3124.2655999433
-3124.2655456375
-3124.2655511474
-3124.2656583556
-3124.2657703919
-3124.2656874082
-3124.2656728949
-3124.2656028677
-3124.2656785133
-3124.2657393087
-3124.2656298778
-3124.2655772004
-3124.2656896937
-3124.2657381467
-3124.2655996971
-3124.2658479451
-3124.2656924548
-3124.2656675644
-3124.2658473045
-3124.2654707360
-3124.2656660390
-3124.2656714467
-3124.2656022573
-3124.2656957862
-3124.2656922141
-3124.2655580614
-3124.2655623137
-3124.2657388564
-3124.2656751271
-3124.2655124556
-3124.2656586207
-3124.2656101638
-3124.2656932212
-3124.2657522171
-3124.2655834333
-3124.2657151029
-3124.2656516773
-3124.2657152077
-3124.2655406801
-3124.2658471065
-3124.2656436627
-3124.2656033405
-3124.2657455986
-3124.2656576723
-3124.2656578984
-3124.2656462079
-3124.2657485952
-3124.2655875787
-3124.2656058354
-3124.2656946477
-3124.2657099586
-3124.2656548930
-3124.2657196608
-3124.2656077754
-3124.2656733464
-3124.2656650445
-3124.2656719922
-3124.2656758433
-3124.2655648116
-3124.2657171816
-3124.2656482173
-3124.2656366832
-3124.2656769669
-3124.2655934382
-3124.2656603572
-3124.2655784485
-3124.2654105089
-3124.2655867177
-3124.2656590531
-3124.2653964992
-3124.2657118154
-3124.2655953658
-3124.2656572685
-3124.2655691612
-3124.2656250912
-3124.2655972102
-3124.2656239268
-3124.2656561535
-3124.2656554057
-3124.2655879546
-3124.2655799171
-3124.2657923671
-3124.2655510223
-3124.2656938928
-3124.2657490471
-3124.2657211449
-3124.2656035841
-3124.2656193379
-3124.2657472986
-3124.2658532981
-3124.2655854525
-3124.2656045703
-3124.2656419824
-3124.2656101419
-3124.2656750469
-3124.2656075033
-3124.2656688356
-3124.2657528574
-3124.2657405232
-3124.2655442006
-3124.2656019402
-3124.2656557726
-3124.2655678021
-3124.2658032426
-3124.2656481107
-3124.2657095270
-3124.2656589224
-3124.2654445688
-3124.2656750237
-3124.2657252151
-3124.2656140058
-3124.2655840751
-3124.2656735205
-3124.2657016573
-3124.2657011004
-3124.2656537562
-3124.2656484290
-3124.2655964676
-3124.2656034164
-3124.2655753177
-3124.2656201180
-3124.2654889538
-3124.2655737576
-3124.2656539134
-3124.2656844109
-3124.2655647934
-3124.2656959077
-3124.2656353338
-3124.2656515534
-3124.2656661085
-3124.2656793876
-3124.2655145510
-3124.2656698141
-3124.2657227282
-3124.2656186320
-3124.2657018890
-3124.2656692732
-3124.2656593974
-3124.2656192786
-3124.2656870729
-3124.2656771845
-3124.2655455297
-3124.2657348546
-3124.2657298181
-3124.2656782782
-3124.2655813771
-3124.2656852221
-3124.2655788461
-3124.2655008903
-3124.2655536198
-3124.2656324952
-3124.2656556689
-3124.2654570058
-3124.2657434379
-3124.2656008987
-3124.2656497252
-3124.2656369526
-3124.2656905275
-3124.2656013368
-3124.2656323502
-3124.2655304417
-3124.2655751786
-3124.2656161591
-3124.2656662129
-3124.2656709445
-3124.2655803942
-3124.2656488422
-3124.2655757300
-3124.2658489378
-3124.2657019592
-3124.2656866061
-3124.2656477749
-3124.2658491319
-3124.2656587151
-3124.2656055225
-3124.2656448984
-3124.2656865346
-3124.2656652944
-3124.2656528670
-3124.2657359097
-3124.2655947491
-3124.2656923355
-3124.2655560029
-3124.2655838978
-3124.2656644139
-3124.2656038861
-3124.2654284985
-3124.2656319418
-3124.2656597510
-3124.2656376671
-3124.2655005020
-3124.2655034111
-3124.2657414216
-3124.2656045761
-3124.2654707683
-3124.2656702717
-3124.2656928240
-3124.2656298865
-3124.2655690118
-3124.2656580436
-3124.2655385124
-3124.2656703680
-3124.2655792643
-3124.2656914203
-3124.2657263699
-3124.2656344960
-3124.2657324765
-3124.2655570575
-3124.2656332885
-3124.2655127727
-3124.2656806692
-3124.2656662173
-3124.2656951941
-3124.2656395639
-3124.2656436117
-3124.2656738602
-3124.2656229847
-3124.2654917102
-3124.2656521551
-3124.2655962576
-3124.2655997701
-3124.2654437425
-3124.2655877871
-3124.2655225032
-3124.2656412581
-3124.2656329020
-3124.2655930742
-3124.2655669397
-3124.2656173399
-3124.2656630012
-3124.2655226511
-3124.2658133336
-3124.2655601006
-3124.2657481062
-3124.2656825398
-3124.2656579502
-3124.2657212213
-3124.2655637749
-3124.2656882673
-3124.2658109300
-3124.2656841692
-3124.2656879544
-3124.2656498011
-3124.2654885282
-3124.2655638774
-3124.2657178493
-3124.2656102064
-3124.2656530984
-3124.2657159316
-3124.2655358961
-3124.2656569106
-3124.2655658706
-3124.2657409991
-3124.2655126554
-3124.2655338621
-3124.2655720717
-3124.2655922907
-3124.2656579023
-3124.2655769641
-3124.2655996337
-3124.2656894421
-3124.2656688351
-3124.2656103918
-3124.2656515383
-3124.2655559932
-3124.2656494142
-3124.2653733360
-3124.2656990967
-3124.2656864354
-3124.2655122728
-3124.2656489611
-3124.2656248402
-3124.2655296821
-3124.2656169004
-3124.2657274924
-3124.2656450823
-3124.2656063470
-3124.2656459987
-3124.2654953808
-3124.2658421260
-3124.2654708190
-3124.2656511731
-3124.2656428692
-3124.2656572405
-3124.2657203047
-3124.2655600446
-3124.2656426601
-3124.2657019879
-3124.2655773557
-3124.2656013923
-3124.2657613871
-3124.2656281376
-3124.2655924131
-3124.2655489978
-3124.2655260977
-3124.2656204684
-3124.2655243304
-3124.2655020134
-3124.2656345044
-3124.2657395555
-3124.2656948994
-3124.2655333673
-3124.2656762707
-3124.2655591787
-3124.2655823229
-3124.2656901038
-3124.2655708772
-3124.2656400890
-3124.2657848158
-3124.2656368198
-3124.2656323229
-3124.2655735872
-3124.2655621274
-3124.2655767939
-3124.2656474053
-3124.2655790924
-3124.2657371818
-3124.2658374453
-3124.2656897581
-3124.2654413531
-3124.2656284754
-3124.2655676885
-3124.2656268763
-3124.2657176871
-3124.2657062078
-3124.2656470678
-3124.2656493836
-3124.2657566653
-3124.2656224873
-3124.2656367840
-3124.2656792578
-3124.2657239683
-3124.2655644300
-3124.2656834864
-3124.2655534823
-3124.2656084398
-3124.2656810414
-3124.2657914688
-3124.2656348309
-3124.2657092650
-3124.2655252820
-3124.2656955105
-3124.2656561894
-3124.2656473026
-3124.2656022550
-3124.2655985149
-3124.2655388426
-3124.2655990586
-3124.2657259580
-3124.2656149625
-3124.2656978868
-3124.2657189432
-3124.2657202155
-3124.2655566368
-3124.2656174047
-3124.2658475535
-3124.2655484920
-3124.2656670024
-3124.2656109974
-3124.2655835877
-3124.2655603189
-3124.2656620099
-3124.2654713875
-3124.2656537754
-3124.2657695716
-3124.2654660347
-3124.2656698122
-3124.2655712589
-3124.2656303450
-3124.2656273695
-3124.2657015211
-3124.2657151897
-3124.2654344337
-3124.2656297056
-3124.2658447070
-3124.2656867843
-3124.2658435606
-3124.2656069351
-3124.2655998386
-3124.2657042848
-3124.2657413780
-3124.2656665875
-3124.2657071850
-3124.2656979165
-3124.2655467879
-3124.2657612821
-3124.2654687779
-3124.2656138539
-3124.2655413980
-3124.2656800110
-3124.2655461258
-3124.2656474969
-3124.2656419234
-3124.2655350794
-3124.2656603483
-3124.2656092112
-3124.2658454333
-3124.2657258932
-3124.2656669561
-3124.2657221770
-3124.2656396230
-3124.2656168965
-3124.2657533708
-3124.2655559397
-3124.2656980899
-3124.2656682679
-3124.2656809726
-3124.2657332253
-3124.2657117868
-3124.2656667735
-3124.2656870046
-3124.2656461826
-3124.2654809950
-3124.2656071985
-3124.2656205388
-3124.2656401678
-3124.2656629207
-3124.2656332649
-3124.2656661386
-3124.2656379601
-3124.2656302928
-3124.2656323147
-3124.2656709703
-3124.2656048846
-3124.2657695604
-3124.2656529470
-3124.2656816402
-3124.2656905341
-3124.2657050489
-3124.2656167913
-3124.2655488579
-3124.2656097795
-3124.2657040582
-3124.2656857188
-3124.2655872946
-3124.2657143296
-3124.2656625788
-3124.2655770346
-3124.2656550241
-3124.2656493789
-3124.2656795214
-3124.2657095420
-3124.2656196062
-3124.2656695132
-3124.2655501510
-3124.2656266582
-3124.2657339489
-3124.2656636039
-3124.2657701791
-3124.2656357510
-3124.2656742640
-3124.2655837173
-3124.2655459804
-3124.2655356027
-3124.2655297922
-3124.2657149320
-3124.2654408848
-3124.2656289592
-3124.2656390443
-3124.2655841507
-3124.2656107466
-3124.2657875753
-3124.2656214488
-3124.2656610522
-3124.2655784065
-3124.2656572505
-3124.2656332964
-3124.2654903767
-3124.2656833816
-3124.2655872184
-3124.2656199537
-3124.2655258987
-3124.2657163696
-3124.2656603211
-3124.2656495323
-3124.2656729129
-3124.2656911438
-3124.2655919351
-3124.2656620902
-3124.2657281338
-3124.2656939043
-3124.2655268195
-3124.2655789723
-3124.2657257082
-3124.2654781869
-3124.2655845011
-3124.2657461007
-3124.2655864968
-3124.2656403416
-3124.2655985840
-3124.2656075302
-3124.2654682846
-3124.2657455521
-3124.2656640400
-3124.2655721055
-3124.2656573311
-3124.2657116399
-3124.2656080177
-3124.2655673173
-3124.2656489757
-3124.2656062990
-3124.2657002322
-3124.2655811292
-3124.2656605744
-3124.2657384209
-3124.2656186336
-3124.2656664617
-3124.2655782269
-3124.2656625038
-3124.2655669203
-3124.2655312117
-3124.2654920248
-3124.2656109734
-3124.2656366037
-3124.2657173221
-3124.2656504300
-3124.2656619931
-3124.2656841143
-3124.2657011801
-3124.2657820020
-3124.2657244915
-3124.2656122759
-3124.2655848627
-3124.2656214143
-3124.2657378310
-3124.2656794273
-3124.2655425346
-3124.2655578420
-3124.2655686864
-3124.2656200276
-3124.2655347869
-3124.2655578629
-3124.2655702102
-3124.2656424518
-3124.2657313523
-3124.2656450462
-3124.2657444443
-3124.2655310487
-3124.2655498714
-3124.2656816181
-3124.2655168318
-3124.2655489180
-3124.2656946975
-3124.2655516115
-3124.2655868259
-3124.2656370721
-3124.2656981236
-3124.2655763964
-3124.2656008715
-3124.2657265440
-3124.2655485377
-3124.2655115906
-3124.2655727407
-3124.2657481682
-3124.2657025831
-3124.2656499774
-3124.2655447013
-3124.2656552737
-3124.2656277495
-3124.2656439931
-3124.2655617157
-3124.2655093540
-3124.2656879118
-3124.2654602712
-3124.2654776853
-3124.2655604728
-3124.2655448534
-3124.2656882180
-3124.2657040103
-3124.2656275197
-3124.2657065201
-3124.2656345549
-3124.2656542096
-3124.2657022674
-3124.2656431526
-3124.2656718779
-3124.2655549229
-3124.2655182528
-3124.2656049834
-3124.2656928232
-3124.2656542335
-3124.2656624950
-3124.2655701799
-3124.2656209946
-3124.2657281429
-3124.2657198897
-3124.2657225374
-3124.2656744746
-3124.2656800485
-3124.2656765470
-3124.2656491507
-3124.2654520379
-3124.2656405991
-3124.2657147122
-3124.2656082255
-3124.2656124195
-3124.2655221029
-3124.2655933248
-3124.2657416559
-3124.2656712094
-3124.2655701771
-3124.2656174838
-3124.2656005246
-3124.2655832962
-3124.2656230888
-3124.2656463417
-3124.2657066560
-3124.2656430694
-3124.2656563970
-3124.2657071257
-3124.2655164116
-3124.2655108735
-3124.2655784241
-3124.2655210395
-3124.2654835957
-3124.2656015353
-3124.2654505303
-3124.2657600995
-3124.2655756971
-3124.2654688085
-3124.2656427852
-3124.2655762598
-3124.2656783540
-3124.2657219265
-3124.2654839153
-3124.2658491974
-3124.2656005893
-3124.2655990571
-3124.2656898842
-3124.2655666866
-3124.2657076582
-3124.2658498315
-3124.2656414229
-3124.2655712531
-3124.2656417963
-3124.2657851272
-3124.2656587959
-3124.2658438065
-3124.2657069155
-3124.2655693402
-3124.2657304409
-3124.2656236803
-3124.2653999303
-3124.2657320347
-3124.2656391730
-3124.2654661557
-3124.2656303909
-3124.2656595778
-3124.2655515823
-3124.2656985608
-3124.2655378200
-3124.2656850484
-3124.2656892452
-3124.2656234506
-3124.2657340486
-3124.2656183664
-3124.2655493496
-3124.2656182098
-3124.2656554200
-3124.2657034261
-3124.2656333390
-3124.2655860966
-3124.2655053471
-3124.2656907157
-3124.2658483921
-3124.2656560525
-3124.2656621950
-3124.2656138385
-3124.2656077589
-3124.2656610665
-3124.2655859079
-3124.2656385688
-3124.2656940274
-3124.2656705599
-3124.2655666628
-3124.2655984529
-3124.2656695948
-3124.2658477712
-3124.2654193794
-3124.2656088669
-3124.2655499148
-3124.2656055486
-3124.2656124016
-3124.2656748324
-3124.2656449045
-3124.2656995695
-3124.2656268515
-3124.2656262008
-3124.2657455905
-3124.2656618098
-3124.2656579833
-3124.2656401690
-3124.2655596222
-3124.2656737141
-3124.2656564295
-3124.2657124614
-3124.2657140547
-3124.2656648166
-3124.2657099966
-3124.2655873741
-3124.2657266510
-3124.2656759352
-3124.2656091589
-3124.2656563719
-3124.2657056037
-3124.2657064535
-3124.2656281898
-3124.2654903104
-3124.2658505184
-3124.2655877681
-3124.2657189777
-3124.2656677342
-3124.2656723188
-3124.2655718047
-3124.2656815061
-3124.2656350423
-3124.2657374962
-3124.2656544434
-3124.2655645688
-3124.2656156688
-3124.2655815731
-3124.2655368936
-3124.2656985220
-3124.2657136278
-3124.2656821773
-3124.2655330267
-3124.2655612679
-3124.2657241803
-3124.2657008549
-3124.2656201768
-3124.2656205820
-3124.2656312939
-3124.2656223392
-3124.2656266527
-3124.2656149237
-3124.2655868013
-3124.2656889339
-3124.2655604000
-3124.2656647368
-3124.2656903954
-3124.2657059073
-3124.2656483946
-3124.2655426193
-3124.2657023064
-3124.2656148867
-3124.2656528870
-3124.2655766989
-3124.2656140115
-3124.2656706400
-3124.2656049608
-3124.2655609921
-3124.2657304739
-3124.2656829240
-3124.2656180620
-3124.2656417536
-3124.2657621801
-3124.2655586647
-3124.2656592200
-3124.2656781490
-3124.2656273823
-3124.2655251166
-3124.2656252322
-3124.2656881002
-3124.2656104400
-3124.2656962250
-3124.2656943267
-3124.2656240093
-3124.2655982743
-3124.2657172120
-3124.2656592130
-3124.2655169267
-3124.2656874839
-3124.2656092098
-3124.2656446759
-3124.2656568726
-3124.2656115623
-3124.2656657781
-3124.2655423231
-3124.2657619236
-3124.2654891790
-3124.2656763738
-3124.2656565256
-3124.2656806432
-3124.2656186503
-3124.2655547976
-3124.2656848112
-3124.2657093943
-3124.2656174882
-3124.2657308122
-3124.2656224720
-3124.2655367733
-3124.2657717663
-3124.2656016974
-3124.2656632448
-3124.2656082907
-3124.2657282519
-3124.2656373065
-3124.2655369263
-3124.2656616798
-3124.2656403436
-3124.2656665040
-3124.2656432989
-3124.2655853856
-3124.2656628408
-3124.2657133674
-3124.2656503030
-3124.2657024845
-3124.2654831065
-3124.2655313612
-3124.2656491105
-3124.2656217365
-3124.2656776740
-3124.2655352570
-3124.2655730574
-3124.2655672067
-3124.2655480384
-3124.2657545212
-3124.2656687892
-3124.2658419382
-3124.2657274705
-3124.2655121211
-3124.2657238832
-3124.2655762898
-3124.2656213931
-3124.2656096832
-3124.2656859159
-3124.2656291214
-3124.2657080812
-3124.2656803096
-3124.2655977058
-3124.2656878771
-3124.2655866858
-3124.2656690361
-3124.2656261427
-3124.2657209459
-3124.2656085747
-3124.2656277544
-3124.2656046548
-3124.2656976077
-3124.2656560686
-3124.2656605434
-3124.2655979952
-3124.2654187907
-3124.2657713387
-3124.2656540079
-3124.2656499744
-3124.2655440694
-3124.2655273632
-3124.2657045113
-3124.2656326388
-3124.2656374191
-3124.2655907147
-3124.2657421269
-3124.2656708366
-3124.2655470188
-3124.2656861027
-3124.2656695039
-3124.2655966591
-3124.2655377548
-3124.2656267326
-3124.2656529045
-3124.2655969434
-3124.2657058750
-3124.2656616620
-3124.2656350603
-3124.2655603569
-3124.2657222688
-3124.2654925015
-3124.2656029794
-3124.2656287351
-3124.2654522249
-3124.2656801388
-3124.2656360720
-3124.2656373049
-3124.2655125196
-3124.2655244027
-3124.2656063404
-3124.2656879895
-3124.2655707612
-3124.2657683069
-3124.2655818430
-3124.2657080106
-3124.2656687317
-3124.2656942374
-3124.2656259914
-3124.2657062362
-3124.2656636286
-3124.2656247306
-3124.2654423832
-3124.2657380082
-3124.2656493371
-3124.2656582696
-3124.2655582434
-3124.2657149061
-3124.2655534416
-3124.2654360580
-3124.2656337975
-3124.2656765894
-3124.2656010568
-3124.2655861389
-3124.2656755174
-3124.2655458424
-3124.2655061524
-3124.2656421714
-3124.2655505665
-3124.2657041488
-3124.2656044872
-3124.2657516696
-3124.2656204781
-3124.2656330863
-3124.2657563901
-3124.2656017312
-3124.2657187726
-3124.2656094711
-3124.2658473973
-3124.2655167366
-3124.2656705076
-3124.2657325027
-3124.2656224304
-3124.2656690948
-3124.2657253440
-3124.2658529093
-3124.2655939049
-3124.2655737095
-3124.2657751911
-3124.2656140422
-3124.2656498855
-3124.2656057437
-3124.2655824722
-3124.2656095707
-3124.2656173771
-3124.2655125347
-3124.2656060890
-3124.2656336924
-3124.2656105343
-3124.2656538661
-3124.2655290608
-3124.2656034952
-3124.2656115881
-3124.2656004290
-3124.2657074610
-3124.2656120101
-3124.2656248335
-3124.2655170198
-3124.2655564543
-3124.2656400754
-3124.2655992052
-3124.2655907720
-3124.2656924903
-3124.2655527415
-3124.2656160651
-3124.2656981077
-3124.2655281922
-3124.2655773564
-3124.2657356217
-3124.2656943882
-3124.2657365689
-3124.2657392284
-3124.2655743049
-3124.2656058436
-3124.2655898946
-3124.2655926696
-3124.2655975094
-3124.2654751356
-3124.2655729945
-3124.2656229019
-3124.2655929867
-3124.2656874421
-3124.2656176708
-3124.2656268440
-3124.2657290076
-3124.2657017122
-3124.2656926401
-3124.2655454813
-3124.2654665661
-3124.2657166212
-3124.2656929217
-3124.2656207884
-3124.2656350600
-3124.2657280616
-3124.2657196997
-3124.2656003734
-3124.2656091546
-3124.2657001750
-3124.2656828857
-3124.2655242012
-3124.2656081126
-3124.2656716806
-3124.2656939185
-3124.2656468479
-3124.2655892703
-3124.2656167702
-3124.2655638406
-3124.2655995486
-3124.2656551858
-3124.2657723495
-3124.2656041487
-3124.2654454668
-3124.2657012579
-3124.2657471524
-3124.2655503968
-3124.2655870471
-3124.2656021923
-3124.2656049862
-3124.2657958048
-3124.2655108351
-3124.2656203215
-3124.2655581674
-3124.2656850703
-3124.2656776122
-3124.2657012652
-3124.2656884957
-3124.2654694344
-3124.2656525571
-3124.2656364695
-3124.2656488765
-3124.2656453071
-3124.2656697711
-3124.2655834831
-3124.2654233653
-3124.2654489552
-3124.2656149703
-3124.2656699866
-3124.2655832076
-3124.2656886257
-3124.2657139841
-3124.2655597910
-3124.2658019215
-3124.2656412665
-3124.2657952551
-3124.2656327532
-3124.2656527398
-3124.2657237381
-3124.2655828027
-3124.2656778080
-3124.2657531923
-3124.2656411260
-3124.2656632507
-3124.2655860147
-3124.2656513668
-3124.2655963790
-3124.2655978409
-3124.2656185084
-3124.2657373754
-3124.2655980556
-3124.2655615297
-3124.2656386861
-3124.2655573730
-3124.2655174677
-3124.2656480855
-3124.2657719743
-3124.2657003374
-3124.2655726938
-3124.2657246341
-3124.2656637109
-3124.2657082417
-3124.2657289280
-3124.2655570485
-3124.2655870301
-3124.2657824942
-3124.2656862529
-3124.2655896237
-3124.2656934008
-3124.2657954640
-3124.2656369283
-3124.2656617462
-3124.2656497903
-3124.2656696992
-3124.2656643580
-3124.2657169620
-3124.2656553162
-3124.2656059053
-3124.2656824530
-3124.2657155811
-3124.2656132040
-3124.2656515201
-3124.2656115357
-3124.2655958885
-3124.2657207432
-3124.2656145463
-3124.2657324611
-3124.2656651742
-3124.2655899184
-3124.2655798427
-3124.2656219613
-3124.2655943054
-3124.2656621993
-3124.2656442798
-3124.2656511686
-3124.2655515134
-3124.2657088011
-3124.2656610566
-3124.2657177249
-3124.2654207341
-3124.2656115437
-3124.2655313120
-3124.2655606252
-3124.2655644484
-3124.2656448140
-3124.2657340402
-3124.2656554042
-3124.2655216970
-3124.2656194095
-3124.2656050664
-3124.2656392458
-3124.2656214016
-3124.2656720104
-3124.2656174162
-3124.2656216241
-3124.2656800617
-3124.2656623600
-3124.2655430001
-3124.2656200414
-3124.2656378864
-3124.2655954148
-3124.2656169309
-3124.2656575611
-3124.2656145843
-3124.2656383859
-3124.2655952777
-3124.2656739174
-3124.2656098303
-3124.2656014101
-3124.2657467401
-3124.2657357326
-3124.2655800943
-3124.2655760461
-3124.2656944541
-3124.2656678964
-3124.2656196809
-3124.2655363078
-3124.2656728256
-3124.2656372721
-3124.2655685897
-3124.2657635795
-3124.2656080670
-3124.2656120709
-3124.2654925426
-3124.2656804609
-3124.2656854956
-3124.2656803553
-3124.2655768415
-3124.2657545236
-3124.2655284219
-3124.2654472143
-3124.2657163865
-3124.2657142194
-3124.2656648217
-3124.2655678222
-3124.2656092087
-3124.2657107452
-3124.2656737756
-3124.2655987057
-3124.2656051315
-3124.2654377356
-3124.2656069561
-3124.2658474271
-3124.2657385818
-3124.2656327703
-3124.2657789933
-3124.2657056932
-3124.2655513679
-3124.2656721136
-3124.2656607164
-3124.2655550478
-3124.2658436357
-3124.2655074752
-3124.2657212701
-3124.2657109693
-3124.2655691926
-3124.2655580901
-3124.2656718769
-3124.2657061859
-3124.2656545090
-3124.2656684491
-3124.2657504781
-3124.2656344731
-3124.2656650792
-3124.2654063139
-3124.2655635743
-3124.2656823913
-3124.2655204014
-3124.2656356276
-3124.2656347334
-3124.2656485573
-3124.2656066180
-3124.2655413429
-3124.2656737632
-3124.2654735903
-3124.2655853240
-3124.2656440808
-3124.2655797195
-3124.2654911156
-3124.2656465016
-3124.2657181805
-3124.2656836148
-3124.2655190002
-3124.2656528458
-3124.2656804994
-3124.2656127987
-3124.2656855607
-3124.2655667356
-3124.2656101843
-3124.2657025567
-3124.2655657758
-3124.2656612895
-3124.2657487900
-3124.2658469397
-3124.2656285854
-3124.2656157697
-3124.2656376873
-3124.2655520193
-3124.2656094443
-3124.2657202147
-3124.2656846291
-3124.2656816161
-3124.2656423123
-3124.2655916629
-3124.2655970037
-3124.2657751083
-3124.2657120906
-3124.2658447308
-3124.2655944800
-3124.2656209501
-3124.2656830621
-3124.2656179358
-3124.2655925879
-3124.2656599506
-3124.2655713061
-3124.2656099066
-3124.2655272428
-3124.2656580806
-3124.2656330074
-3124.2656326857
-3124.2656654431
-3124.2654921395
-3124.2656152260
-3124.2656725989
-3124.2656570831
-3124.2657270176
-3124.2656569726
-3124.2656880457
-3124.2657107093
-3124.2653663887
-3124.2656791520
-3124.2656648118
-3124.2657415812
-3124.2657022995
-3124.2655975657
-3124.2655581715
-3124.2656229928
-3124.2656397834
-3124.2655849300
-3124.2656241398
-3124.2656674569
-3124.2655407425
-3124.2655814048
-3124.2655248253
-3124.2656299524
-3124.2656435626
-3124.2657079863
-3124.2655890235
-3124.2655135842
-3124.2657190653
-3124.2657408735
-3124.2658477703
-3124.2656243199
-3124.2655907949
-3124.2656193211
-3124.2656953565
-3124.2656858443
-3124.2655383439
-3124.2657186153
-3124.2657834137
-3124.2657829530
-3124.2656765638
-3124.2657230294
-3124.2656179803
-3124.2656112409
-3124.2655281425
-3124.2655442723
-3124.2656809849
-3124.2657733675
-3124.2656611684
-3124.2657502465
-3124.2654958745
-3124.2656115394
-3124.2656287337
-3124.2657201555
-3124.2656560483
-3124.2656374326
-3124.2655158985
-3124.2655864216
-3124.2655866199
-3124.2656503401
-3124.2657190140
-3124.2657541929
-3124.2655941754
-3124.2656626988
-3124.2656966767
-3124.2658455631
-3124.2656956968
-3124.2658436872
-3124.2655774540
-3124.2656212676
-3124.2655427952
-3124.2655783991
-3124.2656962877
-3124.2657124328
-3124.2657623734
-3124.2655783743
-3124.2656787097
-3124.2656815333
-3124.2656821583
-3124.2655341261
-3124.2656784519
-3124.2656433407
-3124.2656500559
-3124.2656767450
-3124.2656691821
-3124.2657044971
-3124.2656640606
-3124.2655624068
-3124.2656455886
-3124.2655734563
-3124.2656804915
-3124.2655731936
-3124.2657264482
-3124.2657259919
-3124.2656490463
-3124.2657089698
-3124.2656004492
-3124.2656622912
-3124.2657799778
-3124.2656119292
-3124.2656743364
-3124.2656823829
-3124.2656007289
-3124.2655845345
-3124.2656292235
-3124.2656667953
-3124.2656031494
-3124.2655948777
-3124.2656380979
-3124.2656003143
-3124.2657096648
-3124.2655826313
-3124.2655249505
-3124.2655714234
-3124.2656312665
-3124.2656783595
-3124.2655254699
-3124.2655543037
-3124.2655088968
-3124.2657353370
-3124.2656304901
-3124.2654883442
-3124.2656007700
-3124.2655525532
-3124.2657512847
-3124.2656861113
-3124.2655584477
-3124.2656724890
-3124.2655257058
-3124.2656028005
-3124.2656705848
-3124.2657169114
-3124.2655199812
-3124.2656319257
-3124.2655764376
-3124.2656808678
-3124.2656112776
-3124.2656651744
-3124.2656415190
-3124.2657076163
-3124.2656412541
-3124.2656292397
-3124.2656543288
-3124.2656451575
-3124.2655710116
-3124.2656174598
-3124.2656567016
-3124.2656543786
-3124.2656181661
-3124.2656480817
-3124.2656057603
-3124.2655651173
-3124.2655373264
-3124.2655950947
-3124.2656737767
-3124.2655705467
-3124.2656553861
-3124.2656921670
-3124.2656014170
-3124.2655795740
-3124.2656968636
-3124.2655881713
-3124.2656232465
-3124.2655813566
-3124.2658461860
-3124.2655346885
-3124.2656098049
-3124.2655953517
-3124.2655117567
-3124.2658421222
-3124.2656714848
-3124.2655828346
-3124.2655700027
-3124.2656233208
-3124.2656285407
-3124.2656231446
-3124.2656910258
-3124.2654703749
-3124.2656823623
-3124.2656904657
-3124.2656256644
-3124.2655865652
-3124.2657134789
-3124.2656832255
-3124.2657048200
-3124.2656459680
-3124.2655729606
-3124.2655548734
-3124.2654722824
-3124.2656820772
-3124.2657206740
-3124.2656470304
-3124.2656814436
-3124.2655361420
-3124.2654851496
-3124.2657119438
-3124.2656529327
-3124.2656565127
-3124.2656544011
-3124.2657342646
-3124.2654812740
-3124.2654479452
-3124.2656869151
-3124.2656310163
-3124.2656034040
-3124.2656207788
-3124.2656853675
-3124.2656987754
-3124.2656142155
-3124.2656154079
-3124.2656925158
-3124.2656957681
-3124.2657247888
-3124.2656238726
-3124.2656398265
-3124.2656858279
-3124.2657231817
-3124.2656608990
-3124.2656326296
-3124.2655974314
-3124.2655630547
-3124.2654766350
-3124.2656826870
-3124.2656045427
-3124.2656270745
-3124.2655799952
-3124.2657097980
-3124.2656928838
-3124.2654803873
-3124.2656743923
-3124.2656442747
-3124.2655652127
-3124.2657390385
-3124.2657148022
-3124.2658430223
-3124.2656574602
-3124.2656410359
-3124.2657604850
-3124.2656065902
-3124.2656392160
-3124.2657720142
-3124.2657607756
-3124.2656231301
-3124.2656643960
-3124.2656228505
-3124.2656938779
-3124.2655589325
-3124.2657035320
-3124.2655247846
-3124.2655956342
-3124.2657138404
-3124.2656587262
-3124.2656907538
-3124.2655900057
-3124.2655942823
-3124.2655644558
-3124.2656008278
-3124.2655669118
-3124.2656234579
-3124.2655723031
-3124.2656431758
-3124.2656481383
-3124.2655718195
-3124.2656864746
-3124.2657014988
-3124.2656028960
-3124.2654407291
-3124.2655915754
-3124.2655108978
-3124.2656248308
-3124.2656046932
-3124.2656702880
-3124.2655639950
-3124.2657344207
-3124.2656009249
-3124.2655448061
-3124.2656784279
-3124.2656587735
-3124.2655628232
-3124.2656675667
-3124.2656557122
-3124.2656381400
-3124.2656811565
-3124.2657481106
-3124.2656990621
-3124.2656359140
-3124.2656225815
-3124.2655398786
-3124.2656103861
-3124.2656205648
-3124.2656385086
-3124.2656828909
-3124.2657455349
-3124.2655775902
-3124.2656880455
-3124.2655213617
-3124.2656082848
-3124.2655556294
-3124.2656669723
-3124.2654711348
-3124.2656889908
-3124.2656128110
-3124.2655466102
-3124.2655144389
-3124.2656672189
-3124.2656550822
-3124.2655482603
-3124.2657579850
-3124.2656120067
-3124.2656404240
-3124.2656472966
-3124.2658436666
-3124.2656265592
-3124.2656374356
-3124.2656521961
-3124.2656683301
-3124.2656470890
-3124.2656226488
-3124.2657353839
-3124.2656893218
-3124.2656719418
-3124.2655982868
-3124.2655477903
-3124.2656526287
-3124.2657702861
-3124.2656912382
-3124.2655869086
-3124.2656174698
-3124.2655678037
-3124.2655177311
-3124.2656692245
-3124.2655681995
-3124.2656249617
-3124.2656740233
-3124.2656340687
-3124.2655898955
-3124.2655679879
-3124.2656131320
-3124.2656760494
-3124.2655965652
-3124.2655676682
-3124.2656196153
-3124.2655209382
-3124.2657635151
-3124.2655345362
-3124.2655348781
-3124.2656045283
-3124.2658477811
-3124.2656740276
-3124.2656904788
-3124.2656560092
-3124.2656614151
-3124.2655395172
-3124.2655993433
-3124.2656457611
-3124.2655665084
-3124.2656285902
-3124.2656677608
-3124.2654777349
-3124.2656783023
-3124.2657143883
-3124.2656516260
-3124.2656762325
-3124.2656225129
-3124.2656970845
-3124.2657231808
-3124.2655800046
-3124.2655212934
-3124.2657198108
-3124.2655372351
-3124.2655892245
-3124.2657153856
-3124.2656694518
-3124.2656259307
-3124.2656646989
-3124.2655840270
-3124.2656470833
-3124.2655810552
-3124.2655761287
-3124.2656616181
-3124.2656701918
-3124.2657022522
-3124.2655221350
-3124.2656545442
-3124.2656309774
-3124.2656367986
-3124.2655487691
-3124.2658426812
-3124.2657488209
-3124.2655745393
-3124.2656395567
-3124.2656699423
-3124.2655861937
-3124.2656336354
-3124.2655190089
-3124.2656507470
-3124.2656945821
-3124.2657129569
-3124.2656520824
-3124.2655051662
-3124.2655729123
-3124.2656875530
-3124.2656393245
-3124.2656050893
-3124.2656670232
-3124.2656058069
-3124.2655050403
-3124.2657188065
-3124.2657178026
-3124.2655803267
-3124.2657139083
-3124.2656483775
-3124.2656815923
-3124.2657661136
-3124.2655329600
-3124.2656193542
-3124.2655310198
-3124.2655754358
-3124.2656964709
-3124.2656640998
-3124.2655717062
-3124.2655941486
-3124.2657449252
-3124.2656254287
-3124.2655347350
-3124.2656793429
-3124.2656437043
-3124.2655459234
-3124.2655966996
-3124.2656550326
-3124.2656170312
-3124.2656062418
-3124.2655109376
-3124.2655805504
-3124.2656316768
-3124.2656368083
-3124.2656061611
-3124.2656394477
-3124.2657875535
-3124.2657005596
-3124.2655998625
-3124.2655832316
-3124.2655644716
-3124.2656511924
-3124.2655735934
-3124.2655204724
-3124.2656960497
-3124.2656112958
-3124.2655915682
-3124.2655678487
-3124.2656231460
-3124.2656522468
-3124.2658452017
-3124.2656019980
-3124.2655969597
-3124.2657072075
-3124.2657271857
-3124.2656813859
-3124.2655364565
-3124.2655560571
-3124.2656993155
-3124.2656727503
-3124.2656808158
-3124.2657385392
-3124.2657170584
-3124.2656712917
-3124.2655920073
-3124.2656766872
-3124.2657544305
-3124.2656220921
-3124.2655979688
-3124.2656333083
-3124.2655133242
-3124.2657049315
-3124.2655982089
-3124.2656608106
-3124.2657058197
-3124.2656443366
-3124.2656602509
-3124.2656166369
-3124.2656474180
-3124.2656463816
-3124.2656899472
-3124.2655788663
-3124.2655913931
-3124.2656770825
-3124.2656602805
-3124.2656263234
-3124.2656316046
-3124.2656798117
-3124.2655786165
-3124.2654878074
-3124.2657419520
-3124.2656532954
-3124.2656465720
-3124.2656450493
-3124.2656457626
-3124.2656166748
-3124.2655905221
-3124.2657480705
-3124.2656898628
-3124.2656464228
-3124.2656725184
-3124.2656132583
-3124.2657525141
-3124.2656590464
-3124.2656436411
-3124.2655561549
-3124.2657976633
-3124.2655948699
-3124.2655499395
-3124.2655425502
-3124.2658479696
-3124.2656134251
-3124.2654748525
-3124.2656352621
-3124.2655067631
-3124.2656269069
-3124.2656449482
-3124.2655729149
-3124.2656020481
-3124.2657058659
-3124.2655628305
-3124.2656609079
-3124.2657370095
-3124.2655697431
-3124.2656242154
-3124.2655880458
-3124.2655569362
-3124.2656682199
-3124.2656480552
-3124.2657077746
-3124.2656025234
-3124.2656053967
-3124.2656303765
-3124.2656820929
-3124.2655730812
-3124.2654634522
-3124.2656547901
-3124.2656628721
-3124.2656699923
-3124.2656116602
-3124.2655668834
-3124.2655535215
-3124.2655591081
-3124.2656314182
-3124.2656289168
-3124.2656093338
-3124.2657169989
-3124.2655533450
-3124.2655247810
-3124.2656221100
-3124.2656389550
-3124.2655660594
-3124.2655425225
-3124.2656134562
-3124.2657659341
-3124.2656734637
-3124.2656189470
-3124.2657336900
-3124.2657907373
-3124.2656667664
-3124.2657166678
-3124.2657156637
-3124.2656602561
-3124.2656878186
-3124.2656737212
-3124.2656898865
-3124.2656836421
-3124.2656817229
-3124.2655462622
-3124.2656138966
-3124.2656134527
-3124.2654871861
-3124.2655858556
-3124.2656313223
-3124.2655126401
-3124.2656535391
-3124.2656786533
-3124.2656518809
-3124.2656983601
-3124.2655540586
-3124.2656358118
-3124.2656506585
-3124.2657081513
-3124.2657138839
-3124.2656465652
-3124.2655374234
-3124.2656199579
-3124.2655853147
-3124.2655863129
-3124.2657189209
-3124.2656471046
-3124.2657284503
-3124.2656323999
-3124.2656005390
-3124.2656786185
-3124.2657729533
-3124.2656107060
-3124.2656250003
-3124.2656211739
-3124.2656759289
-3124.2657574160
-3124.2658513861
-3124.2657058425
-3124.2657103407
-3124.2655037097
-3124.2655435359
-3124.2657110041
-3124.2656592232
-3124.2656873694
-3124.2656378172
-3124.2656647887
-3124.2657180535
-3124.2654955768
-3124.2656269215
-3124.2655656132
-3124.2655605673
-3124.2656447126
-3124.2656851017
-3124.2656560766
-3124.2655977015
-3124.2656691915
-3124.2656238678
-3124.2656070873
-3124.2655415148
-3124.2656481530
-3124.2657529992
-3124.2656903813
-3124.2656594409
-3124.2656355851
-3124.2656871772
-3124.2656760252
-3124.2656164372
-3124.2656496132
-3124.2656626765
-3124.2656573954
-3124.2657528557
-3124.2656107470
-3124.2656339686
-3124.2656958341
-3124.2656150656
-3124.2653981632
-3124.2657043995
-3124.2657294246
-3124.2656031909
-3124.2656275751
-3124.2656546740
-3124.2656769227
-3124.2655356806
-3124.2657473152
-3124.2656933698
-3124.2656618258
-3124.2655182887
-3124.2656386496
-3124.2656766918
-3124.2656838848
-3124.2656424304
-3124.2656049920
-3124.2656679624
-3124.2657058857
-3124.2656596717
-3124.2655834466
-3124.2657162474
-3124.2655283572
-3124.2655472907
-3124.2655999902
-3124.2655533610
-3124.2656062327
-3124.2656728039
-3124.2657035316
-3124.2655317309
-3124.2655599293
-3124.2655909514
-3124.2656100996
-3124.2656589949
-3124.2655033471
-3124.2657508345
-3124.2656649771
-3124.2656213635
-3124.2656584351
-3124.2655097009
-3124.2656149053
-3124.2657151187
-3124.2655740733
-3124.2655639770
-3124.2657401882
-3124.2656216227
-3124.2656091612
-3124.2656160787
-3124.2656367068
-3124.2654910843
-3124.2655544277
-3124.2657146741
-3124.2655844915
-3124.2656235931
-3124.2655755593
-3124.2654680451
-3124.2655701651
-3124.2656576963
-3124.2655466869
-3124.2656417273
-3124.2655794544
-3124.2654647471
-3124.2656323592
-3124.2656879688
-3124.2655767657
-3124.2656524567
-3124.2656562050
-3124.2656545814
-3124.2656981289
-3124.2655960114
-3124.2656738017
-3124.2655270942
-3124.2655658443
-3124.2654545120
-3124.2658493373
-3124.2656649972
-3124.2657780630
-3124.2655383853
-3124.2656200056
-3124.2655419319
-3124.2657607867
-3124.2657321228
-3124.2655881131
-3124.2656881014
-3124.2655861201
-3124.2656894942
-3124.2656553423
-3124.2655213986
-3124.2656858674
-3124.2656955139
-3124.2657083381
-3124.2655469051
-3124.2656447334
-3124.2657304314
-3124.2656431874
-3124.2657654630
-3124.2657088191
-3124.2656554042
-3124.2655315212
-3124.2655404425
-3124.2655972099
-3124.2655899436
-3124.2657553097
-3124.2656083063
-3124.2656100485
-3124.2656412013
-3124.2655511945
-3124.2655867265
-3124.2656193516
-3124.2657083849
-3124.2656666019
-3124.2656157031
-3124.2656823531
-3124.2654950616
-3124.2656700004
-3124.2656216974
-3124.2654554712
-3124.2656606788
-3124.2657675821
-3124.2654885005
-3124.2656784394
-3124.2657312677
-3124.2655426670
-3124.2658086630
-3124.2656153607
-3124.2656224841
-3124.2656008932
-3124.2657151359
-3124.2655249995
-3124.2656847880
-3124.2655948084
-3124.2656104384
-3124.2657272350
-3124.2656804879
-3124.2656330927
-3124.2656052084
-3124.2655767642
-3124.2656433756
-3124.2655150026
-3124.2655851314
-3124.2656696856
-3124.2655386918
-3124.2656203247
-3124.2656954467
-3124.2656409679
-3124.2658429405
-3124.2655530135
-3124.2656248327
-3124.2658474410
-3124.2655379181
-3124.2656518168
-3124.2657014524
-3124.2656927190
-3124.2656916770
-3124.2656832177
-3124.2658474714
-3124.2656388700
-3124.2656155739
-3124.2656235698
-3124.2656215581
-3124.2656470090
-3124.2656392599
-3124.2656239859
-3124.2656572787
-3124.2654985666
-3124.2656479764
-3124.2654831591
-3124.2656514175
-3124.2657290620
-3124.2658423966
-3124.2656749631
-3124.2656426625
-3124.2655977307
-3124.2656477159
-3124.2655959309
-3124.2656790020
-3124.2656830815
-3124.2656905700
-3124.2656066496
-3124.2656879644
-3124.2657532288
-3124.2656158486
-3124.2655943308
-3124.2655937833
-3124.2656115213
-3124.2655210477
-3124.2656935791
-3124.2655572829
-3124.2656895015
-3124.2656014765
-3124.2655927844
-3124.2656129068
-3124.2656522266
-3124.2657074430
-3124.2656402846
-3124.2656670562
-3124.2656285460
-3124.2656733011
-3124.2657365317
-3124.2655721226
-3124.2655621553
-3124.2656029052
-3124.2656288864
-3124.2655931847
-3124.2656247307
-3124.2656740579
-3124.2655922365
-3124.2657339373
-3124.2656199819
-3124.2655941635
-3124.2656807688
-3124.2657300475
-3124.2656211637
-3124.2656260061
-3124.2657562291
-3124.2656148041
-3124.2655185426
-3124.2656709218
-3124.2656744715
-3124.2654862191
-3124.2656513725
-3124.2656904413
-3124.2655984863
-3124.2654750491
-3124.2656461239
-3124.2656096714
-3124.2657429551
-3124.2657592645
-3124.2657118476
-3124.2657103252
-3124.2656798724
-3124.2658424274
-3124.2657044719
-3124.2656351169
-3124.2655835748
-3124.2656930137
-3124.2655155782
-3124.2657001053
-3124.2656364200
-3124.2657074481
-3124.2657330938
-3124.2657071401
-3124.2656528074
-3124.2656716685
-3124.2657303169
-3124.2655413861
-3124.2655921314
-3124.2657134887
-3124.2656149974
-3124.2656457598
-3124.2656542569
-3124.2657191042
-3124.2656963901
-3124.2656517357
-3124.2655475123
-3124.2655537350
-3124.2658496470
-3124.2653799109
-3124.2657415916
-3124.2657496100
-3124.2654436200
-3124.2656615490
-3124.2655637739
-3124.2656951670
-3124.2656380602
-3124.2656963265
-3124.2655305297
-3124.2656556348
-3124.2655570444
-3124.2656913855
-3124.2656361688
-3124.2655478863
-3124.2656496645
-3124.2656579186
-3124.2656615610
-3124.2657455497
-3124.2656240943
-3124.2656749065
-3124.2656308683
-3124.2656591326
-3124.2656775155
-3124.2655901132
-3124.2655605972
-3124.2656135625
-3124.2655382757
-3124.2655529040
-3124.2657268520
-3124.2655988661
-3124.2656476826
-3124.2656411881
-3124.2657351779
-3124.2655801637
-3124.2656621086
-3124.2656133341
-3124.2655408682
-3124.2655170101
-3124.2656342964
-3124.2656143858
-3124.2655592452
-3124.2656198367
-3124.2654777025
-3124.2656503724
-3124.2655662933
-3124.2655331358
-3124.2655483932
-3124.2657435615
-3124.2657516803
-3124.2656296995
-3124.2656117845
-3124.2655211276
-3124.2655537412
-3124.2656878270
-3124.2655536315
-3124.2656588077
-3124.2654936598
-3124.2656097849
-3124.2656672874
-3124.2656210990
-3124.2656260394
-3124.2656849498
-3124.2655817217
-3124.2656614291
-3124.2655516405
-3124.2657637433
-3124.2656815556
-3124.2658522886
-3124.2656214855
-3124.2656172332
-3124.2656430691
-3124.2657835910
-3124.2657374885
-3124.2657287786
-3124.2656445679
-3124.2655718848
-3124.2656095984
-3124.2655066590
-3124.2656395761
-3124.2656866220
-3124.2656678069
-3124.2657520985
-3124.2658392256
-3124.2657149611
-3124.2656219174
-3124.2656403035
-3124.2656410020
-3124.2656797092
-3124.2656078682
-3124.2656985496
-3124.2657831410
-3124.2654736185
-3124.2656995177
-3124.2656137085
-3124.2656740794
-3124.2656213416
-3124.2656073193
-3124.2655993298
-3124.2656319965
-3124.2655406070
-3124.2655781847
-3124.2657034866
-3124.2656380424
-3124.2655731662
-3124.2656427188
-3124.2657493275
-3124.2655896653
-3124.2656293333
-3124.2657136843
-3124.2655148649
-3124.2656425163
-3124.2656926789
-3124.2655969576
-3124.2657949179
-3124.2656388222
-3124.2655488688
-3124.2656742284
-3124.2656755011
-3124.2655565136
-3124.2655429336
-3124.2655465648
-3124.2656188533
-3124.2656396882
-3124.2657312325
-3124.2655845628
-3124.2656926105
-3124.2656726216
-3124.2657123944
-3124.2656966811
-3124.2657049827
-3124.2655694402
-3124.2657284042
-3124.2656703419
-3124.2655361239
-3124.2656000539
-3124.2656362794
-3124.2655257365
-3124.2655594033
-3124.2654897689
-3124.2657078031
-3124.2655848580
-3124.2655937238
-3124.2656716224
-3124.2658482195
-3124.2655613293
-3124.2657031576
-3124.2656828869
-3124.2654586659
-3124.2657242646
-3124.2656898835
-3124.2656772245
-3124.2657179653
-3124.2657439450
-3124.2655539732
-3124.2658447591
-3124.2656136988
-3124.2656493404
-3124.2655711426
-3124.2656671160
-3124.2655886275
-3124.2656210826
-3124.2657252884
-3124.2656616271
-3124.2655336059
-3124.2656421245
-3124.2656946705
-3124.2656970847
-3124.2656003419
-3124.2655871188
-3124.2655501066
-3124.2657662901
-3124.2656310375
-3124.2656639574
-3124.2655882408
-3124.2655148066
-3124.2658472344
-3124.2655809325
-3124.2656785569
-3124.2656615682
-3124.2656024627
-3124.2655329263
-3124.2657308271
-3124.2657250897
-3124.2654988461
-3124.2657018915
-3124.2656017019
-3124.2656684136
-3124.2656160996
-3124.2656427785
-3124.2658504291
-3124.2655305086
-3124.2656909036
-3124.2656370008
-3124.2656201877
-3124.2655288069
-3124.2657098773
-3124.2656245152
-3124.2655985216
-3124.2657024479
-3124.2655085362
-3124.2656871797
-3124.2656804217
-3124.2657759092
-3124.2655927380
-3124.2657646826
-3124.2655876203
-3124.2655890279
-3124.2655931503
-3124.2655809250
-3124.2657154727
-3124.2656233631
-3124.2656870477
-3124.2656569230
-3124.2655137726
-3124.2655738551
-3124.2655754060
-3124.2654647095
-3124.2655634181
-3124.2656991487
-3124.2658520750
-3124.2656803963
-3124.2656545572
-3124.2656939874
-3124.2655841463
-3124.2655854999
-3124.2654811555
-3124.2657167348
-3124.2655484879
-3124.2658526898
-3124.2655657022
-3124.2656745802
-3124.2656160047
-3124.2654934202
-3124.2655967467
-3124.2654609504
-3124.2655891116
-3124.2656025332
-3124.2656591600
-3124.2656741411
-3124.2656141302
-3124.2656441540
-3124.2656132126
-3124.2655357285
-3124.2656374227
-3124.2654927330
-3124.2656092784
-3124.2656631876
-3124.2657565084
-3124.2656485814
-3124.2657541085
-3124.2655504884
-3124.2656152681
-3124.2655531312
-3124.2656909785
-3124.2657333481
-3124.2655415737
-3124.2656432321
-3124.2655533988
-3124.2655675329
-3124.2655236050
-3124.2655740144
-3124.2655743524
-3124.2656846434
-3124.2654743549
-3124.2656376191
-3124.2656534609
-3124.2656936025
-3124.2656754743
-3124.2655628562
-3124.2656687279
-3124.2656945697
-3124.2656281014
-3124.2655950607
-3124.2655579587
-3124.2655824347
-3124.2654905674
-3124.2657112762
-3124.2656614385
-3124.2656786241
-3124.2656704302
-3124.2655640496
-3124.2656855503
-3124.2655579903
-3124.2656246288
-3124.2656947752
-3124.2656156275
-3124.2656309976
-3124.2655308979
-3124.2656106297
-3124.2657705324
-3124.2654762439
-3124.2654981271
-3124.2656486652
-3124.2656030102
-3124.2656240744
-3124.2656147545
-3124.2657220697
-3124.2657490192
-3124.2655455708
-3124.2654161260
-3124.2656133100
-3124.2657162281
-3124.2656454549
-3124.2656213579
-3124.2656531994
-3124.2657056326
-3124.2657248508
-3124.2657482515
-3124.2655888837
-3124.2655363017
-3124.2656331302
-3124.2655932306
-3124.2655920479
-3124.2656112486
-3124.2656760070
-3124.2656994423
-3124.2656785363
-3124.2656995601
-3124.2656821661
-3124.2657153921
-3124.2655409425
-3124.2656062785
-3124.2656203727
-3124.2656017681
-3124.2656534042
-3124.2657188424
-3124.2655869638
-3124.2655569408
-3124.2656332909
-3124.2656856947
-3124.2655352016
-3124.2657330010
-3124.2654661822
-3124.2655921160
-3124.2655799109
-3124.2657382422
-3124.2656908370
-3124.2656787202
-3124.2656521382
-3124.2656857832
-3124.2656323605
-3124.2656974131
-3124.2655327112
-3124.2656168121
-3124.2656636716
-3124.2656296435
-3124.2656124927
-3124.2655884945
-3124.2656676087
-3124.2656322645
-3124.2657514694
-3124.2655872543
-3124.2656229892
-3124.2656495846
-3124.2656740357
-3124.2657049434
-3124.2656042210
-3124.2655498949
-3124.2655413374
-3124.2656766201
-3124.2655880001
-3124.2654567207
-3124.2656479537
-3124.2655500834
-3124.2655755771
-3124.2654814591
-3124.2656732149
-3124.2655938175
-3124.2654705417
-3124.2655488923
-3124.2656870344
-3124.2655936240
-3124.2656245515
-3124.2656570961
-3124.2656669177
-3124.2656502845
-3124.2655975673
-3124.2656393746
-3124.2656496267
-3124.2656813629
-3124.2655659162
-3124.2655607797
-3124.2657140140
-3124.2655546956
-3124.2656753400
-3124.2656410396
-3124.2657275069
-3124.2655270278
-3124.2657508599
-3124.2656434093
-3124.2655421427
-3124.2656756256
-3124.2656920198
-3124.2657126688
-3124.2655427552
-3124.2655779773
-3124.2657288685
-3124.2656319225
-3124.2656852057
-3124.2655997014
-3124.2657633070
-3124.2656650367
-3124.2655741658
-3124.2656760058
-3124.2655917299
-3124.2657013034
-3124.2656679670
-3124.2656203194
-3124.2656758898
-3124.2656693900
-3124.2656685087
-3124.2657072011
-3124.2656999429
-3124.2657418093
-3124.2658456154
-3124.2657764168
-3124.2656778311
-3124.2656662020
-3124.2655932296
-3124.2656872618
-3124.2655052278
-3124.2657176554
-3124.2655802255
-3124.2656761650
-3124.2657700534
-3124.2655959219
-3124.2655967474
-3124.2656408623
-3124.2654705508
-3124.2654928997
-3124.2655956011
-3124.2658491444
-3124.2655630752
-3124.2657013420
-3124.2657905474
-3124.2655292193
-3124.2654689452
-3124.2655574011
-3124.2655372373
-3124.2656065078
-3124.2656350813
-3124.2656764922
-3124.2657522090
-3124.2656369563
-3124.2658475718
-3124.2657125472
-3124.2655357118
-3124.2656341201
-3124.2656328868
-3124.2655978112
-3124.2655423487
-3124.2656852067
-3124.2654966714
-3124.2655476685
-3124.2656339422
-3124.2657221358
-3124.2658040638
-3124.2655065952
-3124.2656051964
-3124.2654842315
-3124.2656236313
-3124.2656250086
-3124.2655916037
-3124.2656673103
-3124.2656058199
-3124.2656420630
-3124.2655524302
-3124.2657204117
-3124.2657179189
-3124.2656455334
-3124.2655499147
-3124.2656329101
-3124.2656921409
-3124.2656462351
-3124.2654926983
-3124.2658467424
-3124.2654238433
-3124.2656458287
-3124.2656743254
-3124.2654819540
-3124.2657037523
-3124.2656508275
-3124.2655482841
-3124.2655063168
-3124.2655969473
-3124.2656704472
-3124.2654477595
-3124.2656207179
-3124.2655093348
-3124.2656976163
-3124.2655969945
-3124.2656159705
-3124.2656561675
-3124.2656967661
-3124.2657214297
-3124.2655096008
-3124.2655759953
-3124.2655753984
-3124.2658449329
-3124.2657442924
-3124.2656862971
-3124.2656511867
-3124.2655549558
-3124.2656968667
-3124.2656720349
-3124.2656148798
-3124.2655976137
-3124.2655661730
-3124.2656725218
-3124.2655786565
-3124.2657281820
-3124.2657506448
-3124.2656329543
-3124.2655543313
-3124.2656367582
-3124.2656315616
-3124.2655607006
-3124.2655981149
-3124.2657068596
-3124.2655981298
-3124.2657329119
-3124.2656674510
-3124.2656854665
-3124.2656824062
-3124.2654814577
-3124.2655428671
-3124.2656708855
-3124.2655628008
-3124.2655356972
-3124.2657238139
-3124.2656163555
-3124.2656190431
-3124.2656265506
-3124.2656755461
-3124.2656398903
-3124.2657215406
-3124.2657202257
-3124.2656898511
-3124.2658458031
-3124.2656528283
-3124.2656199997
-3124.2656145763
-3124.2656013755
-3124.2656569030
-3124.2657153730
-3124.2655059530
-3124.2656304947
-3124.2657481264
-3124.2656215108
-3124.2656117229
-3124.2656968196
-3124.2656567246
-3124.2656188735
-3124.2656023936
-3124.2655500421
-3124.2656993266
-3124.2655821863
-3124.2655595648
-3124.2656481041
-3124.2656187311
-3124.2655876495
-3124.2656433268
-3124.2656399869
-3124.2656376017
-3124.2655433633
-3124.2656883223
-3124.2657423419
-3124.2655645697
-3124.2656796792
-3124.2656732948
-3124.2656421468
-3124.2655998260
-3124.2656332942
-3124.2655829744
-3124.2657685008
-3124.2655514322
-3124.2654602933
-3124.2655623086
-3124.2655036161
-3124.2657304303
-3124.2655289773
-3124.2656960337
-3124.2655032152
-3124.2656233672
-3124.2655984436
-3124.2656955867
-3124.2656157567
-3124.2656699663
-3124.2656151138
-3124.2658389036
-3124.2655516500
-3124.2655169897
-3124.2655954945
-3124.2655838167
-3124.2656028869
-3124.2656558826
-3124.2657215482
-3124.2655709552
-3124.2656124543
-3124.2656278786
-3124.2655278333
-3124.2655710367
-3124.2656524500
-3124.2655086414
-3124.2655941746
-3124.2656214832
-3124.2656184012
-3124.2656507139
-3124.2655679528
-3124.2656331437
-3124.2655789358
-3124.2658499907
-3124.2655404365
-3124.2655511240
-3124.2657552663
-3124.2654844425
-3124.2656984996
-3124.2656036875
-3124.2656387645
-3124.2656525605
-3124.2658490419
-3124.2656070308
-3124.2655595113
-3124.2654286577
-3124.2656976974
-3124.2655197429
-3124.2657223757
-3124.2656358807
-3124.2656322121
-3124.2657090899
-3124.2656252765
-3124.2655820701
-3124.2656561116
-3124.2655635726
-3124.2656310491
-3124.2657067163
-3124.2655982129
-3124.2655722206
-3124.2655929307
-3124.2656224037
-3124.2655889317
-3124.2657446500
-3124.2656929069
-3124.2655127537
-3124.2656600078
-3124.2656551552
-3124.2656800875
-3124.2655410443
-3124.2656200961
-3124.2655928204
-3124.2656243128
-3124.2655127302
-3124.2655607460
-3124.2656469175
-3124.2656018005
-3124.2656370331
-3124.2656892431
-3124.2655687827
-3124.2656525287
-3124.2657209613
-3124.2656388939
-3124.2656396655
-3124.2657703257
-3124.2655606297
-3124.2656513408
-3124.2657772895
-3124.2656716397
-3124.2656126688
-3124.2657726725
-3124.2656779358
-3124.2656703227
-3124.2657077182
-3124.2655765648
-3124.2655577075
-3124.2657304530
-3124.2656179192
-3124.2655316397
-3124.2657037873
-3124.2654925953
-3124.2655991067
-3124.2657094613
-3124.2656302165
-3124.2656626485
-3124.2656279893
-3124.2656778316
-3124.2655604084
-3124.2655462403
-3124.2657320430
-3124.2655904728
-3124.2656781682
-3124.2658520013
-3124.2655557433
-3124.2656238706
-3124.2655435272
-3124.2656705583
-3124.2655665052
-3124.2655785188
-3124.2656568428
-3124.2657239614
-3124.2656604845
-3124.2656769790
-3124.2655317907
-3124.2656291801
-3124.2657012180
-3124.2656464460
-3124.2656039170
-3124.2656531709
-3124.2656017380
-3124.2658462263
-3124.2654610613
-3124.2655950599
-3124.2655221812
-3124.2656840919
-3124.2656349996
-3124.2656736748
-3124.2657135352
-3124.2658509064
-3124.2655898940
-3124.2656796436
-3124.2656780709
-3124.2656355007
-3124.2657165988
-3124.2656154331
-3124.2655944239
-3124.2655723879
-3124.2656752115
-3124.2656103809
-3124.2655454696
-3124.2657594328
-3124.2656231342
-3124.2656579017
-3124.2656716589
-3124.2655869798
-3124.2658537314
-3124.2656277157
-3124.2656969695
-3124.2656076513
-3124.2656302524
-3124.2655174713
-3124.2656209354
-3124.2656398602
-3124.2656455768
-3124.2657533918
-3124.2656062444
-3124.2657371616
-3124.2655687795
-3124.2656248648
-3124.2657051205
-3124.2657933316
-3124.2655671178
-3124.2656228487
-3124.2656164811
-3124.2656108797
-3124.2656574120
-3124.2657553952
-3124.2656700528
-3124.2656164531
-3124.2655710946
-3124.2656924688
-3124.2655390967
-3124.2656028394
-3124.2656179545
-3124.2655626970
-3124.2655030576
-3124.2656269695
-3124.2656705348
-3124.2657097352
-3124.2657114616
-3124.2654727237
-3124.2655920633
-3124.2656255978
-3124.2655461450
-3124.2655926312
-3124.2656236457
-3124.2657733941
-3124.2656070455
-3124.2656857204
-3124.2655884931
-3124.2657516415
-3124.2656788244
-3124.2656237678
-3124.2656394430
-3124.2657031656
-3124.2656465168
-3124.2656200920
-3124.2656105165
-3124.2655225361
-3124.2656462645
-3124.2657625419
-3124.2655777054
-3124.2656306268
-3124.2653653086
-3124.2656094026
-3124.2656294868
-3124.2657239423
-3124.2656604783
-3124.2656438000
-3124.2656213353
-3124.2657053648
-3124.2655695674
-3124.2656980626
-3124.2656274147
-3124.2656937470
-3124.2656333728
-3124.2656426430
-3124.2655662905
-3124.2656959566
-3124.2655804587
-3124.2654780734
-3124.2656242158
-3124.2655929110
-3124.2655427301
-3124.2656109067
-3124.2656568645
-3124.2655648814
-3124.2657472333
-3124.2656918228
-3124.2655438263
-3124.2656971921
-3124.2656454039
-3124.2655893325
-3124.2656261013
-3124.2655095308
-3124.2656368275
-3124.2656434182
-3124.2657316884
-3124.2656213979
-3124.2655154076
-3124.2656555397
-3124.2656199901
-3124.2655801725
-3124.2657277668
-3124.2657283521
-3124.2655400545
-3124.2655944039
-3124.2656746949
-3124.2655343693
-3124.2656127316
-3124.2656170319
-3124.2656873872
-3124.2654960169
-3124.2656728413
-3124.2656184666
-3124.2656939181
-3124.2656963883
-3124.2656293501
-3124.2655096822
-3124.2656209168
-3124.2657030105
-3124.2656302248
-3124.2655395694
-3124.2655994201
-3124.2656568368
-3124.2655829761
-3124.2656261223
-3124.2656591630
-3124.2656135782
-3124.2656527710
-3124.2656892534
-3124.2656125909
-3124.2656732180
-3124.2656151255
-3124.2656954069
-3124.2656935648
-3124.2656228579
-3124.2655482639
-3124.2655974736
-3124.2656376901
-3124.2656025118
-3124.2656223638
-3124.2656247218
-3124.2656403689
-3124.2656352482
-3124.2654345400
-3124.2656136656
-3124.2655799855
-3124.2656054831
-3124.2656868210
-3124.2654836866
-3124.2656579756
-3124.2655499781
-3124.2656452055
-3124.2658531955
-3124.2656964492
-3124.2655497873
-3124.2656683255
-3124.2656528487
-3124.2656898913
-3124.2656656254
-3124.2655609470
-3124.2655740070
-3124.2657171304
-3124.2656049245
-3124.2657488877
-3124.2656424613
-3124.2656420237
-3124.2657294941
-3124.2657183656
-3124.2657018271
-3124.2655501079
-3124.2655981284
-3124.2657318821
-3124.2657506886
-3124.2655714440
-3124.2655877083
-3124.2656366740
-3124.2656457567
-3124.2656206086
-3124.2655852328
-3124.2655016670
-3124.2657479503
-3124.2656958773
-3124.2657830141
-3124.2655542663
-3124.2656708915
-3124.2656758447
-3124.2656060382
-3124.2655929253
-3124.2656589070
-3124.2657686163
-3124.2655010930
-3124.2656916378
-3124.2656052338
-3124.2655135010
-3124.2657635663
-3124.2656972724
-3124.2656815053
-3124.2655742284
-3124.2656287714
-3124.2656827246
-3124.2655443199
-3124.2655711369
-3124.2657097907
-3124.2657434656
-3124.2656532086
-3124.2656476050
-3124.2656689920
-3124.2656568173
-3124.2657477343
-3124.2657259954
-3124.2655888371
-3124.2656435746
-3124.2656292850
-3124.2655048904
-3124.2656543148
-3124.2654943341
-3124.2656226016
-3124.2656819852
-3124.2656559897
-3124.2656471542
-3124.2657187872
-3124.2656363201
-3124.2657084224
-3124.2656612655
-3124.2657094130
-3124.2655290931
-3124.2655743593
-3124.2656199687
-3124.2657107203
-3124.2655327741
-3124.2656114304
-3124.2656151902
-3124.2655358374
-3124.2655117237
-3124.2657358147
-3124.2655790511
-3124.2656997399
-3124.2656530470
-3124.2656738724
-3124.2656573038
-3124.2656122551
-3124.2656786654
-3124.2655995765
-3124.2655866303
-3124.2655939084
-3124.2657244201
-3124.2656016002
-3124.2657229942
-3124.2655871750
-3124.2657125419
-3124.2655574105
-3124.2655884907
-3124.2657176462
-3124.2655748826
-3124.2656228064
-3124.2657205322
-3124.2655445943
-3124.2654919373
-3124.2657210714
-3124.2656415032
-3124.2655847731
-3124.2656544272
-3124.2655524283
-3124.2655994341
-3124.2656355188
-3124.2656550843
-3124.2656168644
-3124.2655344667
-3124.2655875703
-3124.2656454668
-3124.2656192722
-3124.2655974960
-3124.2656363818
-3124.2656012561
-3124.2656619888
-3124.2657078410
-3124.2656972587
-3124.2655738117
-3124.2655729237
-3124.2655913532
-3124.2656601601
-3124.2656334118
-3124.2656411450
-3124.2656427996
-3124.2656450678
-3124.2657695351
-3124.2655726086
-3124.2655939696
-3124.2658518405
-3124.2656454322
-3124.2655515081
-3124.2656332141
-3124.2656814885
-3124.2658453983
-3124.2654170796
-3124.2655523902
-3124.2654748751
-3124.2656959553
-3124.2656236266
-3124.2655675409
-3124.2656010764
-3124.2654902679
-3124.2657359183
-3124.2656988128
-3124.2656586842
-3124.2655213682
-3124.2655768777
-3124.2654450509
-3124.2655948216
-3124.2656687457
-3124.2655842711
-3124.2656539577
-3124.2655879835
-3124.2655626082
-3124.2655079110
-3124.2654738878
-3124.2657016655
-3124.2656002492
-3124.2655243265
-3124.2655838465
-3124.2656479839
-3124.2657387059
-3124.2656583298
-3124.2656181290
-3124.2655309920
-3124.2656654727
-3124.2658026813
-3124.2658500880
-3124.2655563304
-3124.2655661987
-3124.2656489059
-3124.2655946537
-3124.2655105095
-3124.2656077221
-3124.2657389328
-3124.2657397287
-3124.2656703735
-3124.2656470132
-3124.2657150761
-3124.2656298691
-3124.2656752219
-3124.2655133441
-3124.2654941240
-3124.2656162521
-3124.2657120757
-3124.2655479671
-3124.2656667342
-3124.2655618189
-3124.2654537270
-3124.2655291492
-3124.2656756762
-3124.2655211611
-3124.2654746849
-3124.2655966332
-3124.2654334507
-3124.2657005384
-3124.2656513871
-3124.2656032680
-3124.2657360581
-3124.2654265217
-3124.2657080477
-3124.2657373881
-3124.2654636526
-3124.2655780996
-3124.2655235967
-3124.2655388025
-3124.2657188809
-3124.2656613319
-3124.2656329950
-3124.2656669414
-3124.2656143008
-3124.2656688450
-3124.2656601480
-3124.2655426687
-3124.2656263400
-3124.2656733791
-3124.2656971953
-3124.2655786742
-3124.2655774043
-3124.2655530140
-3124.2656586945
-3124.2656115813
-3124.2656634093
-3124.2656452934
-3124.2656321030
-3124.2657605114
-3124.2657119061
-3124.2656082196
-3124.2656021862
-3124.2656497158
-3124.2656918058
-3124.2656471486
-3124.2655932140
-3124.2655684321
-3124.2656725019
-3124.2657234936
-3124.2656321266
-3124.2655997571
-3124.2656141443
-3124.2657020706
-3124.2657470986
-3124.2656790687
-3124.2656072855
-3124.2656142415
-3124.2656605637
-3124.2657219034
-3124.2655556827
-3124.2655177007
-3124.2655617305
-3124.2656943429
-3124.2655379184
-3124.2656166318
-3124.2654243420
-3124.2656133265
-3124.2655357593
-3124.2655766719
-3124.2656892856
-3124.2656216277
-3124.2655719924
-3124.2657217152
-3124.2653951553
-3124.2656553725
-3124.2656910186
-3124.2656905137
-3124.2656149309
-3124.2656760345
-3124.2656740597
-3124.2656899758
-3124.2656988705
-3124.2656649061
-3124.2657517226
-3124.2657222006
-3124.2657473064
-3124.2656618307
-3124.2656760626
-3124.2657016770
-3124.2657135650
-3124.2655606755
-3124.2656131633
-3124.2655847080
-3124.2656413376
-3124.2657478426
-3124.2656396879
-3124.2656734690
-3124.2656803218
-3124.2656360540
-3124.2656034425
-3124.2656002768
-3124.2656247491
-3124.2657079860
-3124.2656293527
-3124.2655635612
-3124.2657044325
-3124.2656335522
-3124.2656625364
-3124.2656220415
-3124.2657359153
-3124.2654741098
-3124.2657145760
-3124.2656853892
-3124.2655614589
-3124.2655910733
-3124.2656414763
-3124.2655474870
-3124.2655872366
-3124.2655553214
-3124.2656933984
-3124.2657220154
-3124.2657088155
-3124.2655314690
-3124.2656791847
-3124.2656670401
-3124.2656014605
-3124.2657008922
-3124.2656227519
-3124.2656696815
-3124.2656956526
-3124.2656631808
-3124.2656261501
-3124.2656341295
-3124.2656898116
-3124.2656560003
-3124.2655860314
-3124.2657487846
-3124.2656492314
-3124.2656968937
-3124.2656508270
-3124.2657611796
-3124.2655375040
-3124.2655358638
-3124.2655992731
-3124.2657432391
-3124.2656979715
-3124.2656147745
-3124.2656145006
-3124.2655868930
-3124.2654855840
-3124.2656585841
-3124.2658509792
-3124.2656856124
-3124.2657417456
-3124.2656270664
-3124.2654769300
-3124.2656505036
-3124.2654949565
-3124.2654219330
-3124.2656704732
-3124.2656024090
-3124.2657435772
-3124.2655625146
-3124.2657039859
-3124.2656047889
-3124.2657505347
-3124.2657372813
-3124.2657291732
-3124.2656190083
-3124.2656850612
-3124.2655344368
-3124.2657323976
-3124.2656574757
-3124.2656280154
-3124.2656842733
-3124.2656568039
-3124.2656279881
-3124.2656030040
-3124.2654104102
-3124.2657112020
-3124.2656187924
-3124.2655932249
-3124.2655327423
-3124.2657597579
-3124.2655574755
-3124.2657056800
-3124.2655909958
-3124.2656574441
-3124.2654944368
-3124.2655830859
-3124.2657200359
-3124.2654277584
-3124.2656347226
-3124.2657249689
-3124.2655367857
-3124.2655068471
-3124.2657401244
-3124.2655718433
-3124.2656777617
-3124.2657377621
-3124.2655473622
-3124.2655367184
-3124.2656909838
-3124.2657589825
-3124.2655804352
-3124.2657120755
-3124.2656802026
-3124.2655817914
-3124.2656406805
-3124.2656049090
-3124.2655973842
-3124.2656631280
-3124.2656594186
-3124.2656224110
-3124.2655261353
-3124.2656956752
-3124.2656393605
-3124.2655818711
-3124.2656174820
-3124.2656628419
-3124.2655368713
-3124.2655931933
-3124.2656758522
-3124.2656644579
-3124.2657039917
-3124.2654928845
-3124.2655871491
-3124.2655451978
-3124.2655854119
-3124.2657237421
-3124.2657860768
-3124.2656987285
-3124.2657186580
-3124.2656540838
-3124.2655184663
-3124.2655085105
-3124.2655367534
-3124.2656890950
-3124.2655588589
-3124.2657036135
-3124.2654977294
-3124.2655933630
-3124.2656082628
-3124.2656915403
-3124.2656376202
-3124.2654855371
-3124.2655372839
-3124.2656264616
-3124.2654722792
-3124.2656913118
-3124.2656172714
-3124.2656104335
-3124.2656918815
-3124.2656144691
-3124.2656034133
-3124.2656218255
-3124.2656133670
-3124.2656024855
-3124.2655913166
-3124.2656347081
-3124.2656074233
-3124.2656009149
-3124.2655185661
-3124.2656239850
-3124.2656311638
-3124.2657289117
-3124.2656041319
-3124.2656723329
-3124.2655922764
-3124.2658496020
-3124.2656808401
-3124.2656248817
-3124.2657030413
-3124.2656489177
-3124.2658489919
-3124.2656898790
-3124.2656464179
-3124.2656364293
-3124.2656423572
-3124.2656300923
-3124.2658512542
-3124.2656570490
-3124.2655218133
-3124.2654859112
-3124.2657451027
-3124.2656960415
-3124.2656420861
-3124.2656363724
-3124.2655659737
-3124.2654889900
-3124.2655870579
-3124.2656203191
-3124.2656113281
-3124.2655959652
-3124.2657110952
-3124.2656090941
-3124.2657041432
-3124.2656720950
-3124.2656037014
-3124.2655219618
-3124.2657287854
-3124.2654671694
-3124.2656279097
-3124.2657168438
-3124.2655879733
-3124.2656492371
-3124.2655084794
-3124.2656747413
-3124.2656681348
-3124.2656660361
-3124.2656673514
-3124.2656300631
-3124.2655878545
-3124.2656285302
-3124.2655822253
-3124.2656024539
-3124.2655889983
-3124.2655872843
-3124.2658451558
-3124.2657016419
-3124.2657434627
-3124.2656731274
-3124.2655721002
-3124.2655601172
-3124.2655938077
-3124.2656663626
-3124.2655853331
-3124.2656186429
-3124.2656847109
-3124.2655527649
-3124.2654799783
-3124.2657492504
-3124.2655758853
-3124.2657535378
-3124.2657069416
-3124.2655178378
-3124.2656683199
-3124.2658137738
-3124.2655796538
-3124.2655688493
-3124.2656500694
-3124.2656287800
-3124.2656989677
-3124.2655721794
-3124.2656293618
-3124.2656019007
-3124.2656418744
-3124.2655901018
-3124.2656348290
-3124.2656951102
-3124.2656293549
-3124.2656511481
-3124.2657472316
-3124.2657495716
-3124.2656984918
-3124.2657278497
-3124.2658427356
-3124.2656310606
-3124.2656400250
-3124.2656500120
-3124.2656277902
-3124.2655666264
-3124.2656231018
-3124.2656555249
-3124.2658414903
-3124.2655434739
-3124.2657179424
-3124.2654945582
-3124.2657081735
-3124.2655741685
-3124.2655768091
-3124.2656399076
-3124.2657073821
-3124.2655860345
-3124.2655649089
-3124.2656664310
-3124.2655337006
-3124.2655781520
-3124.2656065315
-3124.2656245252
-3124.2657156441
-3124.2654769202
-3124.2655862166
-3124.2656478205
-3124.2655597906
-3124.2657205234
-3124.2657155262
-3124.2656511046
-3124.2656199311
-3124.2656986652
-3124.2655617959
-3124.2655317172
-3124.2657200610
-3124.2654853645
-3124.2656416151
-3124.2656869682
-3124.2657470764
-3124.2655090750
-3124.2656392395
-3124.2656674436
-3124.2656731224
-3124.2656611719
-3124.2655736378
-3124.2656081540
-3124.2656494767
-3124.2657229661
-3124.2655046983
-3124.2656652185
-3124.2656872644
-3124.2656035438
-3124.2656544117
-3124.2655310084
-3124.2655329581
-3124.2654619285
-3124.2655920884
-3124.2655219655
-3124.2656444197
-3124.2656466222
-3124.2656078334
-3124.2657107563
-3124.2657223452
-3124.2655147755
-3124.2655615944
-3124.2656227074
-3124.2656011946
-3124.2656130223
-3124.2657538779
-3124.2656249550
-3124.2656008174
-3124.2656327332
-3124.2656094995
-3124.2655794713
-3124.2655405156
-3124.2655798405
-3124.2656385382
-3124.2657077350
-3124.2655952349
-3124.2657100411
-3124.2654782145
-3124.2656404106
-3124.2656860407
-3124.2656765456
-3124.2655635902
-3124.2655601775
-3124.2656860362
-3124.2656899085
-3124.2658395323
-3124.2656924316
-3124.2657222475
-3124.2656743426
-3124.2656193776
-3124.2657032229
-3124.2657060473
-3124.2656416161
-3124.2656615072
-3124.2656070828
-3124.2658475837
-3124.2656992366
-3124.2656441345
-3124.2656901776
-3124.2655455759
-3124.2658441088
-3124.2657269479
-3124.2657380836
-3124.2656669374
-3124.2657110089
-3124.2656529839
-3124.2656771319
-3124.2657232625
-3124.2657245637
-3124.2655829175
-3124.2656664945
-3124.2656724187
-3124.2657394541
-3124.2655781075
-3124.2656988925
-3124.2658452782
-3124.2656775918
-3124.2656769708
-3124.2656910427
-3124.2656630038
-3124.2656573392
-3124.2655596438
-3124.2657223943
-3124.2656451876
-3124.2656930128
-3124.2656284249
-3124.2655377856
-3124.2656017781
-3124.2656335880
-3124.2656329136
-3124.2656582094
-3124.2655934969
-3124.2657109215
-3124.2655781808
-3124.2656465714
-3124.2656995143
-3124.2655421864
-3124.2656747113
-3124.2656747413
-3124.2656842136
-3124.2656263755
-3124.2655675251
-3124.2654941389
-3124.2656098167
-3124.2656076894
-3124.2655620736
-3124.2656485794
-3124.2655528306
-3124.2655914343
-3124.2655216882
-3124.2655680335
-3124.2656900450
-3124.2655645738
-3124.2654610367
-3124.2656070176
-3124.2656574806
-3124.2656212873
-3124.2656734720
-3124.2655744354
-3124.2656128950
-3124.2656746527
-3124.2655624188
-3124.2656109346
-3124.2656454375
-3124.2656159553
-3124.2656860642
-3124.2655544773
-3124.2655004197
-3124.2656372488
-3124.2657112300
-3124.2656440761
-3124.2655704284
-3124.2655361023
-3124.2655111665
-3124.2656689468
-3124.2656535439
-3124.2656484676
-3124.2657166359
-3124.2657808639
-3124.2656412412
-3124.2655358754
-3124.2655997623
-3124.2656549742
-3124.2655968251
-3124.2656880368
-3124.2656671037
-3124.2656712771
-3124.2656177654
-3124.2655992035
-3124.2656850616
-3124.2658472662
-3124.2655894396
-3124.2656285352
-3124.2656360200
-3124.2657234193
-3124.2656679102
-3124.2657821254
-3124.2655434469
-3124.2656534308
-3124.2656408773
-3124.2655836051
-3124.2656125255
-3124.2656713957
-3124.2656097043
-3124.2656369979
-3124.2655750262
-3124.2655487911
-3124.2656080027
-3124.2656263832
-3124.2655877175
-3124.2656602275
-3124.2655792138
-3124.2655208376
-3124.2655945077
-3124.2656589589
-3124.2655782540
-3124.2655049370
-3124.2655661074
-3124.2656815799
-3124.2655082566
-3124.2655542370
-3124.2655665329
-3124.2657297564
-3124.2656733271
-3124.2655070994
-3124.2658512528
-3124.2656942948
-3124.2655895995
-3124.2656522492
-3124.2657612136
-3124.2654507670
-3124.2656282694
-3124.2656384833
-3124.2656707934
-3124.2656281781
-3124.2656355051
-3124.2655865685
-3124.2655465189
-3124.2656935312
-3124.2657278457
-3124.2656365413
-3124.2655280010
-3124.2654947222
-3124.2656030242
-3124.2657679165
-3124.2655753372
-3124.2656393237
-3124.2655119248
-3124.2656899079
-3124.2656546932
-3124.2656123561
-3124.2656387396
-3124.2656955528
-3124.2656482979
-3124.2655474302
-3124.2656071431
-3124.2656323017
-3124.2656454381
-3124.2657210095
-3124.2656124341
-3124.2656992192
-3124.2657624373
-3124.2654931555
-3124.2655895881
-3124.2656971223
-3124.2656725297
-3124.2656382325
-3124.2656294142
-3124.2656864313
-3124.2657187719
-3124.2655831896
-3124.2655611133
-3124.2656905177
-3124.2656394444
-3124.2655805115
-3124.2658431074
-3124.2656623615
-3124.2656130467
-3124.2656729182
-3124.2657038275
-3124.2655490204
-3124.2656660698
-3124.2656062933
-3124.2658440007
-3124.2656779157
-3124.2655698145
-3124.2655922050
-3124.2654866687
-3124.2655715446
-3124.2656566857
-3124.2656952905
-3124.2658400428
-3124.2657353540
-3124.2656652105
-3124.2656669087
-3124.2654863970
-3124.2655904900
-3124.2657270115
-3124.2655278082
-3124.2657496536
-3124.2655288182
-3124.2655925206
-3124.2656664468
-3124.2656535040
-3124.2657307218
-3124.2657116257
-3124.2655411786
-3124.2656177195
-3124.2655643806
-3124.2656393155
-3124.2656174028
-3124.2656782076
-3124.2655793561
-3124.2656162766
-3124.2656231762
-3124.2656482921
-3124.2656636198
-3124.2655663929
-3124.2655572398
-3124.2656420904
-3124.2656748974
-3124.2657374663
-3124.2656535680
-3124.2656520196
-3124.2656002922
-3124.2656484192
-3124.2654881738
-3124.2653990782
-3124.2655870172
-3124.2655841111
-3124.2656382734
-3124.2656854501
-3124.2655429046
-3124.2657350505
-3124.2655937694
-3124.2656377562
-3124.2655534065
-3124.2656865577
-3124.2658460435
-3124.2657148223
-3124.2656284554
-3124.2656812459
-3124.2656239298
-3124.2655411746
-3124.2656674701
-3124.2656080531
-3124.2656379278
-3124.2655631247
-3124.2656506235
-3124.2657567878
-3124.2656419071
-3124.2657260480
-3124.2657974623
-3124.2656483665
-3124.2657109280
-3124.2657728806
-3124.2655525361
-3124.2656658139
-3124.2656119336
-3124.2655552648
-3124.2657197625
-3124.2656045629
-3124.2657226877
-3124.2656914197
-3124.2656097865
-3124.2655955005
-3124.2657228076
-3124.2657333417
-3124.2656434166
-3124.2656119651
-3124.2657133297
-3124.2655639879
-3124.2656741307
-3124.2657076997
-3124.2657276044
-3124.2657421787
-3124.2655431813
-3124.2655548614
-3124.2656121137
-3124.2655242429
-3124.2657384505
-3124.2656150008
-3124.2656225931
-3124.2656347211
-3124.2656144433
-3124.2656220368
-3124.2654822669
-3124.2656338813
-3124.2657481189
-3124.2654587032
-3124.2656307272
-3124.2655960970
-3124.2655990904
-3124.2656305662
-3124.2656610945
-3124.2656647394
-3124.2658486800
-3124.2656528368
-3124.2655029423
-3124.2654610171
-3124.2657399884
-3124.2656068549
-3124.2656255066
-3124.2656898358
-3124.2656179941
-3124.2656479996
-3124.2655678336
-3124.2657341697
-3124.2656269623
-3124.2656769436
-3124.2656322482
-3124.2657456625
-3124.2656673229
-3124.2656155142
-3124.2658488748
-3124.2655932536
-3124.2656439057
-3124.2656736585
-3124.2657055092
-3124.2656353764
-3124.2656333052
-3124.2656294343
-3124.2657112174
-3124.2656262601
-3124.2658467845
-3124.2657536597
-3124.2655746011
-3124.2656956444
-3124.2656127131
-3124.2656310315
-3124.2656945309
-3124.2656668647
-3124.2655376377
-3124.2656557545
-3124.2655596496
-3124.2656073626
-3124.2656689412
-3124.2657139522
-3124.2656295516
-3124.2655636950
-3124.2656062187
-3124.2657420527
-3124.2656081062
-3124.2656565336
-3124.2655405150
-3124.2656445405
-3124.2657089840
-3124.2656014444
-3124.2656254538
-3124.2656203049
-3124.2656591568
-3124.2656062534
-3124.2655400772
-3124.2655783998
-3124.2656661138
-3124.2658404781
-3124.2655296356
-3124.2657364747
-3124.2656596278
-3124.2655971510
-3124.2656086686
-3124.2655135406
-3124.2656934054
-3124.2656966547
-3124.2656153148
-3124.2654907182
-3124.2656828025
-3124.2657366480
-3124.2656488995
-3124.2655575507
-3124.2656664842
-3124.2657557527
-3124.2655866427
-3124.2655740235
-3124.2656563024
-3124.2655990624
-3124.2656295027
-3124.2656626094
-3124.2655154113
-3124.2656347288
-3124.2655323579
-3124.2657270366
-3124.2658500843
-3124.2655494473
-3124.2656830747
-3124.2656916881
-3124.2656664477
-3124.2656552508
-3124.2656094951
-3124.2656837920
-3124.2657003743
-3124.2655890534
-3124.2655977771
-3124.2656720888
-3124.2656343434
-3124.2655695596
-3124.2655661506
-3124.2656403967
-3124.2655781001
-3124.2656712601
-3124.2655960994
-3124.2655605790
-3124.2655967854
-3124.2656577238
-3124.2656385126
-3124.2656294540
-3124.2655966788
-3124.2655493045
-3124.2655448828
-3124.2657270095
-3124.2656695872
-3124.2656884086
-3124.2656308838
-3124.2656470663
-3124.2656570243
-3124.2655472234
-3124.2656069795
-3124.2656052749
-3124.2656206221
-3124.2656631962
-3124.2657358044
-3124.2654977043
-3124.2657173181
-3124.2655116701
-3124.2657855526
-3124.2657269324
-3124.2655909615
-3124.2657164880
-3124.2657405836
-3124.2656930512
-3124.2658478164
-3124.2656336325
-3124.2656098892
-3124.2656934208
-3124.2656209104
-3124.2656451027
-3124.2656946285
-3124.2656154730
-3124.2655371830
-3124.2656642190
-3124.2657152491
-3124.2657092832
-3124.2656596308
-3124.2656893130
-3124.2654456416
-3124.2655754667
-3124.2655605039
-3124.2657710129
-3124.2656336709
-3124.2657266677
-3124.2655754796
-3124.2656231404
-3124.2656215733
-3124.2656490608
-3124.2656619524
-3124.2657574203
-3124.2656716418
-3124.2656073768
-3124.2657468529
-3124.2656837820
-3124.2656794052
-3124.2656102189
-3124.2657383764
-3124.2654816245
-3124.2656926998
-3124.2656582938
-3124.2656730622
-3124.2657164949
-3124.2655081796
-3124.2656190743
-3124.2656870155
-3124.2656120694
-3124.2656165984
-3124.2656403755
-3124.2655778563
-3124.2657092415
-3124.2655224707
-3124.2656831697
-3124.2654750830
-3124.2656347102
-3124.2657673941
-3124.2656737217
-3124.2655906079
-3124.2658443186
