-3124.2658865340
-3124.2658820946
-3124.2645344706
-3124.2632126123
-3124.2633780434
-3124.2651096090
-3124.2627261404
-3124.2633553849
-3124.2649782049
-3124.2616173294
-3124.2630073817
-3124.2620911847
-3124.2608831042
-3124.2644176095
-3124.2640913800
-3124.2646968208
-3124.2646204627
-3124.2639518777
-3124.2617043663
-3124.2616652695
-3124.2637617769
-3124.2631921380
-3124.2634081278
-3124.2653340612
-3124.2655638657
-3124.2652196165
-3124.2653959382
-3124.2653360749
-3124.2655803281
-3124.2655645248
-3124.2654009154
-3124.2655110139
-3124.2610704529
-3124.2602682183
-3124.2570806123
-3124.2622820310
-3124.2602871165
-3124.2656322357
-3124.2655156492
-3124.2658150865
-3124.2661031589
-3124.2660418624
-3124.2655971714
-3124.2655568278
-3124.2654899991
-3124.2651238817
-3124.2655556942
-3124.2651791522
-3124.2654059775
-3124.2656949177
-3124.2654103063
-3124.2655554648
-3124.2656462180
-3124.2651922512
-3124.2655704344
-3124.2652918595
-3124.2653084154
-3124.2655898390
-3124.2650689380
-3124.2654549519
-3124.2655686834
-3124.2657378505
-3124.2656611400
-3124.2653312623
-3124.2656309275
-3124.2657065047
-3124.2655793324
-3124.2655484294
-3124.2653618278
-3124.2652399160
-3124.2651894625
-3124.2654825649
-3124.2658966580
-3124.2658875262
-3124.2659103338
-3124.2658852725
-3124.2658841332
-3124.2658812817
-3124.2659233419
-3124.2658858049
-3124.2658975127
-3124.2659169005
-3124.2658863090
-3124.2659185834
-3124.2658894420
-3124.2658901872
-3124.2658957672
-3124.2659072086
-3124.2658880829
-3124.2659145401
-3124.2659131064
-3124.2658927052
-3124.2653205140
-3124.2655341218
-3124.2653000783
-3124.2658095050
-3124.2651747365
-3124.2656303684
-3124.2651481705
-3124.2656302837
-3124.2655403436
-3124.2657008376
-3124.2655878503
-3124.2652535177
-3124.2654640054
-3124.2655547915
-3124.2656837844
-3124.2651519812
-3124.2654858646
-3124.2654961801
-3124.2656736776
-3124.2656281579
-3124.2654363845
-3124.2654671687
-3124.2656525771
-3124.2649854060
-3124.2655138897
-3124.2655713818
-3124.2653550790
-3124.2653180698
-3124.2654099068
-3124.2651900392
-3124.2656877584
-3124.2654640300
-3124.2654559264
-3124.2654248099
-3124.2655861205
-3124.2656623319
-3124.2654436627
-3124.2653016454
-3124.2656621173
-3124.2653142703
-3124.2653747668
-3124.2656774009
-3124.2651709770
-3124.2651715939
-3124.2654788283
-3124.2653541609
-3124.2654504316
-3124.2654036836
-3124.2655383314
-3124.2653359836
-3124.2653486459
-3124.2650817841
-3124.2653757759
-3124.2654534280
-3124.2652867236
-3124.2654756229
-3124.2657171876
-3124.2657531024
-3124.2657072651
-3124.2657693789
-3124.2653681701
-3124.2654002244
-3124.2656088846
-3124.2655527182
-3124.2654908953
-3124.2653328588
-3124.2651871735
-3124.2652671566
-3124.2654590981
-3124.2655354128
-3124.2652141178
-3124.2655566207
-3124.2653493534
-3124.2648326863
-3124.2653805880
-3124.2655524799
-3124.2652641267
-3124.2651163625
-3124.2654664659
-3124.2654423063
-3124.2650161443
-3124.2657241239
-3124.2656692338
-3124.2656861264
-3124.2652932688
-3124.2652230228
-3124.2657135083
-3124.2654274342
-3124.2654655756
-3124.2653542753
-3124.2653620599
-3124.2656325540
-3124.2656166341
-3124.2655520112
-3124.2655953010
-3124.2654176428
-3124.2652290246
-3124.2651264255
-3124.2656893872
-3124.2652999932
-3124.2653504912
-3124.2653790822
-3124.2652659361
-3124.2653353835
-3124.2649912979
-3124.2655143281
-3124.2652676757
-3124.2655325858
-3124.2652661316
-3124.2654418594
-3124.2655113017
-3124.2655461079
-3124.2654703154
-3124.2654310929
-3124.2655000516
-3124.2653857578
-3124.2657721899
-3124.2654996129
-3124.2656539668
-3124.2656299039
-3124.2654169803
-3124.2653143090
-3124.2654233845
-3124.2656878728
-3124.2655142934
-3124.2653721342
-3124.2652827585
-3124.2652787412
-3124.2654232440
-3124.2656313635
-3124.2658683373
-3124.2656428911
-3124.2654259593
-3124.2651784137
-3124.2654990693
-3124.2654578449
-3124.2656732307
-3124.2655841956
-3124.2652444858
-3124.2653408935
-3124.2654228549
-3124.2657403679
-3124.2653061237
-3124.2655217986
-3124.2656056806
-3124.2655390733
-3124.2658890536
-3124.2656888065
-3124.2657585768
-3124.2654849616
-3124.2650933638
-3124.2655241330
-3124.2656459452
-3124.2653893707
-3124.2655177811
-3124.2652786692
-3124.2654947762
-3124.2654069811
-3124.2656383075
-3124.2656688816
-3124.2655642522
-3124.2651893296
-3124.2652872028
-3124.2653154044
-3124.2655245488
-3124.2653753770
-3124.2653452949
-3124.2652577801
-3124.2656108739
-3124.2653794526
-3124.2656548204
-3124.2655114696
-3124.2653823116
-3124.2655877798
-3124.2650548347
-3124.2656226277
-3124.2656743218
-3124.2654428173
-3124.2650739967
-3124.2655776306
-3124.2654233193
-3124.2656765443
-3124.2654789586
-3124.2654343363
-3124.2655981865
-3124.2654983484
-3124.2654852022
-3124.2655557908
-3124.2654443699
-3124.2654006775
-3124.2657089593
-3124.2656590744
-3124.2653727534
-3124.2653629606
-3124.2654526619
-3124.2655412184
-3124.2651366343
-3124.2652791337
-3124.2656447264
-3124.2652159707
-3124.2655049239
-3124.2654044345
-3124.2653679084
-3124.2653673249
-3124.2654560909
-3124.2656331466
-3124.2654208760
-3124.2655302378
-3124.2653088227
-3124.2657569830
-3124.2654362507
-3124.2654625470
-3124.2654186920
-3124.2654754763
-3124.2652793359
-3124.2653132707
-3124.2655100932
-3124.2653155651
-3124.2654065989
-3124.2653152712
-3124.2656404830
-3124.2655387448
-3124.2653451106
-3124.2655917488
-3124.2655663005
-3124.2653420405
-3124.2652914327
-3124.2653646454
-3124.2656677088
-3124.2653524630
-3124.2653798162
-3124.2654675325
-3124.2655347139
-3124.2655126905
-3124.2654461679
-3124.2652686755
-3124.2654235286
-3124.2652703005
-3124.2652522817
-3124.2654867609
-3124.2656492898
-3124.2654656305
-3124.2653753038
-3124.2653231322
-3124.2658966181
-3124.2651917510
-3124.2653376854
-3124.2654066594
-3124.2652287767
-3124.2651902144
-3124.2656276585
-3124.2652558422
-3124.2651458561
-3124.2658963371
-3124.2656404474
-3124.2652793115
-3124.2654767852
-3124.2654971158
-3124.2653493336
-3124.2653396722
-3124.2653506232
-3124.2651552425
-3124.2652780647
-3124.2652870324
-3124.2653628260
-3124.2653549720
-3124.2652258370
-3124.2655245724
-3124.2655055797
-3124.2651255614
-3124.2653240525
-3124.2655528088
-3124.2651556460
-3124.2653042754
-3124.2653816535
-3124.2647802788
-3124.2651153345
-3124.2656367061
-3124.2653249893
-3124.2654543064
-3124.2654523102
-3124.2651839765
-3124.2653918039
-3124.2649696229
-3124.2655114678
-3124.2653788613
-3124.2658865016
-3124.2654450845
-3124.2655510248
-3124.2655466912
-3124.2656242751
-3124.2653748899
-3124.2653764113
-3124.2653903555
-3124.2655011931
-3124.2652376375
-3124.2650742285
-3124.2656152775
-3124.2656053620
-3124.2654624156
-3124.2656309286
-3124.2654738007
-3124.2654361585
-3124.2649742593
-3124.2654820211
-3124.2655435198
-3124.2653758254
-3124.2654360377
-3124.2652620879
-3124.2653158189
-3124.2659095773
-3124.2657646869
-3124.2655043715
-3124.2655150232
-3124.2653027074
-3124.2652956347
-3124.2649918328
-3124.2653577436
-3124.2655862914
-3124.2656785145
-3124.2655589266
-3124.2654779729
-3124.2654177969
-3124.2652664691
-3124.2654152452
-3124.2655092187
-3124.2656008549
-3124.2656557591
-3124.2656352049
-3124.2654850295
-3124.2656378268
-3124.2656864984
-3124.2656534525
-3124.2653190488
-3124.2656981022
-3124.2651471662
-3124.2654996202
-3124.2652977842
-3124.2654454998
-3124.2654279774
-3124.2653746053
-3124.2655543164
-3124.2653390311
-3124.2654949721
-3124.2653960303
-3124.2656777731
-3124.2652661641
-3124.2651977758
-3124.2658068523
-3124.2656152518
-3124.2653579579
-3124.2655143221
-3124.2653580361
-3124.2655224793
-3124.2650700402
-3124.2654676973
-3124.2655948161
-3124.2654018473
-3124.2652911570
-3124.2652989250
-3124.2654029627
-3124.2653289443
-3124.2656140102
-3124.2653091672
-3124.2654824530
-3124.2655338024
-3124.2653064955
-3124.2655783393
-3124.2654145165
-3124.2656831754
-3124.2655663757
-3124.2657911408
-3124.2653316411
-3124.2654354566
-3124.2654151342
-3124.2654192173
-3124.2651983928
-3124.2658994265
-3124.2655050681
-3124.2652192332
-3124.2651201397
-3124.2657242992
-3124.2654728883
-3124.2653500741
-3124.2657248917
-3124.2655590069
-3124.2654036494
-3124.2653482986
-3124.2652196203
-3124.2653037772
-3124.2652177856
-3124.2653156396
-3124.2651506612
-3124.2654066060
-3124.2652988420
-3124.2652602465
-3124.2651949249
-3124.2654133236
-3124.2654543652
-3124.2654315855
-3124.2656317506
-3124.2659009679
-3124.2654587845
-3124.2654469856
-3124.2655425625
-3124.2654104249
-3124.2653642583
-3124.2650828532
-3124.2657784491
-3124.2655522523
-3124.2651663862
-3124.2654299365
-3124.2655112660
-3124.2655943162
-3124.2655306073
-3124.2655006544
-3124.2654019061
-3124.2652985614
-3124.2657615491
-3124.2652776342
-3124.2656137240
-3124.2655665403
-3124.2652366866
-3124.2653457732
-3124.2652775612
-3124.2654764476
-3124.2651611819
-3124.2655923709
-3124.2653030341
-3124.2651253729
-3124.2655202323
-3124.2652284856
-3124.2655019869
-3124.2654423410
-3124.2656025753
-3124.2654255026
-3124.2654941348
-3124.2652795352
-3124.2652521434
-3124.2652072734
-3124.2653574290
-3124.2658083275
-3124.2654742562
-3124.2656564511
-3124.2655833377
-3124.2654712715
-3124.2657679132
-3124.2652851216
-3124.2652751262
-3124.2655790782
-3124.2655256266
-3124.2653038860
-3124.2658828243
-3124.2654623265
-3124.2654795494
-3124.2658822802
-3124.2650620892
-3124.2655300105
-3124.2654378645
-3124.2655453208
-3124.2653970411
-3124.2656271413
-3124.2654014758
-3124.2652429164
-3124.2656679807
-3124.2654880585
-3124.2653077627
-3124.2656605523
-3124.2653556099
-3124.2654053962
-3124.2656152831
-3124.2651495940
-3124.2655316435
-3124.2656488180
-3124.2657318278
-3124.2651886041
-3124.2659123458
-3124.2653813026
-3124.2654899428
-3124.2656085684
-3124.2654985368
-3124.2654563575
-3124.2653923734
-3124.2656639449
-3124.2654448614
-3124.2653147695
-3124.2654214382
-3124.2655089548
-3124.2655559438
-3124.2656173545
-3124.2653848412
-3124.2654066278
-3124.2653429433
-3124.2655210170
-3124.2656076311
-3124.2652798507
-3124.2655674616
-3124.2653064599
-3124.2655221125
-3124.2655110825
-3124.2653645998
-3124.2654813868
-3124.2651549522
-3124.2649095858
-3124.2652105566
-3124.2656353576
-3124.2651908468
-3124.2655717937
-3124.2654560923
-3124.2653829423
-3124.2650417479
-3124.2654622696
-3124.2653449576
-3124.2653746522
-3124.2653380708
-3124.2654287539
-3124.2651389074
-3124.2653845461
-3124.2658320595
-3124.2650984861
-3124.2656124779
-3124.2659224133
-3124.2657881912
-3124.2652106431
-3124.2653597997
-3124.2655979744
-3124.2659114151
-3124.2655327382
-3124.2655743733
-3124.2655969414
-3124.2651869961
-3124.2654367837
-3124.2653599807
-3124.2653525421
-3124.2656083839
-3124.2655685161
-3124.2651761829
-3124.2652321878
-3124.2653627901
-3124.2654250293
-3124.2659017117
-3124.2654929279
-3124.2657654647
-3124.2654516980
-3124.2651318926
-3124.2656323919
-3124.2655838473
-3124.2654376682
-3124.2652074349
-3124.2653806606
-3124.2657693243
-3124.2657608299
-3124.2653895436
-3124.2655103487
-3124.2653704641
-3124.2652954312
-3124.2652914824
-3124.2653010223
-3124.2652626240
-3124.2653365474
-3124.2654460264
-3124.2655529419
-3124.2651489950
-3124.2655405846
-3124.2653084938
-3124.2654488390
-3124.2654374550
-3124.2654564691
-3124.2652049523
-3124.2654206392
-3124.2654080067
-3124.2655717563
-3124.2654722815
-3124.2655708555
-3124.2652551973
-3124.2654539983
-3124.2656824615
-3124.2656898180
-3124.2652815908
-3124.2656745787
-3124.2655454165
-3124.2654412283
-3124.2652482526
-3124.2656019310
-3124.2653174766
-3124.2649370084
-3124.2654905358
-3124.2653542463
-3124.2653689482
-3124.2650786247
-3124.2657557701
-3124.2655992339
-3124.2654587873
-3124.2653435773
-3124.2655928108
-3124.2652476029
-3124.2653959038
-3124.2652848743
-3124.2653153858
-3124.2654347125
-3124.2655188625
-3124.2653679725
-3124.2652547000
-3124.2654814624
-3124.2653483563
-3124.2658954178
-3124.2654586171
-3124.2655642264
-3124.2654813731
-3124.2659133117
-3124.2655271245
-3124.2653066920
-3124.2654730876
-3124.2653992099
-3124.2654373926
-3124.2654046979
-3124.2655633236
-3124.2654311339
-3124.2654479013
-3124.2652093994
-3124.2652437891
-3124.2654621354
-3124.2654546367
-3124.2651391005
-3124.2654709591
-3124.2655410889
-3124.2654090291
-3124.2652889848
-3124.2649731685
-3124.2655855757
-3124.2654314455
-3124.2648889890
-3124.2654144610
-3124.2656252211
-3124.2652680068
-3124.2652798936
-3124.2653662882
-3124.2651445675
-3124.2656173176
-3124.2653313830
-3124.2655706189
-3124.2656176312
-3124.2654262525
-3124.2655317048
-3124.2651775861
-3124.2655681376
-3124.2654800121
-3124.2655148056
-3124.2654487795
-3124.2654991276
-3124.2652675743
-3124.2652790609
-3124.2654593707
-3124.2654722667
-3124.2650918257
-3124.2654016018
-3124.2652833164
-3124.2652861559
-3124.2650399183
-3124.2653554791
-3124.2652031925
-3124.2656327304
-3124.2653682051
-3124.2652820766
-3124.2652915265
-3124.2656622205
-3124.2655584321
-3124.2651651028
-3124.2658705614
-3124.2653944659
-3124.2656714758
-3124.2655719458
-3124.2655089215
-3124.2656005840
-3124.2652401820
-3124.2654681243
-3124.2659864224
-3124.2655215455
-3124.2657031386
-3124.2655414032
-3124.2650596949
-3124.2652005118
-3124.2655422994
-3124.2653206061
-3124.2654083396
-3124.2657768062
-3124.2652696424
-3124.2654568154
-3124.2654649569
-3124.2656943136
-3124.2651985716
-3124.2651732766
-3124.2654651491
-3124.2654912280
-3124.2655403710
-3124.2652638494
-3124.2652751719
-3124.2655576396
-3124.2655204330
-3124.2653318754
-3124.2654743900
-3124.2651218459
-3124.2654692749
-3124.2648722461
-3124.2654378129
-3124.2654388945
-3124.2652614743
-3124.2654747605
-3124.2652362213
-3124.2652154752
-3124.2655952901
-3124.2654991678
-3124.2653143104
-3124.2653297117
-3124.2653902018
-3124.2651670188
-3124.2658986365
-3124.2652737300
-3124.2653864757
-3124.2653233872
-3124.2654005328
-3124.2654577296
-3124.2652923844
-3124.2654075938
-3124.2656537361
-3124.2652699223
-3124.2654208760
-3124.2656436773
-3124.2654198519
-3124.2653000679
-3124.2654637592
-3124.2653270711
-3124.2652506049
-3124.2649862363
-3124.2651973639
-3124.2655912540
-3124.2656903762
-3124.2656395410
-3124.2653042598
-3124.2654630990
-3124.2652512323
-3124.2653270505
-3124.2654844661
-3124.2653573076
-3124.2653745485
-3124.2657102057
-3124.2653522507
-3124.2652868956
-3124.2654135435
-3124.2651490040
-3124.2654549151
-3124.2654961415
-3124.2653342086
-3124.2656629406
-3124.2658757758
-3124.2657227133
-3124.2651046674
-3124.2655512164
-3124.2654168764
-3124.2654111448
-3124.2656701559
-3124.2654445573
-3124.2653809125
-3124.2654186021
-3124.2656351060
-3124.2653984918
-3124.2655691669
-3124.2654684331
-3124.2656051943
-3124.2651360621
-3124.2655237279
-3124.2654615692
-3124.2653917566
-3124.2654535256
-3124.2657539935
-3124.2654866488
-3124.2656116183
-3124.2652125008
-3124.2653889992
-3124.2653721274
-3124.2655314848
-3124.2654150336
-3124.2653363694
-3124.2650623582
-3124.2654940503
-3124.2655133243
-3124.2652751593
-3124.2654077635
-3124.2657183637
-3124.2657477864
-3124.2654232156
-3124.2653527542
-3124.2658904655
-3124.2651809770
-3124.2655862364
-3124.2654724891
-3124.2653626944
-3124.2652936696
-3124.2655991131
-3124.2650314884
-3124.2654063518
-3124.2657016320
-3124.2651584365
-3124.2654980794
-3124.2652132381
-3124.2654545179
-3124.2653368421
-3124.2655732261
-3124.2658458406
-3124.2651796122
-3124.2651683697
-3124.2659149638
-3124.2656575005
-3124.2658867612
-3124.2653845033
-3124.2653170151
-3124.2656467652
-3124.2655605798
-3124.2655370999
-3124.2657543639
-3124.2657837961
-3124.2653302356
-3124.2656876564
-3124.2651946902
-3124.2656137455
-3124.2651159067
-3124.2655498185
-3124.2651771174
-3124.2656159691
-3124.2652948388
-3124.2652720983
-3124.2655446485
-3124.2652451015
-3124.2659238172
-3124.2658035827
-3124.2654651736
-3124.2656128191
-3124.2656033188
-3124.2654640705
-3124.2658773711
-3124.2651605822
-3124.2655566687
-3124.2656828263
-3124.2657172084
-3124.2656779563
-3124.2656699780
-3124.2656518246
-3124.2656246069
-3124.2654205198
-3124.2652156591
-3124.2654232974
-3124.2654034615
-3124.2653669060
-3124.2653175720
-3124.2656238874
-3124.2656144923
-3124.2654189390
-3124.2653216038
-3124.2654158125
-3124.2654967137
-3124.2652510378
-3124.2656088128
-3124.2654306029
-3124.2653718912
-3124.2655288461
-3124.2656251104
-3124.2655191715
-3124.2652276894
-3124.2654159027
-3124.2656237475
-3124.2655252893
-3124.2656689439
-3124.2654609349
-3124.2654751724
-3124.2653328920
-3124.2654774337
-3124.2654985857
-3124.2654577736
-3124.2656082784
-3124.2653042001
-3124.2654423086
-3124.2650519115
-3124.2653902116
-3124.2656137853
-3124.2653476812
-3124.2657407092
-3124.2652837495
-3124.2657161937
-3124.2653262541
-3124.2654030864
-3124.2652589392
-3124.2652376711
-3124.2656508226
-3124.2648881274
-3124.2653807421
-3124.2654770673
-3124.2653905438
-3124.2654329303
-3124.2658432866
-3124.2654220438
-3124.2653510548
-3124.2652742498
-3124.2656407065
-3124.2653906619
-3124.2652334877
-3124.2655610344
-3124.2653440704
-3124.2654428545
-3124.2651113882
-3124.2656532660
-3124.2657021081
-3124.2656531236
-3124.2654122074
-3124.2655914407
-3124.2652238591
-3124.2654637312
-3124.2656463425
-3124.2654021574
-3124.2649995424
-3124.2653449898
-3124.2656391944
-3124.2650263142
-3124.2652672048
-3124.2658282119
-3124.2652251189
-3124.2656286224
-3124.2652474924
-3124.2652547135
-3124.2652523762
-3124.2656093164
-3124.2656258198
-3124.2655453688
-3124.2654723491
-3124.2657389891
-3124.2653547912
-3124.2651926169
-3124.2653857393
-3124.2653089653
-3124.2657139183
-3124.2653285794
-3124.2654980327
-3124.2656316635
-3124.2653190980
-3124.2655548311
-3124.2652377590
-3124.2654651160
-3124.2652794157
-3124.2652161669
-3124.2651031589
-3124.2653005065
-3124.2655687737
-3124.2655917843
-3124.2654904797
-3124.2653434679
-3124.2655306378
-3124.2655340735
-3124.2656070815
-3124.2655537566
-3124.2654142113
-3124.2655189041
-3124.2652376016
-3124.2657339179
-3124.2654864527
-3124.2653184941
-3124.2651174750
-3124.2652822373
-3124.2655097383
-3124.2654254614
-3124.2652732878
-3124.2652015908
-3124.2652995594
-3124.2656746058
-3124.2655191474
-3124.2657060886
-3124.2651878290
-3124.2652720706
-3124.2655741900
-3124.2652044922
-3124.2652389143
-3124.2654380254
-3124.2650937516
-3124.2651503904
-3124.2656074367
-3124.2655598191
-3124.2653183747
-3124.2654040540
-3124.2654954284
-3124.2651821098
-3124.2651816570
-3124.2652847149
-3124.2657239986
-3124.2654037346
-3124.2654200854
-3124.2653662257
-3124.2654954359
-3124.2655460001
-3124.2654979000
-3124.2652444618
-3124.2650280124
-3124.2657688455
-3124.2651703855
-3124.2651076783
-3124.2653443858
-3124.2652512921
-3124.2654554898
-3124.2657306031
-3124.2653764078
-3124.2655750318
-3124.2652401640
-3124.2656043726
-3124.2655355907
-3124.2653958110
-3124.2653854160
-3124.2651926840
-3124.2651681491
-3124.2651364441
-3124.2656158316
-3124.2653729955
-3124.2653701897
-3124.2652589160
-3124.2656126673
-3124.2655242405
-3124.2656919562
-3124.2655627329
-3124.2654394371
-3124.2656121437
-3124.2654019681
-3124.2654691939
-3124.2650472103
-3124.2656141014
-3124.2656324228
-3124.2652863987
-3124.2655816121
-3124.2652568560
-3124.2654439753
-3124.2656583897
-3124.2655460945
-3124.2653872966
-3124.2655007892
-3124.2654334679
-3124.2653604178
-3124.2653853684
-3124.2653063392
-3124.2655159279
-3124.2653407458
-3124.2656495904
-3124.2654222591
-3124.2650976867
-3124.2653926147
-3124.2651666900
-3124.2652506410
-3124.2650270918
-3124.2652908434
-3124.2650832346
-3124.2658076126
-3124.2652555853
-3124.2652090682
-3124.2655112996
-3124.2652979711
-3124.2655714366
-3124.2658068899
-3124.2650489908
-3124.2659153214
-3124.2653947200
-3124.2654997858
-3124.2655819938
-3124.2653776800
-3124.2655616714
-3124.2658934669
-3124.2656266988
-3124.2650905685
-3124.2654314829
-3124.2656098266
-3124.2653451235
-3124.2658921309
-3124.2654802796
-3124.2655580326
-3124.2656447954
-3124.2653105608
-3124.2649962987
-3124.2657132230
-3124.2652295968
-3124.2649488298
-3124.2654787415
-3124.2652931365
-3124.2652593002
-3124.2656124467
-3124.2654948934
-3124.2653705382
-3124.2656306686
-3124.2653348569
-3124.2656147039
-3124.2651640106
-3124.2651869947
-3124.2655863738
-3124.2655285907
-3124.2656005752
-3124.2654858846
-3124.2654026985
-3124.2652116780
-3124.2654781313
-3124.2659241656
-3124.2656712206
-3124.2652889382
-3124.2652352672
-3124.2653684617
-3124.2653538877
-3124.2653473849
-3124.2654501037
-3124.2656738030
-3124.2656613784
-3124.2653458854
-3124.2652546467
-3124.2654411548
-3124.2658920356
-3124.2649545326
-3124.2654594849
-3124.2652504754
-3124.2652444783
-3124.2652319691
-3124.2656693856
-3124.2654062483
-3124.2654380879
-3124.2654412500
-3124.2652959781
-3124.2655686687
-3124.2654781757
-3124.2655511027
-3124.2653053298
-3124.2651386420
-3124.2653906346
-3124.2656486245
-3124.2657619276
-3124.2656464774
-3124.2657106404
-3124.2657307978
-3124.2653940571
-3124.2657099189
-3124.2655438905
-3124.2654480308
-3124.2652951694
-3124.2656639828
-3124.2653977841
-3124.2653718987
-3124.2653207325
-3124.2658854868
-3124.2654519761
-3124.2657044043
-3124.2654830738
-3124.2655679779
-3124.2653577756
-3124.2654536438
-3124.2653120318
-3124.2655018245
-3124.2654713755
-3124.2654187767
-3124.2655683323
-3124.2655075548
-3124.2651572499
-3124.2654697913
-3124.2655645570
-3124.2654242721
-3124.2653285810
-3124.2652472184
-3124.2656502375
-3124.2655915694
-3124.2652622974
-3124.2654979144
-3124.2654337826
-3124.2654957553
-3124.2653998676
-3124.2652460574
-3124.2654530978
-3124.2655201687
-3124.2654342513
-3124.2654519863
-3124.2655497703
-3124.2654922724
-3124.2654681531
-3124.2652067800
-3124.2657058063
-3124.2653458876
-3124.2654743603
-3124.2652290846
-3124.2653612526
-3124.2654387906
-3124.2652744934
-3124.2653716971
-3124.2657822552
-3124.2655752881
-3124.2653325208
-3124.2653016355
-3124.2655094675
-3124.2651781071
-3124.2655363567
-3124.2654383603
-3124.2653687782
-3124.2651461930
-3124.2654687955
-3124.2654794464
-3124.2654849704
-3124.2656129785
-3124.2656860244
-3124.2652302748
-3124.2654481458
-3124.2654592369
-3124.2655581883
-3124.2650888165
-3124.2654197837
-3124.2654808439
-3124.2652808010
-3124.2656946285
-3124.2651920586
-3124.2654298004
-3124.2653442815
-3124.2657301118
-3124.2651344982
-3124.2653977867
-3124.2653987313
-3124.2658342410
-3124.2654192327
-3124.2651566754
-3124.2655254302
-3124.2655601060
-3124.2653459648
-3124.2654553088
-3124.2654342464
-3124.2652037570
-3124.2658029796
-3124.2654152673
-3124.2654958354
-3124.2653498529
-3124.2657658682
-3124.2655528660
-3124.2653560691
-3124.2655091117
-3124.2654479205
-3124.2655561016
-3124.2655253141
-3124.2654986467
-3124.2654068057
-3124.2655503172
-3124.2654944728
-3124.2655845913
-3124.2649423903
-3124.2651677246
-3124.2653220596
-3124.2653491322
-3124.2655394697
-3124.2651968513
-3124.2653498142
-3124.2653234649
-3124.2652247405
-3124.2656060647
-3124.2654613797
-3124.2658877289
-3124.2657866567
-3124.2653297671
-3124.2656556401
-3124.2652642227
-3124.2651981075
-3124.2654037991
-3124.2655581092
-3124.2652759220
-3124.2656100945
-3124.2654370547
-3124.2654931947
-3124.2656853945
-3124.2652762283
-3124.2653739311
-3124.2653541584
-3124.2654583260
-3124.2653314053
-3124.2654377252
-3124.2652247656
-3124.2655561587
-3124.2655345737
-3124.2653700319
-3124.2654656191
-3124.2649559272
-3124.2656817732
-3124.2653719198
-3124.2655244442
-3124.2651883217
-3124.2652147797
-3124.2656435477
-3124.2654241826
-3124.2656510500
-3124.2653283231
-3124.2656519586
-3124.2654986647
-3124.2654270063
-3124.2657562977
-3124.2658515098
-3124.2654429916
-3124.2653055342
-3124.2653570824
-3124.2653668243
-3124.2652489991
-3124.2656817734
-3124.2654050911
-3124.2653910767
-3124.2653807403
-3124.2655554000
-3124.2650625009
-3124.2653237318
-3124.2654717885
-3124.2650212231
-3124.2656424910
-3124.2655082475
-3124.2652611014
-3124.2651751330
-3124.2653107194
-3124.2654175838
-3124.2655676216
-3124.2652979134
-3124.2657822283
-3124.2652599441
-3124.2656303345
-3124.2655361275
-3124.2655855917
-3124.2652549113
-3124.2655761205
-3124.2653876827
-3124.2653928477
-3124.2648618757
-3124.2657681497
-3124.2655901088
-3124.2655192523
-3124.2652748452
-3124.2656011351
-3124.2653232970
-3124.2651287857
-3124.2652946962
-3124.2656598366
-3124.2654058724
-3124.2651189917
-3124.2654786687
-3124.2653415972
-3124.2652175865
-3124.2656013309
-3124.2653766891
-3124.2654439984
-3124.2654059753
-3124.2656695190
-3124.2654626946
-3124.2654518819
-3124.2657514858
-3124.2653766319
-3124.2655211433
-3124.2653543027
-3124.2658679585
-3124.2654035094
-3124.2655126884
-3124.2658128680
-3124.2654229565
-3124.2653542977
-3124.2659077970
-3124.2659144181
-3124.2651702145
-3124.2650773651
-3124.2658559869
-3124.2654123324
-3124.2654452128
-3124.2654141291
-3124.2652523769
-3124.2654866880
-3124.2653717745
-3124.2650448178
-3124.2652583086
-3124.2653461737
-3124.2654827366
-3124.2655484064
-3124.2650251914
-3124.2652863702
-3124.2654278797
-3124.2654659851
-3124.2656359420
-3124.2653537376
-3124.2654446264
-3124.2654304396
-3124.2651323282
-3124.2654080837
-3124.2652240682
-3124.2651816769
-3124.2656400684
-3124.2652688490
-3124.2655513679
-3124.2656057668
-3124.2651369613
-3124.2654183678
-3124.2657723424
-3124.2656901795
-3124.2655738402
-3124.2654825416
-3124.2652639094
-3124.2652189951
-3124.2653987977
-3124.2655046918
-3124.2653161862
-3124.2649643919
-3124.2652490019
-3124.2654948840
-3124.2653524285
-3124.2654832950
-3124.2652687734
-3124.2655112749
-3124.2657504327
-3124.2655792308
-3124.2654350352
-3124.2653885183
-3124.2649174189
-3124.2655988283
-3124.2654546682
-3124.2654510885
-3124.2654597679
-3124.2657809265
-3124.2657381542
-3124.2652312801
-3124.2653693825
-3124.2656618132
-3124.2655723328
-3124.2650887512
-3124.2655606839
-3124.2655973122
-3124.2655905640
-3124.2654228268
-3124.2651816218
-3124.2655459396
-3124.2653654584
-3124.2653302005
-3124.2653972654
-3124.2657280773
-3124.2654895594
-3124.2650622773
-3124.2655690626
-3124.2656498376
-3124.2653295527
-3124.2652106964
-3124.2654757344
-3124.2652625836
-3124.2657687823
-3124.2652518368
-3124.2654188197
-3124.2653308571
-3124.2654265921
-3124.2655168235
-3124.2654106900
-3124.2654796274
-3124.2650176958
-3124.2654438022
-3124.2653184318
-3124.2654500091
-3124.2656987262
-3124.2654333711
-3124.2654585033
-3124.2650218633
-3124.2649369258
-3124.2652722004
-3124.2655637585
-3124.2654029108
-3124.2654699818
-3124.2656242199
-3124.2652784871
-3124.2657647815
-3124.2652677355
-3124.2658090097
-3124.2652620574
-3124.2653916338
-3124.2656884407
-3124.2653879962
-3124.2653564024
-3124.2658284032
-3124.2653532842
-3124.2654412951
-3124.2652768668
-3124.2653165211
-3124.2655219801
-3124.2651107873
-3124.2653766466
-3124.2656788364
-3124.2652280076
-3124.2652869757
-3124.2653082940
-3124.2652161764
-3124.2650521563
-3124.2653530849
-3124.2657483125
-3124.2655481615
-3124.2653112021
-3124.2657795755
-3124.2655198092
-3124.2655044232
-3124.2656484863
-3124.2654825968
-3124.2653057540
-3124.2657339127
-3124.2655343189
-3124.2652901956
-3124.2655748845
-3124.2658400504
-3124.2653014367
-3124.2654836541
-3124.2654862511
-3124.2653401961
-3124.2655485210
-3124.2657819963
-3124.2656480392
-3124.2654832140
-3124.2655169404
-3124.2656860946
-3124.2655423614
-3124.2655862293
-3124.2652963250
-3124.2652086547
-3124.2656328009
-3124.2654247024
-3124.2657187258
-3124.2655609383
-3124.2654997030
-3124.2653971548
-3124.2655230052
-3124.2654734861
-3124.2654499526
-3124.2651468164
-3124.2656008893
-3124.2651489729
-3124.2657003322
-3124.2654129024
-3124.2655177094
-3124.2648920671
-3124.2655927917
-3124.2653090233
-3124.2653230649
-3124.2652387563
-3124.2652940109
-3124.2655578477
-3124.2656495542
-3124.2651527302
-3124.2653375638
-3124.2652418934
-3124.2653536758
-3124.2655786032
-3124.2656784525
-3124.2653232875
-3124.2653075722
-3124.2655753821
-3124.2653353582
-3124.2653012921
-3124.2652888761
-3124.2654247408
-3124.2654446089
-3124.2655480361
-3124.2653260506
-3124.2653423566
-3124.2655502564
-3124.2653732040
-3124.2656120971
-3124.2652142031
-3124.2653395050
-3124.2656211728
-3124.2656317566
-3124.2653490247
-3124.2652836390
-3124.2655009511
-3124.2653512278
-3124.2653287214
-3124.2651708002
-3124.2653745982
-3124.2654430659
-3124.2651772830
-3124.2657503571
-3124.2652922213
-3124.2653898600
-3124.2650709282
-3124.2655027687
-3124.2653456096
-3124.2656035490
-3124.2654321906
-3124.2655082862
-3124.2653082236
-3124.2652199598
-3124.2656577342
-3124.2657494145
-3124.2654822881
-3124.2651979601
-3124.2653759879
-3124.2654834160
-3124.2657738637
-3124.2651807456
-3124.2653871459
-3124.2649922647
-3124.2653290566
-3124.2658992542
-3124.2656880638
-3124.2654070370
-3124.2657926018
-3124.2655340115
-3124.2651538197
-3124.2656123187
-3124.2655507281
-3124.2654023127
-3124.2659014586
-3124.2651591678
-3124.2656748199
-3124.2656311378
-3124.2651140784
-3124.2652318971
-3124.2655427495
-3124.2654325263
-3124.2654143149
-3124.2653874365
-3124.2655074914
-3124.2655038482
-3124.2655444001
-3124.2649224730
-3124.2652629511
-3124.2654452411
-3124.2652253605
-3124.2654135642
-3124.2653588504
-3124.2656396150
-3124.2653705053
-3124.2653903498
-3124.2657183073
-3124.2651027124
-3124.2652564012
-3124.2652921496
-3124.2652268341
-3124.2652104935
-3124.2653876219
-3124.2654180097
-3124.2654510700
-3124.2654600104
-3124.2654171524
-3124.2655690220
-3124.2653273053
-3124.2655663079
-3124.2653371363
-3124.2656195566
-3124.2655810392
-3124.2652673302
-3124.2654104377
-3124.2657917323
-3124.2658933147
-3124.2654912676
-3124.2655801038
-3124.2654287565
-3124.2652506716
-3124.2654153804
-3124.2655504213
-3124.2653899908
-3124.2655007067
-3124.2655757210
-3124.2653648226
-3124.2653488415
-3124.2657032137
-3124.2656514273
-3124.2659074360
-3124.2653684362
-3124.2652960674
-3124.2656324119
-3124.2653777425
-3124.2655201528
-3124.2655682055
-3124.2651860376
-3124.2653037494
-3124.2653636042
-3124.2654801581
-3124.2653893315
-3124.2653796309
-3124.2653061154
-3124.2651850901
-3124.2653764252
-3124.2653571287
-3124.2654815912
-3124.2655930638
-3124.2656794394
-3124.2654794622
-3124.2658920602
-3124.2647552852
-3124.2656257750
-3124.2654471273
-3124.2656718165
-3124.2654969709
-3124.2653294954
-3124.2652831473
-3124.2654425200
-3124.2653783682
-3124.2653924900
-3124.2654203004
-3124.2654039651
-3124.2651034925
-3124.2653161457
-3124.2652924091
-3124.2655066858
-3124.2653779897
-3124.2655515483
-3124.2656271302
-3124.2651932866
-3124.2658102918
-3124.2656676042
-3124.2659104841
-3124.2653739438
-3124.2653752143
-3124.2656585459
-3124.2654782610
-3124.2658178214
-3124.2652655352
-3124.2656825814
-3124.2658970390
-3124.2657360385
-3124.2653674641
-3124.2655620062
-3124.2654550859
-3124.2654928261
-3124.2653706488
-3124.2650850092
-3124.2654603822
-3124.2658349398
-3124.2654187080
-3124.2655572507
-3124.2651548551
-3124.2653244546
-3124.2654410525
-3124.2656528989
-3124.2653436574
-3124.2654953339
-3124.2652226606
-3124.2653642078
-3124.2653605586
-3124.2655354905
-3124.2655075369
-3124.2657841172
-3124.2652785341
-3124.2655178637
-3124.2655232963
-3124.2658916674
-3124.2655237550
-3124.2659016356
-3124.2650921428
-3124.2653843393
-3124.2651486459
-3124.2652479967
-3124.2655540128
-3124.2655795119
-3124.2654724465
-3124.2650945015
-3124.2655111137
-3124.2655402772
-3124.2655931176
-3124.2651222874
-3124.2656411143
-3124.2654754654
-3124.2653373052
-3124.2656795084
-3124.2654783358
-3124.2657494803
-3124.2654275880
-3124.2652877203
-3124.2653925620
-3124.2653667956
-3124.2656498514
-3124.2653231118
-3124.2656172022
-3124.2654783219
-3124.2653312806
-3124.2656235079
-3124.2653961178
-3124.2654636761
-3124.2658901693
-3124.2655204358
-3124.2654901725
-3124.2654043842
-3124.2653869462
-3124.2654621686
-3124.2655083424
-3124.2656031128
-3124.2654049630
-3124.2653860110
-3124.2653461305
-3124.2653733577
-3124.2654005435
-3124.2653299865
-3124.2652254035
-3124.2654131018
-3124.2654792457
-3124.2654165539
-3124.2653631814
-3124.2652980146
-3124.2649718022
-3124.2656240802
-3124.2653040145
-3124.2650087938
-3124.2653907580
-3124.2650709547
-3124.2657931250
-3124.2654725637
-3124.2650235204
-3124.2653107421
-3124.2651901934
-3124.2655170840
-3124.2653310362
-3124.2656044818
-3124.2654044591
-3124.2653678513
-3124.2651918612
-3124.2656675460
-3124.2653488983
-3124.2654579383
-3124.2652398868
-3124.2655939469
-3124.2653909663
-3124.2656245187
-3124.2655717046
-3124.2655085089
-3124.2652264353
-3124.2652518046
-3124.2656512439
-3124.2655201541
-3124.2653316377
-3124.2656993748
-3124.2653294877
-3124.2654452091
-3124.2650914271
-3124.2652510306
-3124.2654040045
-3124.2652872859
-3124.2653927744
-3124.2655450323
-3124.2652147256
-3124.2652392701
-3124.2655806273
-3124.2651111018
-3124.2653110661
-3124.2652459777
-3124.2658969768
-3124.2653787809
-3124.2654665396
-3124.2653744063
-3124.2650428023
-3124.2658850587
-3124.2654446536
-3124.2655918722
-3124.2655179860
-3124.2653065625
-3124.2654160136
-3124.2654475869
-3124.2656042238
-3124.2652526420
-3124.2656090708
-3124.2657800115
-3124.2653209037
-3124.2652979960
-3124.2657400622
-3124.2654209575
-3124.2657138902
-3124.2655368601
-3124.2651811513
-3124.2653561071
-3124.2650300636
-3124.2654528759
-3124.2656733225
-3124.2653959118
-3124.2654767585
-3124.2653073681
-3124.2651558898
-3124.2656275163
-3124.2652952172
-3124.2656098439
-3124.2652390251
-3124.2655337139
-3124.2651196063
-3124.2649946250
-3124.2655540906
-3124.2654009439
-3124.2654504803
-3124.2653280187
-3124.2655416873
-3124.2653848436
-3124.2654566094
-3124.2654515501
-3124.2655456913
-3124.2654863754
-3124.2655852786
-3124.2651859926
-3124.2654599707
-3124.2655599540
-3124.2655934038
-3124.2652875523
-3124.2655507988
-3124.2653939757
-3124.2652335673
-3124.2649342245
-3124.2656075799
-3124.2653721958
-3124.2651929662
-3124.2652115459
-3124.2655951428
-3124.2656999235
-3124.2650783256
-3124.2655569281
-3124.2653978274
-3124.2652822715
-3124.2656510718
-3124.2654473142
-3124.2659189930
-3124.2655855546
-3124.2653888385
-3124.2655491385
-3124.2652656559
-3124.2655011236
-3124.2658022343
-3124.2656402793
-3124.2653260486
-3124.2655084163
-3124.2653412648
-3124.2654792827
-3124.2652140240
-3124.2654387398
-3124.2653076753
-3124.2654524745
-3124.2653368000
-3124.2655190634
-3124.2655065034
-3124.2653387762
-3124.2652631571
-3124.2653441680
-3124.2652894960
-3124.2653720509
-3124.2653670917
-3124.2654191136
-3124.2654903530
-3124.2654846374
-3124.2654933995
-3124.2655388311
-3124.2655065584
-3124.2654024717
-3124.2649925846
-3124.2652367574
-3124.2651703789
-3124.2652724021
-3124.2652258559
-3124.2653777314
-3124.2654675759
-3124.2656073196
-3124.2655471918
-3124.2652133821
-3124.2656882424
-3124.2654503544
-3124.2651234153
-3124.2654530558
-3124.2655765873
-3124.2653870448
-3124.2654271589
-3124.2656604188
-3124.2655463866
-3124.2654140633
-3124.2654227603
-3124.2652751258
-3124.2654020902
-3124.2653535906
-3124.2653339251
-3124.2655992837
-3124.2655492095
-3124.2653998071
-3124.2655563016
-3124.2651779148
-3124.2653710578
-3124.2652292177
-3124.2657079888
-3124.2649189703
-3124.2656007181
-3124.2654247558
-3124.2652846764
-3124.2652445087
-3124.2654871728
-3124.2654945844
-3124.2652736971
-3124.2658423499
-3124.2655464018
-3124.2652882551
-3124.2656148864
-3124.2658984540
-3124.2654090119
-3124.2653626173
-3124.2656594702
-3124.2654576228
-3124.2653142143
-3124.2652773279
-3124.2658093804
-3124.2655956180
-3124.2653752128
-3124.2652748915
-3124.2652450125
-3124.2656459715
-3124.2658871464
-3124.2653687392
-3124.2653102409
-3124.2651245413
-3124.2653559209
-3124.2653713637
-3124.2656460380
-3124.2650810085
-3124.2654202830
-3124.2653896617
-3124.2655093005
-3124.2655621313
-3124.2653583777
-3124.2653328738
-3124.2656895350
-3124.2653985028
-3124.2652719228
-3124.2653439535
-3124.2652678901
-3124.2657480268
-3124.2653376738
-3124.2651813219
-3124.2655469637
-3124.2658636282
-3124.2655363982
-3124.2654255061
-3124.2656754720
-3124.2655047726
-3124.2651552423
-3124.2654470508
-3124.2654016622
-3124.2651018160
-3124.2653241151
-3124.2653885132
-3124.2651174239
-3124.2654404372
-3124.2656727900
-3124.2653895295
-3124.2653593323
-3124.2654510517
-3124.2655791651
-3124.2656225020
-3124.2654170052
-3124.2653085408
-3124.2655320053
-3124.2653090161
-3124.2653911034
-3124.2655986362
-3124.2656209686
-3124.2654309510
-3124.2654185128
-3124.2654510890
-3124.2655657633
-3124.2657114650
-3124.2653477642
-3124.2656219128
-3124.2656089478
-3124.2655444156
-3124.2653047694
-3124.2654456736
-3124.2655772110
-3124.2652826407
-3124.2651281885
-3124.2659013323
-3124.2659122300
-3124.2654817869
-3124.2654111798
-3124.2655435279
-3124.2652955307
-3124.2655347309
-3124.2652600120
-3124.2653688007
-3124.2654138056
-3124.2655836284
-3124.2654163738
-3124.2650301309
-3124.2653616539
-3124.2654622639
-3124.2653965588
-3124.2654489541
-3124.2654879974
-3124.2654326383
-3124.2653065989
-3124.2655064866
-3124.2656018683
-3124.2653945033
-3124.2655778134
-3124.2655281604
-3124.2654241762
-3124.2658849919
-3124.2652141669
-3124.2653974017
-3124.2650768219
-3124.2652416102
-3124.2656312891
-3124.2653809118
-3124.2653950555
-3124.2654406432
-3124.2657891455
-3124.2652646492
-3124.2651403153
-3124.2654252936
-3124.2654394551
-3124.2652943693
-3124.2653428786
-3124.2654989573
-3124.2654159149
-3124.2655244141
-3124.2654210893
-3124.2652197748
-3124.2655124642
-3124.2654563090
-3124.2652725147
-3124.2654768281
-3124.2656986385
-3124.2654661397
-3124.2654739832
-3124.2653138684
-3124.2653845121
-3124.2653963165
-3124.2651925568
-3124.2653087758
-3124.2655395042
-3124.2653771692
-3124.2653120393
-3124.2655779565
-3124.2654234956
-3124.2653633704
-3124.2659188086
-3124.2652766819
-3124.2652237846
-3124.2656219235
-3124.2655851013
-3124.2656244978
-3124.2649469130
-3124.2651821065
-3124.2655281619
-3124.2655070649
-3124.2655943253
-3124.2655508268
-3124.2656720789
-3124.2656040133
-3124.2653648791
-3124.2654854781
-3124.2657801529
-3124.2653753308
-3124.2655877200
-3124.2655512636
-3124.2650889074
-3124.2654705660
-3124.2652362587
-3124.2655812030
-3124.2656045353
-3124.2654913719
-3124.2654966039
-3124.2653351520
-3124.2654696785
-3124.2654946514
-3124.2654552426
-3124.2653615377
-3124.2652617002
-3124.2655894597
-3124.2653542122
-3124.2655249810
-3124.2655057791
-3124.2655534312
-3124.2653250111
-3124.2649449131
-3124.2656637625
-3124.2655332235
-3124.2654835619
-3124.2654584486
-3124.2654155715
-3124.2654163973
-3124.2654408471
-3124.2658832348
-3124.2656606064
-3124.2654837715
-3124.2653194301
-3124.2652389865
-3124.2656778194
-3124.2653437943
-3124.2654886884
-3124.2653555236
-3124.2656993700
-3124.2654004193
-3124.2652638314
-3124.2653722340
-3124.2658932113
-3124.2651915803
-3124.2649231690
-3124.2655270127
-3124.2651885219
-3124.2654524699
-3124.2655865981
-3124.2654382702
-3124.2656332118
-3124.2656831124
-3124.2654124453
-3124.2656692248
-3124.2658016830
-3124.2652406456
-3124.2653255949
-3124.2654229519
-3124.2653183340
-3124.2654231265
-3124.2654166197
-3124.2656208631
-3124.2653178352
-3124.2653378643
-3124.2653765292
-3124.2655378912
-3124.2651199708
-3124.2650597148
-3124.2655815802
-3124.2657548570
-3124.2653433927
-3124.2653460899
-3124.2651925069
-3124.2652132044
-3124.2650689415
-3124.2653023007
-3124.2655251016
-3124.2654431243
-3124.2657279913
-3124.2652335645
-3124.2652225171
-3124.2655662994
-3124.2653313489
-3124.2652512026
-3124.2651571230
-3124.2653638683
-3124.2656592200
-3124.2654407751
-3124.2652411564
-3124.2657827852
-3124.2658499544
-3124.2654668254
-3124.2655967225
-3124.2656937521
-3124.2653453848
-3124.2656652844
-3124.2655756082
-3124.2655425120
-3124.2653454610
-3124.2656675571
-3124.2654819161
-3124.2655115350
-3124.2653549339
-3124.2651093508
-3124.2653010754
-3124.2653594690
-3124.2652052463
-3124.2654593129
-3124.2655846120
-3124.2654747020
-3124.2656525015
-3124.2651822677
-3124.2654503213
-3124.2655971650
-3124.2656154310
-3124.2654363684
-3124.2653961047
-3124.2651164826
-3124.2654219920
-3124.2654293954
-3124.2655761901
-3124.2656463620
-3124.2653419988
-3124.2656612275
-3124.2652648901
-3124.2653662183
-3124.2654921641
-3124.2657074305
-3124.2651155330
-3124.2655019922
-3124.2654769915
-3124.2654936254
-3124.2657748403
-3124.2658988647
-3124.2657438157
-3124.2655915860
-3124.2651310725
-3124.2652265457
-3124.2656748262
-3124.2654568860
-3124.2656742375
-3124.2652822568
-3124.2654242855
-3124.2656911087
-3124.2652497046
-3124.2654669945
-3124.2652606699
-3124.2652750646
-3124.2654834859
-3124.2654145010
-3124.2655232122
-3124.2653013207
-3124.2655528514
-3124.2653609883
-3124.2655076206
-3124.2652124022
-3124.2654727259
-3124.2657414637
-3124.2658408247
-3124.2654349778
-3124.2655150073
-3124.2653922601
-3124.2657045173
-3124.2652459425
-3124.2653764336
-3124.2655871443
-3124.2656871585
-3124.2655495318
-3124.2653909280
-3124.2653305625
-3124.2653668956
-3124.2653043391
-3124.2648806457
-3124.2654136806
-3124.2658176241
-3124.2655000884
-3124.2653720612
-3124.2656515779
-3124.2654828345
-3124.2652908318
-3124.2656333511
-3124.2656996105
-3124.2656594308
-3124.2653315414
-3124.2655399908
-3124.2653478278
-3124.2654975258
-3124.2655122988
-3124.2654015008
-3124.2654888025
-3124.2655593830
-3124.2655313814
-3124.2653388012
-3124.2656458363
-3124.2652595214
-3124.2652551544
-3124.2653760235
-3124.2652469082
-3124.2653507819
-3124.2656308677
-3124.2655534267
-3124.2654262521
-3124.2651381553
-3124.2653643677
-3124.2654262159
-3124.2657217368
-3124.2652343274
-3124.2657225278
-3124.2655334191
-3124.2654748666
-3124.2654407323
-3124.2652396058
-3124.2656285118
-3124.2655263537
-3124.2653295672
-3124.2652047840
-3124.2656866506
-3124.2653034241
-3124.2655513292
-3124.2652210241
-3124.2655365455
-3124.2650901551
-3124.2653663602
-3124.2656347703
-3124.2653028863
-3124.2653205693
-3124.2651747640
-3124.2651597063
-3124.2653237592
-3124.2652440135
-3124.2653153734
-3124.2654156798
-3124.2653227781
-3124.2651387476
-3124.2655505839
-3124.2654540812
-3124.2653999689
-3124.2654156302
-3124.2655777104
-3124.2653783551
-3124.2655051307
-3124.2653471580
-3124.2657499131
-3124.2652506348
-3124.2653855709
-3124.2651300470
-3124.2659021803
-3124.2654288485
-3124.2658157822
-3124.2651186925
-3124.2654939175
-3124.2653168729
-3124.2657752084
-3124.2656679813
-3124.2654051116
-3124.2654827698
-3124.2653777223
-3124.2654009676
-3124.2655537982
-3124.2653318267
-3124.2655259436
-3124.2656992534
-3124.2655780000
-3124.2654607099
-3124.2653788143
-3124.2656798880
-3124.2653473088
-3124.2658082429
-3124.2656384980
-3124.2655512955
-3124.2651937807
-3124.2652683229
-3124.2652460795
-3124.2651712161
-3124.2658052875
-3124.2654229552
-3124.2653575715
-3124.2655222488
-3124.2653559044
-3124.2652835795
-3124.2654798261
-3124.2655082151
-3124.2657140000
-3124.2652239366
-3124.2654530179
-3124.2651092559
-3124.2654465559
-3124.2653629504
-3124.2651377007
-3124.2656551498
-3124.2658004908
-3124.2650626947
-3124.2654673087
-3124.2655303347
-3124.2650536776
-3124.2657522353
-3124.2653465765
-3124.2652616344
-3124.2652417868
-3124.2656429523
-3124.2649488478
-3124.2656530357
-3124.2654007545
-3124.2655488935
-3124.2655535118
-3124.2656444833
-3124.2652567187
-3124.2653692802
-3124.2652407007
-3124.2653968678
-3124.2651799086
-3124.2653088175
-3124.2654048400
-3124.2651303557
-3124.2652660295
-3124.2656418738
-3124.2653621886
-3124.2658823542
-3124.2651416204
-3124.2652800535
-3124.2659389826
-3124.2652807094
-3124.2654499376
-3124.2656935869
-3124.2654958539
-3124.2655325205
-3124.2657013602
-3124.2659184677
-3124.2655010210
-3124.2653099170
-3124.2656284130
-3124.2653364624
-3124.2653336125
-3124.2655850505
-3124.2652045995
-3124.2656669832
-3124.2651944722
-3124.2656821580
-3124.2651093597
-3124.2654576292
-3124.2659025014
-3124.2658900328
-3124.2654948955
-3124.2653570278
-3124.2653452975
-3124.2656503181
-3124.2654746505
-3124.2654960618
-3124.2654006518
-3124.2655308206
-3124.2653259942
-3124.2656386930
-3124.2657653450
-3124.2653709669
-3124.2651919680
-3124.2653034691
-3124.2652069089
-3124.2652443672
-3124.2654971200
-3124.2652262286
-3124.2654337690
-3124.2654943371
-3124.2653896594
-3124.2651430741
-3124.2655250762
-3124.2656958962
-3124.2653235490
-3124.2655661425
-3124.2653135323
-3124.2653975806
-3124.2655837084
-3124.2655576379
-3124.2652377490
-3124.2653435074
-3124.2655790056
-3124.2655192663
-3124.2655579931
-3124.2653467638
-3124.2653746629
-3124.2656176146
-3124.2653475277
-3124.2652938299
-3124.2654958973
-3124.2655506856
-3124.2655605128
-3124.2655026322
-3124.2657580483
-3124.2654367999
-3124.2652586627
-3124.2654158276
-3124.2654608902
-3124.2653809719
-3124.2654571675
-3124.2655425609
-3124.2655550644
-3124.2652376859
-3124.2654412082
-3124.2655620973
-3124.2656526728
-3124.2657314023
-3124.2655745004
-3124.2653907889
-3124.2655659471
-3124.2659013715
-3124.2655749318
-3124.2654883266
-3124.2652349074
-3124.2656315456
-3124.2651788232
-3124.2655363391
-3124.2652932357
-3124.2657368462
-3124.2657218907
-3124.2654441164
-3124.2654083300
-3124.2653126220
-3124.2656533546
-3124.2652508051
-3124.2653663856
-3124.2654839230
-3124.2652818579
-3124.2654686361
-3124.2655312814
-3124.2658890356
-3124.2655779250
-3124.2653078898
-3124.2651910972
-3124.2650595583
-3124.2659049429
-3124.2648938901
-3124.2658194107
-3124.2656898205
-3124.2648110205
-3124.2655031274
-3124.2654369025
-3124.2655131428
-3124.2654010537
-3124.2655497318
-3124.2650813973
-3124.2653716651
-3124.2652514262
-3124.2656151569
-3124.2654657505
-3124.2654199960
-3124.2655586950
-3124.2656151537
-3124.2655219849
-3124.2657846074
-3124.2653477979
-3124.2655781566
-3124.2655542922
-3124.2654540212
-3124.2654015634
-3124.2653447395
-3124.2653072267
-3124.2652764929
-3124.2652483739
-3124.2652795274
-3124.2658153763
-3124.2653271728
-3124.2654994433
-3124.2656281220
-3124.2657300492
-3124.2652968191
-3124.2653267514
-3124.2654058706
-3124.2650104683
-3124.2652397656
-3124.2653962221
-3124.2654778298
-3124.2651643669
-3124.2653897124
-3124.2651237372
-3124.2657451298
-3124.2653296694
-3124.2652838095
-3124.2653515764
-3124.2656860827
-3124.2656530570
-3124.2653051905
-3124.2654626204
-3124.2652697981
-3124.2653158245
-3124.2654795554
-3124.2653298571
-3124.2653304365
-3124.2652445912
-3124.2652849337
-3124.2657241542
-3124.2655243709
-3124.2653614333
-3124.2656709857
-3124.2652376981
-3124.2654000559
-3124.2650487725
-3124.2656603814
-3124.2655560355
-3124.2659167801
-3124.2654752664
-3124.2654418774
-3124.2653855317
-3124.2657403671
-3124.2656481563
-3124.2657647310
-3124.2654807669
-3124.2653043060
-3124.2655381374
-3124.2650002792
-3124.2654889309
-3124.2654303880
-3124.2654046308
-3124.2656566305
-3124.2658658878
-3124.2656213602
-3124.2654561825
-3124.2655013353
-3124.2656340907
-3124.2657065171
-3124.2653730056
-3124.2657683505
-3124.2656940028
-3124.2651234238
-3124.2655842735
-3124.2654672105
-3124.2652848189
-3124.2653992356
-3124.2653025097
-3124.2655132448
-3124.2657005204
-3124.2650748535
-3124.2652807960
-3124.2656097386
-3124.2655155742
-3124.2653167894
-3124.2655682014
-3124.2657952198
-3124.2655197912
-3124.2654106295
-3124.2657385573
-3124.2651381184
-3124.2654276320
-3124.2656496309
-3124.2653743646
-3124.2658322894
-3124.2655346709
-3124.2653185220
-3124.2654764958
-3124.2656069094
-3124.2653900736
-3124.2652049986
-3124.2652106354
-3124.2654816169
-3124.2654286849
-3124.2657437251
-3124.2653040571
-3124.2655360943
-3124.2655125548
-3124.2655632843
-3124.2653931502
-3124.2656762014
-3124.2653197218
-3124.2654901510
-3124.2654638928
-3124.2650066296
-3124.2654347046
-3124.2657582407
-3124.2650095102
-3124.2651556330
-3124.2652327846
-3124.2656693108
-3124.2653400563
-3124.2653524202
-3124.2656483842
-3124.2659029680
-3124.2654931956
-3124.2657163264
-3124.2655425424
-3124.2651469557
-3124.2656240884
-3124.2656089736
-3124.2655066684
-3124.2657075367
-3124.2656776113
-3124.2651406097
-3124.2659106023
-3124.2653117550
-3124.2655433328
-3124.2651447548
-3124.2657076946
-3124.2654822394
-3124.2652242352
-3124.2656384215
-3124.2655925156
-3124.2651204443
-3124.2652814657
-3124.2655554476
-3124.2656452976
-3124.2652927557
-3124.2651819234
-3124.2652895144
-3124.2655551483
-3124.2655003567
-3124.2654121795
-3124.2653255676
-3124.2651300771
-3124.2658805705
-3124.2653639247
-3124.2653785403
-3124.2655410479
-3124.2654905685
-3124.2653628293
-3124.2654893512
-3124.2657657187
-3124.2652484415
-3124.2656661818
-3124.2653264366
-3124.2655442424
-3124.2654626841
-3124.2656129382
-3124.2659082809
-3124.2650980381
-3124.2655124041
-3124.2652742397
-3124.2652735118
-3124.2649919431
-3124.2655298014
-3124.2653972069
-3124.2653352978
-3124.2655667498
-3124.2654452366
-3124.2658043194
-3124.2654722178
-3124.2658106129
-3124.2655605425
-3124.2658035288
-3124.2654387387
-3124.2653818208
-3124.2655551699
-3124.2652323668
-3124.2656620268
-3124.2652196957
-3124.2656234667
-3124.2654476469
-3124.2651804653
-3124.2654181547
-3124.2651984721
-3124.2649561307
-3124.2651699949
-3124.2654616552
-3124.2659067939
-3124.2654926586
-3124.2654163280
-3124.2655550283
-3124.2652743195
-3124.2654223787
-3124.2649259357
-3124.2656636160
-3124.2650804637
-3124.2659055198
-3124.2652227183
-3124.2653401683
-3124.2654132921
-3124.2651870144
-3124.2654005510
-3124.2651773528
-3124.2653156722
-3124.2653792474
-3124.2653186600
-3124.2654332987
-3124.2653242336
-3124.2654887460
-3124.2653638281
-3124.2652141220
-3124.2654730470
-3124.2653910390
-3124.2653222209
-3124.2653247877
-3124.2657198954
-3124.2656309862
-3124.2656609206
-3124.2652099644
-3124.2654085795
-3124.2651309112
-3124.2654787209
-3124.2655875244
-3124.2653550071
-3124.2653343773
-3124.2652490297
-3124.2654184441
-3124.2651585775
-3124.2652430144
-3124.2652560326
-3124.2655067119
-3124.2649471564
-3124.2653754637
-3124.2654521284
-3124.2656575686
-3124.2655429254
-3124.2653908823
-3124.2657201934
-3124.2656213945
-3124.2654542765
-3124.2652472591
-3124.2650893188
-3124.2652824874
-3124.2650562441
-3124.2656719238
-3124.2656094608
-3124.2655202248
-3124.2655622972
-3124.2654203619
-3124.2655794478
-3124.2652196493
-3124.2653216310
-3124.2655761111
-3124.2652185601
-3124.2654871438
-3124.2653119298
-3124.2653377953
-3124.2656813177
-3124.2652081332
-3124.2653057268
-3124.2654645646
-3124.2654715548
-3124.2653343220
-3124.2652096428
-3124.2655118426
-3124.2657472363
-3124.2652187391
-3124.2650273652
-3124.2651744365
-3124.2656253745
-3124.2652845708
-3124.2653165985
-3124.2654819086
-3124.2656124275
-3124.2657383042
-3124.2655455375
-3124.2653336051
-3124.2652346204
-3124.2656992078
-3124.2655296691
-3124.2656309036
-3124.2653078771
-3124.2652623730
-3124.2653719845
-3124.2654794042
-3124.2655622837
-3124.2654990301
-3124.2655678263
-3124.2652916504
-3124.2653997298
-3124.2652889408
-3124.2653768412
-3124.2654466700
-3124.2656459486
-3124.2654825013
-3124.2655077945
-3124.2652526482
-3124.2655035277
-3124.2652294178
-3124.2656941623
-3124.2650315350
-3124.2651705916
-3124.2653095835
-3124.2655864360
-3124.2657232088
-3124.2654771277
-3124.2653722773
-3124.2654260996
-3124.2653385611
-3124.2656113754
-3124.2651263367
-3124.2654088470
-3124.2654576148
-3124.2652147957
-3124.2655634195
-3124.2652564134
-3124.2653842010
-3124.2654264857
-3124.2659092529
-3124.2654301575
-3124.2655079199
-3124.2654265967
-3124.2656214287
-3124.2654714648
-3124.2656056466
-3124.2653397334
-3124.2651244063
-3124.2653489958
-3124.2651666028
-3124.2650442792
-3124.2654878795
-3124.2652399714
-3124.2652092046
-3124.2650034404
-3124.2656059893
-3124.2651673939
-3124.2652223459
-3124.2652327222
-3124.2655532013
-3124.2654173171
-3124.2653813053
-3124.2653199766
-3124.2654126491
-3124.2654805624
-3124.2652541279
-3124.2654371566
-3124.2654064846
-3124.2655404766
-3124.2652789731
-3124.2653225860
-3124.2657271029
-3124.2655570158
-3124.2656285918
-3124.2653811463
-3124.2655597342
-3124.2651527949
-3124.2657281477
-3124.2652531572
-3124.2653641904
-3124.2652983579
-3124.2655005465
-3124.2654913510
-3124.2651928021
-3124.2651156931
-3124.2654722009
-3124.2654938074
-3124.2655666507
-3124.2653126425
-3124.2657226968
-3124.2655099959
-3124.2651765636
-3124.2656845820
-3124.2655152041
-3124.2656522059
-3124.2655167659
-3124.2655216968
-3124.2655751328
-3124.2655835501
-3124.2655126913
-3124.2654932565
-3124.2655679586
-3124.2656733244
-3124.2659119294
-3124.2658196382
-3124.2656094489
-3124.2652678528
-3124.2655470989
-3124.2653859427
-3124.2651359496
-3124.2657510591
-3124.2653398698
-3124.2655148607
-3124.2658168225
-3124.2654091440
-3124.2651960975
-3124.2653386282
-3124.2651802166
-3124.2652824243
-3124.2654367432
-3124.2659094475
-3124.2650138364
-3124.2656452773
-3124.2656429228
-3124.2652215838
-3124.2650402475
-3124.2654008069
-3124.2653873658
-3124.2652401274
-3124.2654471418
-3124.2654784796
-3124.2657624002
-3124.2655203505
-3124.2659224870
-3124.2654622787
-3124.2652382641
-3124.2654508340
-3124.2653680947
-3124.2653587622
-3124.2653543724
-3124.2655861514
-3124.2652430193
-3124.2651662699
-3124.2654560737
-3124.2656365742
-3124.2659229758
-3124.2650409732
-3124.2653727580
-3124.2651027783
-3124.2652421950
-3124.2654046061
-3124.2653074981
-3124.2654941282
-3124.2653427022
-3124.2652393569
-3124.2653882077
-3124.2655535109
-3124.2657202887
-3124.2654925062
-3124.2651999707
-3124.2654613294
-3124.2654710948
-3124.2654741103
-3124.2653092776
-3124.2659190821
-3124.2649693381
-3124.2654397393
-3124.2657852221
-3124.2653281275
-3124.2656464730
-3124.2653459017
-3124.2652635870
-3124.2650200645
-3124.2655521835
-3124.2657001715
-3124.2650568106
-3124.2653801277
-3124.2651142580
-3124.2654743230
-3124.2654821822
-3124.2654788316
-3124.2655057522
-3124.2655679367
-3124.2656356616
-3124.2653014891
-3124.2654139050
-3124.2655754474
-3124.2659172125
-3124.2657686285
-3124.2653980809
-3124.2652532051
-3124.2652817978
-3124.2655233694
-3124.2654553687
-3124.2650925888
-3124.2651906052
-3124.2653012198
-3124.2654115531
-3124.2651835508
-3124.2655887089
-3124.2656571505
-3124.2654847577
-3124.2651533489
-3124.2653469573
-3124.2655330664
-3124.2653029779
-3124.2654013270
-3124.2656770224
-3124.2653417908
-3124.2657086478
-3124.2653596727
-3124.2654682356
-3124.2658635382
-3124.2650311469
-3124.2653791457
-3124.2654946687
-3124.2653461328
-3124.2652789705
-3124.2657251010
-3124.2655967685
-3124.2654756738
-3124.2653802516
-3124.2656314755
-3124.2654772283
-3124.2657098572
-3124.2655958810
-3124.2655205021
-3124.2659444609
-3124.2653698776
-3124.2652356770
-3124.2654420128
-3124.2652692876
-3124.2653912148
-3124.2656715387
-3124.2650756015
-3124.2651840407
-3124.2655758972
-3124.2653031968
-3124.2654530044
-3124.2654716638
-3124.2655570033
-3124.2653825644
-3124.2653289394
-3124.2652532710
-3124.2656999386
-3124.2653834191
-3124.2652356443
-3124.2654675955
-3124.2653398325
-3124.2652642169
-3124.2655093882
-3124.2653927265
-3124.2655336698
-3124.2652409316
-3124.2655410705
-3124.2656226062
-3124.2651935805
-3124.2654190265
-3124.2653881757
-3124.2654252800
-3124.2652902582
-3124.2653178164
-3124.2655999674
-3124.2656597431
-3124.2651117505
-3124.2651623927
-3124.2652594250
-3124.2652434298
-3124.2657711753
-3124.2651027061
-3124.2657041674
-3124.2650127358
-3124.2653648221
-3124.2652978025
-3124.2656093232
-3124.2654005891
-3124.2656609578
-3124.2655284487
-3124.2658984481
-3124.2653050378
-3124.2650527263
-3124.2653509929
-3124.2654037405
-3124.2655169652
-3124.2654526384
-3124.2656452080
-3124.2653096984
-3124.2652107605
-3124.2656426646
-3124.2652441622
-3124.2650608514
-3124.2655318129
-3124.2652062830
-3124.2653818854
-3124.2653601218
-3124.2652601410
-3124.2653911928
-3124.2653813728
-3124.2653784727
-3124.2653243717
-3124.2659042941
-3124.2651707758
-3124.2652321838
-3124.2656394494
-3124.2650870987
-3124.2654763896
-3124.2653122552
-3124.2654878979
-3124.2656599452
-3124.2658941650
-3124.2652615434
-3124.2653185951
-3124.2651692663
-3124.2653938856
-3124.2650891670
-3124.2656027402
-3124.2655302823
-3124.2655279476
-3124.2656065845
-3124.2655958030
-3124.2652312383
-3124.2656144446
-3124.2653682681
-3124.2652635640
-3124.2654779360
-3124.2653055218
-3124.2652305754
-3124.2653376614
-3124.2653773339
-3124.2654408752
-3124.2657455457
-3124.2653924456
-3124.2651175100
-3124.2654023051
-3124.2656129929
-3124.2653766583
-3124.2652256789
-3124.2653883282
-3124.2653342290
-3124.2652218339
-3124.2652123313
-3124.2653506951
-3124.2653943152
-3124.2655253714
-3124.2655069126
-3124.2655788380
-3124.2651391200
-3124.2654361729
-3124.2655520025
-3124.2654238640
-3124.2654504616
-3124.2656558165
-3124.2650845088
-3124.2653846847
-3124.2657506618
-3124.2655358981
-3124.2654595790
-3124.2656823675
-3124.2655548671
-3124.2655348522
-3124.2656219335
-3124.2655289966
-3124.2651275651
-3124.2656594117
-3124.2653332375
-3124.2653400693
-3124.2657115666
-3124.2651757839
-3124.2652351589
-3124.2657459017
-3124.2655891132
-3124.2654997377
-3124.2652434479
-3124.2656020411
-3124.2654124472
-3124.2652119110
-3124.2657612151
-3124.2654028777
-3124.2655461340
-3124.2659187417
-3124.2653316633
-3124.2653521438
-3124.2653303103
-3124.2655008414
-3124.2652399890
-3124.2652567546
-3124.2655910411
-3124.2654912013
-3124.2654411068
-3124.2657313648
-3124.2652343668
-3124.2654326040
-3124.2653822715
-3124.2654122325
-3124.2653258578
-3124.2654322331
-3124.2654893060
-3124.2659034775
-3124.2650372943
-3124.2651778864
-3124.2651270641
-3124.2655235425
-3124.2655573133
-3124.2654107862
-3124.2655227067
-3124.2658917420
-3124.2653962559
-3124.2654990329
-3124.2653610892
-3124.2653242214
-3124.2654847025
-3124.2656115661
-3124.2652866535
-3124.2655316077
-3124.2655272637
-3124.2654565119
-3124.2654568249
-3124.2657152562
-3124.2654045748
-3124.2654336180
-3124.2656420701
-3124.2654818624
-3124.2659129116
-3124.2655198594
-3124.2655302864
-3124.2654938152
-3124.2655811357
-3124.2649711448
-3124.2655238482
-3124.2653643105
-3124.2656068792
-3124.2656741207
-3124.2653187523
-3124.2657207741
-3124.2653508465
-3124.2655565563
-3124.2655526336
-3124.2658259652
-3124.2653155329
-3124.2654531698
-3124.2653632889
-3124.2651651461
-3124.2656274926
-3124.2657923748
-3124.2654412877
-3124.2655447215
-3124.2652562187
-3124.2655618855
-3124.2650740294
-3124.2651202069
-3124.2655102978
-3124.2653541306
-3124.2651443033
-3124.2654239515
-3124.2656017651
-3124.2655783698
-3124.2656787519
-3124.2652550969
-3124.2653023315
-3124.2653083173
-3124.2651825275
-3124.2655127644
-3124.2654715407
-3124.2656604029
-3124.2655160423
-3124.2655892364
-3124.2652186024
-3124.2658155906
-3124.2656273139
-3124.2653483564
-3124.2652337746
-3124.2656734576
-3124.2656078045
-3124.2652979839
-3124.2654286762
-3124.2650005690
-3124.2654326415
-3124.2656981877
-3124.2652655463
-3124.2654257473
-3124.2648767421
-3124.2654277599
-3124.2653037216
-3124.2656234951
-3124.2653019231
-3124.2654927526
-3124.2652682955
-3124.2655462727
-3124.2652502433
-3124.2655860456
-3124.2653931443
-3124.2655949142
-3124.2655455246
-3124.2654786361
-3124.2651693245
-3124.2656683853
-3124.2653162943
-3124.2651141514
-3124.2653608311
-3124.2654021703
-3124.2651420472
-3124.2653199108
-3124.2655971868
-3124.2653920231
-3124.2655394812
-3124.2657443290
-3124.2650942082
-3124.2655389500
-3124.2655155935
-3124.2654898483
-3124.2653648862
-3124.2651421730
-3124.2656111269
-3124.2653659038
-3124.2656277049
-3124.2653726358
-3124.2651649764
-3124.2654141292
-3124.2654014495
-3124.2653412458
-3124.2655504021
-3124.2655668435
-3124.2653074221
-3124.2652410682
-3124.2656279273
-3124.2650464727
-3124.2654675251
-3124.2654007996
-3124.2655227331
-3124.2653216518
-3124.2655470813
-3124.2654876333
-3124.2655803396
-3124.2656499135
-3124.2654636279
-3124.2652312872
-3124.2653498321
-3124.2654609864
-3124.2652730779
-3124.2653871576
-3124.2655297641
-3124.2655564284
-3124.2651076009
-3124.2653815948
-3124.2655652999
-3124.2655770710
-3124.2653523056
-3124.2654573664
-3124.2654952623
-3124.2655739994
-3124.2654733208
-3124.2655856083
-3124.2655725092
-3124.2656097025
-3124.2651817476
-3124.2652993627
-3124.2654586169
-3124.2652659943
-3124.2655591486
-3124.2652278619
-3124.2653437130
-3124.2657085079
-3124.2649150035
-3124.2656894348
-3124.2652581117
-3124.2651479549
-3124.2655213438
-3124.2650911873
-3124.2653061823
-3124.2654884516
-3124.2653842524
-3124.2659129302
-3124.2656385238
-3124.2652969421
-3124.2655144332
-3124.2653159900
-3124.2655248731
-3124.2655047207
-3124.2652961409
-3124.2653018570
-3124.2656039435
-3124.2656069088
-3124.2655946605
-3124.2655203640
-3124.2657069652
-3124.2655076543
-3124.2656375046
-3124.2655090021
-3124.2652555039
-3124.2654123218
-3124.2655225475
-3124.2655554342
-3124.2652332041
-3124.2653710389
-3124.2653795154
-3124.2653625551
-3124.2654740183
-3124.2651513631
-3124.2650228735
-3124.2655882602
-3124.2656320613
-3124.2656687663
-3124.2652565792
-3124.2654707683
-3124.2657407325
-3124.2653912261
-3124.2653033567
-3124.2655480232
-3124.2658671259
-3124.2651150951
-3124.2656499905
-3124.2653698735
-3124.2653386702
-3124.2659979564
-3124.2655966687
-3124.2653577793
-3124.2653953601
-3124.2654701561
-3124.2655352004
-3124.2651525553
-3124.2651157572
-3124.2656113751
-3124.2657451361
-3124.2656247691
-3124.2654698166
-3124.2654601701
-3124.2657247128
-3124.2655711901
-3124.2657921664
-3124.2652492810
-3124.2655811429
-3124.2653316356
-3124.2651479056
-3124.2655806959
-3124.2650818176
-3124.2655714867
-3124.2655152518
-3124.2656310447
-3124.2653242565
-3124.2656503292
-3124.2653752139
-3124.2655229850
-3124.2654375948
-3124.2655892732
-3124.2652467392
-3124.2653010110
-3124.2654824781
-3124.2655991263
-3124.2653277565
-3124.2653562426
-3124.2652514056
-3124.2653396313
-3124.2653064104
-3124.2654478235
-3124.2651090289
-3124.2653532457
-3124.2652511086
-3124.2656882210
-3124.2652974550
-3124.2654642171
-3124.2654427565
-3124.2651888146
-3124.2654149552
-3124.2652226993
-3124.2657450735
-3124.2651977189
-3124.2657275708
-3124.2652507121
-3124.2655811528
-3124.2653699387
-3124.2653585759
-3124.2655034766
-3124.2653645385
-3124.2654372510
-3124.2654508226
-3124.2652134425
-3124.2650721512
-3124.2656159717
-3124.2653662702
-3124.2651929068
-3124.2654267333
-3124.2654990034
-3124.2655427957
-3124.2653846990
-3124.2654653689
-3124.2653747167
-3124.2652895233
-3124.2655420824
-3124.2655450711
-3124.2653582825
-3124.2652758561
-3124.2653393497
-3124.2654718122
-3124.2657384839
-3124.2656321501
-3124.2655724368
-3124.2651646517
-3124.2652974085
-3124.2653684919
-3124.2656345601
-3124.2653632398
-3124.2656258818
-3124.2653177141
-3124.2654549972
-3124.2655911779
-3124.2653944689
-3124.2654203727
-3124.2659165325
-3124.2656213339
-3124.2651974281
-3124.2654819632
-3124.2654849512
-3124.2658768789
-3124.2650506562
-3124.2654880178
-3124.2653111056
-3124.2656644658
-3124.2653957227
-3124.2651126505
-3124.2653634899
-3124.2652259921
-3124.2657880805
-3124.2656808421
-3124.2653503710
-3124.2653090737
-3124.2653880768
-3124.2650999526
-3124.2651488315
-3124.2656065263
-3124.2653337938
-3124.2654529842
-3124.2652081523
-3124.2652807799
-3124.2650254446
-3124.2649613844
-3124.2655948725
-3124.2653409922
-3124.2651231334
-3124.2653646496
-3124.2655055065
-3124.2656171729
-3124.2654515759
-3124.2652785768
-3124.2652807824
-3124.2655480835
-3124.2657802022
-3124.2659138997
-3124.2651492032
-3124.2655102599
-3124.2654548702
-3124.2652117836
-3124.2650553203
-3124.2655276641
-3124.2656472959
-3124.2657289444
-3124.2655060304
-3124.2654674515
-3124.2658614118
-3124.2655050014
-3124.2653957810
-3124.2650406598
-3124.2652354958
-3124.2654502065
-3124.2656767795
-3124.2651357465
-3124.2655685239
-3124.2650392019
-3124.2650463268
-3124.2653035702
-3124.2657267588
-3124.2653697340
-3124.2651451387
-3124.2654269298
-3124.2651111427
-3124.2657367958
-3124.2654726270
-3124.2653294416
-3124.2657718014
-3124.2651144532
-3124.2657144786
-3124.2656832783
-3124.2651252038
-3124.2650416519
-3124.2650931582
-3124.2652309886
-3124.2656050935
-3124.2653953791
-3124.2654225324
-3124.2656980291
-3124.2654613662
-3124.2654651636
-3124.2654684172
-3124.2653397797
-3124.2654076707
-3124.2657676641
-3124.2654603828
-3124.2653272012
-3124.2652416660
-3124.2653037457
-3124.2656132570
-3124.2652869879
-3124.2653793331
-3124.2654456095
-3124.2655352679
-3124.2656805222
-3124.2655920098
-3124.2652287956
-3124.2654377742
-3124.2654079656
-3124.2656004711
-3124.2654134715
-3124.2653893867
-3124.2652671421
-3124.2656147139
-3124.2654881241
-3124.2654244122
-3124.2653699909
-3124.2655150912
-3124.2653944359
-3124.2658283743
-3124.2655786001
-3124.2653037894
-3124.2654161564
-3124.2654850028
-3124.2654152091
-3124.2651083331
-3124.2651228472
-3124.2652233748
-3124.2654129710
-3124.2654792093
-3124.2653434518
-3124.2650282222
-3124.2653580010
-3124.2651307668
-3124.2654528302
-3124.2655848090
-3124.2652574276
-3124.2652761806
-3124.2656305193
-3124.2651439184
-3124.2655278525
-3124.2656126507
-3124.2656812475
-3124.2653730179
-3124.2655668817
-3124.2654428615
-3124.2655222576
-3124.2655027947
-3124.2653811092
-3124.2655611110
-3124.2654955036
-3124.2657882049
-3124.2655555419
-3124.2654228256
-3124.2655805957
-3124.2655576837
-3124.2651446300
-3124.2652637792
-3124.2652693464
-3124.2655359125
-3124.2656634904
-3124.2654204986
-3124.2655453402
-3124.2654741304
-3124.2652929074
-3124.2655472748
-3124.2653873715
-3124.2653725263
-3124.2655850522
-3124.2653684088
-3124.2650928552
-3124.2657756610
-3124.2655033753
-3124.2654413851
-3124.2654155751
-3124.2657428981
-3124.2650426304
-3124.2656422974
-3124.2654528311
-3124.2652934275
-3124.2653358351
-3124.2653179567
-3124.2654510110
-3124.2652321867
-3124.2653302533
-3124.2656386504
-3124.2658144342
-3124.2656628679
-3124.2654763285
-3124.2656639202
-3124.2654240019
-3124.2652685360
-3124.2654943031
-3124.2653829453
-3124.2656032046
-3124.2654418455
-3124.2656637696
-3124.2653364696
-3124.2654813554
-3124.2654347921
-3124.2654472005
-3124.2651014180
-3124.2657469665
-3124.2655142451
-3124.2655931089
-3124.2655229289
-3124.2657209570
-3124.2651966952
-3124.2653826988
-3124.2652540717
-3124.2656418260
-3124.2656126642
-3124.2653668203
-3124.2654279986
-3124.2654088622
-3124.2650242709
-3124.2655655131
-3124.2659135493
-3124.2652957050
-3124.2656815664
-3124.2651804836
-3124.2651193473
-3124.2652126293
-3124.2652158807
-3124.2648916592
-3124.2655856465
-3124.2652225473
-3124.2658986651
-3124.2650578688
-3124.2656138935
-3124.2652691157
-3124.2656765337
-3124.2656631081
-3124.2655036319
-3124.2655373851
-3124.2655552113
-3124.2651688872
-3124.2657901388
-3124.2654077285
-3124.2653630249
-3124.2653065112
-3124.2655613779
-3124.2654748318
-3124.2654995154
-3124.2650813319
-3124.2656006596
-3124.2653200995
-3124.2653241152
-3124.2651421905
-3124.2657573334
-3124.2653331446
-3124.2656439732
-3124.2652622402
-3124.2656169458
-3124.2649435018
-3124.2653470300
-3124.2655493603
-3124.2649325314
-3124.2656797399
-3124.2655685120
-3124.2652570007
-3124.2652024242
-3124.2655724089
-3124.2653083823
-3124.2653449811
-3124.2656630813
-3124.2654788189
-3124.2652876672
-3124.2655465316
-3124.2658288416
-3124.2653139428
-3124.2656149871
-3124.2655689363
-3124.2652832478
-3124.2654360840
-3124.2653632064
-3124.2652108200
-3124.2653719067
-3124.2654252864
-3124.2654413374
-3124.2652742787
-3124.2655690666
-3124.2654952522
-3124.2650381091
-3124.2654978354
-3124.2654382904
-3124.2653645710
-3124.2652231081
-3124.2656704444
-3124.2655124263
-3124.2655786414
-3124.2652098423
-3124.2654638541
-3124.2653097981
-3124.2653178335
-3124.2656368079
-3124.2658395520
-3124.2655658490
-3124.2656718584
-3124.2654558700
-3124.2652143982
-3124.2649762869
-3124.2652331205
-3124.2655492399
-3124.2652620618
-3124.2655193325
-3124.2650400930
-3124.2652206528
-3124.2653806554
-3124.2655539497
-3124.2652891591
-3124.2652446375
-3124.2650108282
-3124.2653698444
-3124.2651523024
-3124.2655263722
-3124.2653235559
-3124.2653005281
-3124.2658232174
-3124.2655136078
-3124.2653542374
-3124.2653623860
-3124.2654488798
-3124.2653260680
-3124.2653174760
-3124.2653938886
-3124.2654919452
-3124.2653519690
-3124.2651910310
-3124.2654011506
-3124.2653885776
-3124.2656910509
-3124.2653869228
-3124.2654788224
-3124.2652175790
-3124.2659172280
-3124.2655313018
-3124.2654084064
-3124.2655634612
-3124.2654949409
-3124.2659433062
-3124.2655243031
-3124.2652187765
-3124.2653820213
-3124.2655342723
-3124.2653593712
-3124.2659146901
-3124.2653144768
-3124.2651632388
-3124.2651955610
-3124.2655434782
-3124.2656154908
-3124.2653649507
-3124.2655689277
-3124.2652031992
-3124.2651155624
-3124.2654895881
-3124.2654020988
-3124.2652962917
-3124.2653488594
-3124.2655935366
-3124.2653332598
-3124.2656150029
-3124.2654822337
-3124.2652770907
-3124.2651418546
-3124.2657779722
-3124.2649206117
-3124.2654008178
-3124.2656310478
-3124.2654606581
-3124.2654805940
-3124.2653681517
-3124.2655651320
-3124.2654544335
-3124.2654879546
-3124.2652743099
-3124.2654570856
-3124.2653183374
-3124.2654265634
-3124.2653221725
-3124.2655306315
-3124.2652172800
-3124.2653121886
-3124.2659100767
-3124.2654353628
-3124.2655430985
-3124.2657103392
-3124.2652224138
-3124.2653177169
-3124.2652942188
-3124.2654581386
-3124.2652160417
-3124.2653293225
-3124.2655334391
-3124.2653781939
-3124.2651202356
-3124.2658233664
-3124.2653135758
-3124.2657988994
-3124.2657440809
-3124.2651158860
-3124.2656564078
-3124.2658736434
-3124.2654871349
-3124.2653496046
-3124.2654418461
-3124.2653055426
-3124.2656773341
-3124.2651951742
-3124.2654491706
-3124.2652758628
-3124.2658554086
-3124.2653706902
-3124.2653783903
-3124.2655643237
-3124.2652644015
-3124.2652306789
-3124.2656126203
-3124.2658517031
-3124.2656258645
-3124.2657254640
-3124.2659047953
-3124.2652840780
-3124.2654153121
-3124.2656568786
-3124.2652587288
-3124.2653435503
-3124.2654222486
-3124.2654326013
-3124.2658848609
-3124.2654674147
-3124.2656100217
-3124.2650741922
-3124.2653866149
-3124.2651175236
-3124.2654077095
-3124.2653495458
-3124.2655329627
-3124.2651737874
-3124.2652071359
-3124.2654398292
-3124.2651819139
-3124.2654292465
-3124.2652965940
-3124.2652511065
-3124.2655221929
-3124.2652153852
-3124.2655343589
-3124.2655052006
-3124.2652854453
-3124.2656624839
-3124.2654185041
-3124.2653656565
-3124.2652948798
-3124.2655299390
-3124.2652888346
-3124.2652075467
-3124.2655030070
-3124.2653524779
-3124.2653611832
-3124.2655998318
-3124.2657191801
-3124.2653246850
-3124.2652977235
-3124.2654060255
-3124.2653870127
-3124.2654641202
-3124.2649822597
-3124.2654463612
-3124.2651733836
-3124.2656557915
-3124.2651149762
-3124.2655066641
-3124.2656587050
-3124.2654850166
-3124.2655695168
-3124.2653201106
-3124.2652666161
-3124.2649507850
-3124.2652906844
-3124.2652345218
-3124.2652957707
-3124.2656361066
-3124.2654491074
-3124.2655429037
-3124.2656141199
-3124.2650614571
-3124.2653457325
-3124.2653970249
-3124.2653578363
-3124.2653453133
-3124.2657243476
-3124.2654604198
-3124.2652469595
-3124.2654265648
-3124.2653010573
-3124.2652968098
-3124.2651047410
-3124.2653754352
-3124.2654208657
-3124.2655270163
-3124.2655931664
-3124.2656541769
-3124.2651979116
-3124.2654510709
-3124.2655723722
-3124.2653801969
-3124.2652853474
-3124.2653791103
-3124.2654483728
-3124.2655635861
-3124.2658813318
-3124.2656190690
-3124.2657017633
-3124.2653994984
-3124.2652919684
-3124.2657438709
-3124.2654547201
-3124.2652889052
-3124.2654739988
-3124.2653910658
-3124.2659317958
-3124.2655668219
-3124.2656645960
-3124.2655837605
-3124.2652104815
-3124.2658957136
-3124.2656060569
-3124.2655973905
-3124.2657075880
-3124.2655863518
-3124.2655008912
-3124.2656138648
-3124.2657140363
-3124.2656045702
-3124.2654383195
-3124.2654251438
-3124.2655359092
-3124.2657596711
-3124.2650793048
-3124.2655561517
-3124.2659103146
-3124.2655257589
-3124.2656008378
-3124.2653257915
-3124.2653486541
-3124.2654661769
-3124.2651288139
-3124.2656267108
-3124.2653351848
-3124.2655512571
-3124.2655098023
-3124.2652494104
-3124.2655056934
-3124.2653726892
-3124.2653184345
-3124.2653744368
-3124.2654016408
-3124.2654084129
-3124.2654397022
-3124.2654262288
-3124.2654209529
-3124.2652304769
-3124.2655343233
-3124.2655438818
-3124.2654010838
-3124.2652700704
-3124.2652369374
-3124.2652674369
-3124.2655799577
-3124.2654477115
-3124.2651280464
-3124.2654124670
-3124.2651294359
-3124.2655016415
-3124.2654758946
-3124.2654158947
-3124.2654777646
-3124.2651345567
-3124.2652006536
-3124.2653084784
-3124.2654486245
-3124.2653798206
-3124.2656278393
-3124.2654051302
-3124.2653805393
-3124.2654028890
-3124.2653591482
-3124.2654485036
-3124.2653899057
-3124.2650865022
-3124.2656033121
-3124.2651796379
-3124.2653815887
-3124.2653527237
-3124.2655256238
-3124.2652309974
-3124.2652673392
-3124.2651867373
-3124.2652381019
-3124.2655815251
-3124.2653678846
-3124.2654178496
-3124.2654504673
-3124.2658358819
-3124.2656750668
-3124.2650677962
-3124.2653144957
-3124.2654260008
-3124.2655633268
-3124.2653903360
-3124.2654362997
-3124.2654991183
-3124.2655420712
-3124.2653043182
-3124.2653571709
-3124.2658965756
-3124.2652488811
-3124.2655059170
-3124.2655535340
-3124.2656467818
-3124.2656384221
-3124.2656794518
-3124.2650093431
-3124.2655317239
-3124.2653514615
-3124.2652278104
-3124.2654596145
-3124.2654620808
-3124.2653463345
-3124.2653723452
-3124.2655155122
-3124.2651241293
-3124.2653720246
-3124.2653319255
-3124.2653433304
-3124.2656085009
-3124.2652439248
-3124.2650615872
-3124.2654712139
-3124.2654565280
-3124.2652621649
-3124.2652659192
-3124.2652154341
-3124.2654682397
-3124.2652072992
-3124.2653694371
-3124.2652964594
-3124.2656398065
-3124.2653637355
-3124.2651638834
-3124.2659251367
-3124.2655845464
-3124.2652387691
-3124.2653289006
-3124.2657801324
-3124.2651115508
-3124.2654593122
-3124.2654432066
-3124.2655043500
-3124.2654988636
-3124.2656044562
-3124.2655249417
-3124.2651326413
-3124.2652280056
-3124.2656366344
-3124.2655343142
-3124.2654877958
-3124.2650576433
-3124.2652751061
-3124.2658895266
-3124.2652735723
-3124.2653345727
-3124.2652510762
-3124.2656429670
-3124.2653491132
-3124.2653430895
-3124.2653179205
-3124.2654052668
-3124.2657508983
-3124.2654728584
-3124.2653088237
-3124.2654930179
-3124.2654189663
-3124.2655688906
-3124.2654339749
-3124.2655827482
-3124.2657677771
-3124.2650431203
-3124.2653426231
-3124.2657389289
-3124.2657523946
-3124.2655863123
-3124.2655057169
-3124.2654059305
-3124.2656136971
-3124.2654261243
-3124.2653208589
-3124.2656059139
-3124.2656106819
-3124.2652759435
-3124.2658967813
-3124.2656183616
-3124.2651214227
-3124.2654596832
-3124.2656113338
-3124.2652041482
-3124.2653304318
-3124.2652941099
-3124.2659040988
-3124.2654687753
-3124.2653070601
-3124.2653813082
-3124.2649686905
-3124.2650955279
-3124.2654094645
-3124.2656510249
-3124.2658910109
-3124.2657551808
-3124.2654505485
-3124.2654202289
-3124.2651690093
-3124.2653247928
-3124.2656619940
-3124.2653889817
-3124.2655367518
-3124.2652076388
-3124.2652150472
-3124.2654559652
-3124.2655367830
-3124.2658148319
-3124.2655278802
-3124.2652369769
-3124.2653662623
-3124.2651504530
-3124.2656033486
-3124.2652802118
-3124.2657533525
-3124.2651872802
-3124.2655169599
-3124.2654196652
-3124.2652661146
-3124.2655944467
-3124.2653011462
-3124.2651924392
-3124.2655204799
-3124.2654436863
-3124.2655566209
-3124.2653574872
-3124.2655374494
-3124.2652758402
-3124.2654695498
-3124.2651425433
-3124.2649656719
-3124.2654572491
-3124.2651581112
-3124.2655589673
-3124.2654831694
-3124.2651444054
-3124.2656110849
-3124.2652602975
-3124.2654027269
-3124.2654211952
-3124.2656475207
-3124.2659033944
-3124.2654857871
-3124.2655307679
-3124.2654041503
-3124.2654687114
-3124.2653279170
-3124.2654245365
-3124.2654940611
-3124.2654006358
-3124.2652365518
-3124.2654228035
-3124.2657052165
-3124.2652632570
-3124.2656403197
-3124.2657696713
-3124.2656396609
-3124.2655682330
-3124.2658403622
-3124.2652026519
-3124.2654899285
-3124.2654516339
-3124.2654156666
-3124.2655035962
-3124.2654454857
-3124.2656054116
-3124.2656205314
-3124.2654864269
-3124.2653542662
-3124.2655623547
-3124.2656996265
-3124.2653081623
-3124.2654295351
-3124.2655434165
-3124.2652616921
-3124.2655666218
-3124.2656256798
-3124.2657456417
-3124.2655064898
-3124.2651256908
-3124.2653643001
-3124.2655045841
-3124.2651906779
-3124.2654925253
-3124.2652557424
-3124.2654563187
-3124.2654409325
-3124.2652452123
-3124.2653768001
-3124.2650586021
-3124.2652669404
-3124.2658413567
-3124.2650224460
-3124.2653091871
-3124.2651980660
-3124.2651102030
-3124.2655067384
-3124.2654605645
-3124.2654863819
-3124.2658877867
-3124.2655019477
-3124.2648935062
-3124.2650805714
-3124.2655861016
-3124.2652128103
-3124.2652792442
-3124.2654800368
-3124.2653230262
-3124.2654108315
-3124.2653305228
-3124.2655990515
-3124.2652311925
-3124.2652863273
-3124.2654133195
-3124.2656589909
-3124.2654954285
-3124.2652403468
-3124.2659119920
-3124.2655235754
-3124.2655010186
-3124.2656603211
-3124.2657385373
-3124.2654347990
-3124.2652932552
-3124.2655774212
-3124.2657759298
-3124.2654879320
-3124.2659165596
-3124.2657044169
-3124.2653387565
-3124.2657648470
-3124.2653848514
-3124.2656155864
-3124.2655778580
-3124.2655368248
-3124.2650592863
-3124.2654886355
-3124.2651553642
-3124.2652659617
-3124.2657228342
-3124.2655552864
-3124.2654008091
-3124.2651154045
-3124.2653944638
-3124.2657652880
-3124.2655095688
-3124.2653744839
-3124.2650045380
-3124.2654439231
-3124.2655946718
-3124.2653635917
-3124.2655497032
-3124.2654244048
-3124.2653744882
-3124.2653348231
-3124.2652306237
-3124.2653991434
-3124.2656490868
-3124.2658848679
-3124.2650483401
-3124.2657555510
-3124.2656499882
-3124.2652732089
-3124.2654267459
-3124.2652384829
-3124.2655131301
-3124.2655789060
-3124.2652647640
-3124.2651090998
-3124.2656698172
-3124.2656923372
-3124.2655407970
-3124.2651567181
-3124.2654591159
-3124.2655650704
-3124.2653829108
-3124.2653006349
-3124.2653368321
-3124.2652376020
-3124.2654111055
-3124.2654501457
-3124.2650244438
-3124.2655215458
-3124.2651747620
-3124.2657022134
-3124.2658892715
-3124.2652338270
-3124.2655762570
-3124.2655818055
-3124.2655426123
-3124.2653542426
-3124.2655358953
-3124.2654305997
-3124.2656871088
-3124.2652367293
-3124.2654931997
-3124.2655168592
-3124.2653369729
-3124.2653415901
-3124.2652456090
-3124.2656665830
-3124.2651900302
-3124.2653786564
-3124.2652591142
-3124.2652418206
-3124.2653011954
-3124.2654362415
-3124.2654794425
-3124.2654542553
-3124.2652523168
-3124.2652972525
-3124.2652815509
-3124.2657191067
-3124.2653874788
-3124.2657049786
-3124.2654043143
-3124.2655498609
-3124.2654422778
-3124.2652442780
-3124.2653330095
-3124.2653976954
-3124.2655702309
-3124.2655120044
-3124.2655346522
-3124.2651163897
-3124.2655548893
-3124.2651299579
-3124.2658067851
-3124.2655333348
-3124.2653772769
-3124.2657177277
-3124.2655215275
-3124.2656344267
-3124.2658927053
-3124.2651486296
-3124.2654431429
-3124.2656438117
-3124.2653239495
-3124.2652784355
-3124.2655029789
-3124.2653947376
-3124.2652006055
-3124.2655669919
-3124.2655999354
-3124.2657848517
-3124.2652991227
-3124.2654761314
-3124.2651005157
-3124.2653030312
-3124.2653221475
-3124.2659165721
-3124.2656355578
-3124.2656845246
-3124.2651276263
-3124.2653389529
-3124.2654272238
-3124.2654178326
-3124.2656306325
-3124.2657974542
-3124.2655755868
-3124.2653517504
-3124.2657601119
-3124.2653417341
-3124.2655383869
-3124.2652103769
-3124.2658199645
-3124.2651648690
-3124.2654880103
-3124.2656163196
-3124.2655338965
-3124.2658730733
-3124.2649074906
-3124.2654929200
-3124.2655521571
-3124.2654396668
-3124.2654344501
-3124.2655541949
-3124.2651646014
-3124.2656123619
-3124.2650863163
-3124.2656470343
-3124.2649931806
-3124.2653217376
-3124.2658439067
-3124.2656057046
-3124.2650949477
-3124.2658957556
