-3124.1863814753
-3124.1863809916
-3124.1863815857
-3124.1863800951
-3124.1863843377
-3124.1863730176
-3124.1863817226
-3124.1863821040
-3124.1863798018
-3124.1863780990
-3124.1863840451
-3124.1863868214
-3124.1863788721
-3124.1863793410
-3124.1863874425
-3124.1863823648
-3124.1863847723
-3124.1863890355
-3124.1863820016
-3124.1863819788
-3124.1863825827
-3124.1863750845
-3124.1863844787
-3124.1863792955
-3124.1863807237
-3124.1863779310
-3124.1863758185
-3124.1863796221
-3124.1863774392
-3124.1863804098
-3124.1863773960
-3124.1863892182
-3124.1863832370
-3124.1863842745
-3124.1863714642
-3124.1863817341
-3124.1863782353
-3124.1863752382
-3124.1863875208
-3124.1863783366
-3124.1863818374
-3124.1863770408
-3124.1863749010
-3124.1863854285
-3124.1863774334
-3124.1863962506
-3124.1863829774
-3124.1863823338
-3124.1863685775
-3124.1863842027
-3124.1863714690
-3124.1863783983
-3124.1863786014
-3124.1863862383
-3124.1863856455
-3124.1863802651
-3124.1863827659
-3124.1863825789
-3124.1863768550
-3124.1863837064
-3124.1863784895
-3124.1863802947
-3124.1863813655
-3124.1863905388
-3124.1863800751
-3124.1863875598
-3124.1863738644
-3124.1863799785
-3124.1863656295
-3124.1863781346
-3124.1863776638
-3124.1863856001
-3124.1863721451
-3124.1863797544
-3124.1863801329
-3124.1863764196
-3124.1863871533
-3124.1863738566
-3124.1863777181
-3124.1863719265
-3124.1863849664
-3124.1863755507
-3124.1863833805
-3124.1863753033
-3124.1863812827
-3124.1863737420
-3124.1863832009
-3124.1863810070
-3124.1863828164
-3124.1863797469
-3124.1863895042
-3124.1863848200
-3124.1863815733
-3124.1863785074
-3124.1863757800
-3124.1863757320
-3124.1863784685
-3124.1863791171
-3124.1863746650
-3124.1863803090
-3124.1863773490
-3124.1863875478
-3124.1863720617
-3124.1863811996
-3124.1863733691
-3124.1863727456
-3124.1863716129
-3124.1863785212
-3124.1863720495
-3124.1863837288
-3124.1863839887
-3124.1863759807
-3124.1863764208
-3124.1863806046
-3124.1863805225
-3124.1863805921
-3124.1863805072
-3124.1863805015
-3124.1863806133
-3124.1863805682
-3124.1863805291
-3124.1863805697
-3124.1863806204
-3124.1863805650
-3124.1863805589
-3124.1863805694
-3124.1863805453
-3124.1863805932
-3124.1863805956
-3124.1863805200
-3124.1847913478
-3124.1840911515
-3124.1849577554
-3124.1840790966
-3124.1847319316
-3124.1845149354
-3124.1819857199
-3124.1849168573
-3124.1836402801
-3124.1834396160
-3124.1821905936
-3124.1848856897
-3124.1835268637
-3124.1833991572
-3124.1844833080
-3124.1839747589
-3124.1838140700
-3124.1845882905
-3124.1843222124
-3124.1840710748
-3124.1844482916
-3124.1846329751
-3124.1814377444
-3124.1831651236
-3124.1828101292
-3124.1844650561
-3124.1841238294
-3124.1848579498
-3124.1832491419
-3124.1837742632
-3124.1848842506
-3124.1835995811
-3124.1843585668
-3124.1841240625
-3124.1836374594
-3124.1833689624
-3124.1838096644
-3124.1827746539
-3124.1840154130
-3124.1852960396
-3124.1840574628
-3124.1842402886
-3124.1846023564
-3124.1841235918
-3124.1833715970
-3124.1826435200
-3124.1825867364
-3124.1838262795
-3124.1826774204
-3124.1851683557
-3124.1841295515
-3124.1840847943
-3124.1835309311
-3124.1852332808
-3124.1817494846
-3124.1850975854
-3124.1856267421
-3124.1836065383
-3124.1838507535
-3124.1823862593
-3124.1854054461
-3124.1846823041
-3124.1840283345
-3124.1846996784
-3124.1833006583
-3124.1854512831
-3124.1852015294
-3124.1842873594
-3124.1839601408
-3124.1825855581
-3124.1833627793
-3124.1852550527
-3124.1832601698
-3124.1822934612
-3124.1836954880
-3124.1819613022
-3124.1839377898
-3124.1837059007
-3124.1841818185
-3124.1845580364
-3124.1852733554
-3124.1816629909
-3124.1843358713
-3124.1823010698
-3124.1846805383
-3124.1843270413
-3124.1850605760
-3124.1845374493
-3124.1837393686
-3124.1821573734
-3124.1842795087
-3124.1822853950
-3124.1817418302
-3124.1831574361
-3124.1850136549
-3124.1838374489
-3124.1846606879
-3124.1846396537
-3124.1841611191
-3124.1849899830
-3124.1847456137
-3124.1843228735
-3124.1849567947
-3124.1847047243
-3124.1848800619
-3124.1840266674
-3124.1844573280
-3124.1840690404
-3124.1839208912
-3124.1843706563
-3124.1850024236
-3124.1842581222
-3124.1844694094
-3124.1834740029
-3124.1854547994
-3124.1843113451
-3124.1837956042
-3124.1817293837
-3124.1838775764
-3124.1839092269
-3124.1851103771
-3124.1837557946
-3124.1845018956
-3124.1834201417
-3124.1837450951
-3124.1841807558
-3124.1837367819
-3124.1825041579
-3124.1836019892
-3124.1828679781
-3124.1848122639
-3124.1849007044
-3124.1848405414
-3124.1840896214
-3124.1831404050
-3124.1840639393
-3124.1846584593
-3124.1850497039
-3124.1844377264
-3124.1821470801
-3124.1834442340
-3124.1835632453
-3124.1825253966
-3124.1812653220
-3124.1801823383
-3124.1796331657
-3124.1808092200
-3124.1843719947
-3124.1815014711
-3124.1795163505
-3124.1842318574
-3124.1820951762
-3124.1809616314
-3124.1829905890
-3124.1826994041
-3124.1807994601
-3124.1815421455
-3124.1819421983
-3124.1819940468
-3124.1838221559
-3124.1779537717
-3124.1790496489
-3124.1784369646
-3124.1830349944
-3124.1819130858
-3124.1804660350
-3124.1803978092
-3124.1817324152
-3124.1821175251
-3124.1798226244
-3124.1763079918
-3124.1835110459
-3124.1792483738
-3124.1779586030
-3124.1837154534
-3124.1831953995
-3124.1799659639
-3124.1804315839
-3124.1827616228
-3124.1822673165
-3124.1779943459
-3124.1814688014
-3124.1840972104
-3124.1809774326
-3124.1823835469
-3124.1820132906
-3124.1800708733
-3124.1820635387
-3124.1827123296
-3124.1802568819
-3124.1832877450
-3124.1821573458
-3124.1789084929
-3124.1813168368
-3124.1836605526
-3124.1794428272
-3124.1836970442
-3124.1823642541
-3124.1817249661
-3124.1815134776
-3124.1806152639
-3124.1805478415
-3124.1812111596
-3124.1782801908
-3124.1837909105
-3124.1766524978
-3124.1824976135
-3124.1837686008
-3124.1818911836
-3124.1823127042
-3124.1791084564
-3124.1780477542
-3124.1831023361
-3124.1832689732
-3124.1816833317
-3124.1827946585
-3124.1815421810
-3124.1794979416
-3124.1818830103
-3124.1838661916
-3124.1823424429
-3124.1794125770
-3124.1811383262
-3124.1824396421
-3124.1814928916
-3124.1812831160
-3124.1819623994
-3124.1834656394
-3124.1826038833
-3124.1838885243
-3124.1796974996
-3124.1834444419
-3124.1817327325
-3124.1768848594
-3124.1863189824
-3124.1864113995
-3124.1863550286
-3124.1863889214
-3124.1864278128
-3124.1863014109
-3124.1863432822
-3124.1863563290
-3124.1863921160
-3124.1863790114
-3124.1863533469
-3124.1864143364
-3124.1863357882
-3124.1864129048
-3124.1863922420
-3124.1863314294
-3124.1863073786
-3124.1863835320
-3124.1863756146
-3124.1863426057
-3124.1863778915
-3124.1864081949
-3124.1864065305
-3124.1863835534
-3124.1863576103
-3124.1863041599
-3124.1863028332
-3124.1862858262
-3124.1863298488
-3124.1862884090
-3124.1862647433
-3124.1863533736
-3124.1862921534
-3124.1863861857
-3124.1862788352
-3124.1861236089
-3124.1862108415
-3124.1862502756
-3124.1864133026
-3124.1862429178
-3124.1863590600
-3124.1863465861
-3124.1863729361
-3124.1862779519
-3124.1863663690
-3124.1862936449
-3124.1863780507
-3124.1861978296
-3124.1863191341
-3124.1863692547
-3124.1862890297
-3124.1862142556
-3124.1862387613
-3124.1862691347
-3124.1862479730
-3124.1863306016
-3124.1863045768
-3124.1864199349
-3124.1863715386
-3124.1864154853
-3124.1862859330
-3124.1863345986
-3124.1863892067
-3124.1863620731
-3124.1863391692
-3124.1863908110
-3124.1862990215
-3124.1863118262
-3124.1863980934
-3124.1863820171
-3124.1863403871
-3124.1863954148
-3124.1863760964
-3124.1862213418
-3124.1864103364
-3124.1863582632
-3124.1863597796
-3124.1864101742
-3124.1864100252
-3124.1863253652
-3124.1863834244
-3124.1863757005
-3124.1864552989
-3124.1864039818
-3124.1863811470
-3124.1863358050
-3124.1864229937
-3124.1863707610
-3124.1862392738
-3124.1862659582
-3124.1864022714
-3124.1864343460
-3124.1863925989
-3124.1863131522
-3124.1862357714
-3124.1862756608
-3124.1863639043
-3124.1863472916
-3124.1863989557
-3124.1863013125
-3124.1863661968
-3124.1862982410
-3124.1863885381
-3124.1862888888
-3124.1862802293
-3124.1863712537
-3124.1863130070
-3124.1864007022
-3124.1862897052
-3124.1863579613
-3124.1862983213
-3124.1863779313
-3124.1863943939
-3124.1863633085
-3124.1862075116
-3124.1862670885
-3124.1863177888
-3124.1863229222
-3124.1863047957
-3124.1864831608
-3124.1864401487
-3124.1864186149
-3124.1864353734
-3124.1864493887
-3124.1864114198
-3124.1863873063
-3124.1864149515
-3124.1864148045
-3124.1864142774
-3124.1864422905
-3124.1864563657
-3124.1864166741
-3124.1864038020
-3124.1864362965
-3124.1863877059
-3124.1863928643
-3124.1864387236
-3124.1863761263
-3124.1864285485
-3124.1863890231
-3124.1864174024
-3124.1863477286
-3124.1863984293
-3124.1864218929
-3124.1863836526
-3124.1864331846
-3124.1864096726
-3124.1863876322
-3124.1864363678
-3124.1864209491
-3124.1864393796
-3124.1864137931
-3124.1864514655
-3124.1864344355
-3124.1864373529
-3124.1864212770
-3124.1864490160
-3124.1864171486
-3124.1864188146
-3124.1864221184
-3124.1863987958
-3124.1863986050
-3124.1863852391
-3124.1863877148
-3124.1864380820
-3124.1864107205
-3124.1864190560
-3124.1864322649
-3124.1864062488
-3124.1864000565
-3124.1864278384
-3124.1863803977
-3124.1864374911
-3124.1864058897
-3124.1864157034
-3124.1864152648
-3124.1864387230
-3124.1864434234
-3124.1863933052
-3124.1864114793
-3124.1864461191
-3124.1864448527
-3124.1864190877
-3124.1864177996
-3124.1864005644
-3124.1864184618
-3124.1864340426
-3124.1863895545
-3124.1864041092
-3124.1864307019
-3124.1863805842
-3124.1863959083
-3124.1864238394
-3124.1864551124
-3124.1863475900
-3124.1864232075
-3124.1864034059
-3124.1863962512
-3124.1864231779
-3124.1864120572
-3124.1864200035
-3124.1863726472
-3124.1864041314
-3124.1864095205
-3124.1864128124
-3124.1863671916
-3124.1863858038
-3124.1864335755
-3124.1864489367
-3124.1864211060
-3124.1864167892
-3124.1863935597
-3124.1863920473
-3124.1863727908
-3124.1864204136
-3124.1864227009
-3124.1863754103
-3124.1864137886
-3124.1863998071
-3124.1864435647
-3124.1864487554
-3124.1864427988
-3124.1863697504
-3124.1864284316
-3124.1864436014
-3124.1863872695
-3124.1864380810
-3124.1864370006
-3124.1864614672
-3124.1863877829
-3124.1864333790
-3124.1864320876
-3124.1864179908
-3124.1864514320
-3124.1864007146
-3124.1864001341
-3124.1864297051
-3124.1864134387
-3124.1863716522
-3124.1864413248
-3124.1864228552
-3124.1864063791
-3124.1863905530
-3124.1863984885
-3124.1863894623
-3124.1863885293
-3124.1864247536
-3124.1864439330
-3124.1864135896
-3124.1864037606
-3124.1863660753
-3124.1863679114
-3124.1864261849
-3124.1864347114
-3124.1864493547
-3124.1864274399
-3124.1864377053
-3124.1864466169
-3124.1864492199
-3124.1863830927
-3124.1864018197
-3124.1864043212
-3124.1864253811
-3124.1864426563
-3124.1864458578
-3124.1864336121
-3124.1864372203
-3124.1864325239
-3124.1864091132
-3124.1864463718
-3124.1863924310
-3124.1864294195
-3124.1864171471
-3124.1864123282
-3124.1864215617
-3124.1864488660
-3124.1864020438
-3124.1864514312
-3124.1864408811
-3124.1864277115
-3124.1864129052
-3124.1864140474
-3124.1864232116
-3124.1864354853
-3124.1864121992
-3124.1864625974
-3124.1864565990
-3124.1864256491
-3124.1864222877
-3124.1863823383
-3124.1864380168
-3124.1864286957
-3124.1864009602
-3124.1864039238
-3124.1864132320
-3124.1863427850
-3124.1864318646
-3124.1864113667
-3124.1864029531
-3124.1864354656
-3124.1863908133
-3124.1864047146
-3124.1864121658
-3124.1864266848
-3124.1864392122
-3124.1864232425
-3124.1863964375
-3124.1864056500
-3124.1863646595
-3124.1864388320
-3124.1864255085
-3124.1864314891
-3124.1863872099
-3124.1864240334
-3124.1864350811
-3124.1864318005
-3124.1864076162
-3124.1864299933
-3124.1864316116
-3124.1864043460
-3124.1864159629
-3124.1864518804
-3124.1863850744
-3124.1864030411
-3124.1864243034
-3124.1864095479
-3124.1864499565
-3124.1863925023
-3124.1864346398
-3124.1864658359
-3124.1864439194
-3124.1863740427
-3124.1864224629
-3124.1863940424
-3124.1864259668
-3124.1863919862
-3124.1863927598
-3124.1863856962
-3124.1864431861
-3124.1864019861
-3124.1863712341
-3124.1864357974
-3124.1863814872
-3124.1864579372
-3124.1864461722
-3124.1864027989
-3124.1864028030
-3124.1863862640
-3124.1864012233
-3124.1864199050
-3124.1863465831
-3124.1864344027
-3124.1864079514
-3124.1864214006
-3124.1864023741
-3124.1864075973
-3124.1864115228
-3124.1864275892
-3124.1864218311
-3124.1864238887
-3124.1864390592
-3124.1864383533
-3124.1864374246
-3124.1864337805
-3124.1864331958
-3124.1864285899
-3124.1864222350
-3124.1864066681
-3124.1864343164
-3124.1864008856
-3124.1864113841
-3124.1864075022
-3124.1864306483
-3124.1864416891
-3124.1864159053
-3124.1864261923
-3124.1864110440
-3124.1864451523
-3124.1864131430
-3124.1864352438
-3124.1864417970
-3124.1864268368
-3124.1864388101
-3124.1864171632
-3124.1863993549
-3124.1864243495
-3124.1864337004
-3124.1864289068
-3124.1864202859
-3124.1864009506
-3124.1864149725
-3124.1864336300
-3124.1863742526
-3124.1864606475
-3124.1864444928
-3124.1863923879
-3124.1864185685
-3124.1864410257
-3124.1863716133
-3124.1864186096
-3124.1864253535
-3124.1863710893
-3124.1863855018
-3124.1864361067
-3124.1864312061
-3124.1864369209
-3124.1864218218
-3124.1864288963
-3124.1864257254
-3124.1863952875
-3124.1864481656
-3124.1864623957
-3124.1863899205
-3124.1864209078
-3124.1864095236
-3124.1864284432
-3124.1863680000
-3124.1864249239
-3124.1864067177
-3124.1863961186
-3124.1863526345
-3124.1864315868
-3124.1864210687
-3124.1863771318
-3124.1863812517
-3124.1863800299
-3124.1863748869
-3124.1864248947
-3124.1863521193
-3124.1863978123
-3124.1863700358
-3124.1864055249
-3124.1863789215
-3124.1863937380
-3124.1864053086
-3124.1864184095
-3124.1864283370
-3124.1863957288
-3124.1863786798
-3124.1863783174
-3124.1864425191
-3124.1864346997
-3124.1864112620
-3124.1863885092
-3124.1864279050
-3124.1864015223
-3124.1864436282
-3124.1864339305
-3124.1863890858
-3124.1864173481
-3124.1863835594
-3124.1864056445
-3124.1864158554
-3124.1864109575
-3124.1864310526
-3124.1863453868
-3124.1864595523
-3124.1864524293
-3124.1864014412
-3124.1864515681
-3124.1864189754
-3124.1864521910
-3124.1864222657
-3124.1864443457
-3124.1864469519
-3124.1863916632
-3124.1863926107
-3124.1863659288
-3124.1864297517
-3124.1864257671
-3124.1864228444
-3124.1864365880
-3124.1864156873
-3124.1864247276
-3124.1863768792
-3124.1864396526
-3124.1864423787
-3124.1864433693
-3124.1864130896
-3124.1864279844
-3124.1864376776
-3124.1864031332
-3124.1864267524
-3124.1864394822
-3124.1864252214
-3124.1864418772
-3124.1864490910
-3124.1864406642
-3124.1864093665
-3124.1864683001
-3124.1864238692
-3124.1864362976
-3124.1864471249
-3124.1864253193
-3124.1864099165
-3124.1863828165
-3124.1864238528
-3124.1864375508
-3124.1864252061
-3124.1864379283
-3124.1864357726
-3124.1864483364
-3124.1864002219
-3124.1864019897
-3124.1863335383
-3124.1863777374
-3124.1864543236
-3124.1864280307
-3124.1864037981
-3124.1864247831
-3124.1864162384
-3124.1864264492
-3124.1864067845
-3124.1863863297
-3124.1864227371
-3124.1864463103
-3124.1864243778
-3124.1864374222
-3124.1864086881
-3124.1863742851
-3124.1864359187
-3124.1864147199
-3124.1864121623
-3124.1864404253
-3124.1864161091
-3124.1863930294
-3124.1864336130
-3124.1864126544
-3124.1863883160
-3124.1863824768
-3124.1863828962
-3124.1863794797
-3124.1863780378
-3124.1863818992
-3124.1863812879
-3124.1863844486
-3124.1863873747
-3124.1863763810
-3124.1863838701
-3124.1863938828
-3124.1863799085
-3124.1863867022
-3124.1863713721
-3124.1863834162
-3124.1863839116
-3124.1863855872
-3124.1863724071
-3124.1863877907
-3124.1864388819
-3124.1864092114
-3124.1864033443
-3124.1864177184
-3124.1864326788
-3124.1864059141
-3124.1864126178
-3124.1864139110
-3124.1864399175
-3124.1863861954
-3124.1864258035
-3124.1863738306
-3124.1864209269
-3124.1864032338
-3124.1864516574
-3124.1864270114
-3124.1863885855
-3124.1864389113
-3124.1864047176
-3124.1864188569
-3124.1864227571
-3124.1863993773
-3124.1864042786
-3124.1864326692
-3124.1864353634
-3124.1864303784
-3124.1864154260
-3124.1864053302
-3124.1863924403
-3124.1864186050
-3124.1863956741
-3124.1864620240
-3124.1863877256
-3124.1864482096
-3124.1864005653
-3124.1864420887
-3124.1864477693
-3124.1863860223
-3124.1863730792
-3124.1863604167
-3124.1863676635
-3124.1864176359
-3124.1838091241
-3124.1846828646
-3124.1838603213
-3124.1830096940
-3124.1841404951
-3124.1843672537
-3124.1821755160
-3124.1827444597
-3124.1843561474
-3124.1839648762
-3124.1846970025
-3124.1855021866
-3124.1850563691
-3124.1842144431
-3124.1845091259
-3124.1836651118
-3124.1833743525
-3124.1847590178
-3124.1844349009
-3124.1834904195
-3124.1847301586
-3124.1826373021
-3124.1835204873
-3124.1843440829
-3124.1837227138
-3124.1842447506
-3124.1863804897
-3124.1863785737
-3124.1863794303
-3124.1863776365
-3124.1863770658
-3124.1863765445
-3124.1863656935
-3124.1863820479
-3124.1863799788
-3124.1863784008
-3124.1863767623
-3124.1863871001
-3124.1863715641
-3124.1863811021
-3124.1863745776
-3124.1836278138
-3124.1849276457
-3124.1835983214
-3124.1848790618
-3124.1809267529
-3124.1839507881
-3124.1833475095
-3124.1839985733
-3124.1848774279
-3124.1846739256
-3124.1832221156
-3124.1833944885
-3124.1844636299
-3124.1836666954
-3124.1863804677
-3124.1863889598
-3124.1863790518
-3124.1863795864
-3124.1863775664
-3124.1863847307
-3124.1863743563
-3124.1863748257
-3124.1863741893
-3124.1863864602
-3124.1863840395
-3124.1863851714
-3124.1863894719
-3124.1863910901
-3124.1863817928
-3124.1863781921
-3124.1863721379
-3124.1863783684
-3124.1863893256
-3124.1863870698
-3124.1853009958
-3124.1847562050
-3124.1823106784
-3124.1850320625
-3124.1837125348
-3124.1838408306
-3124.1843245528
-3124.1836544181
-3124.1833166854
-3124.1840683397
-3124.1838708531
-3124.1853289202
-3124.1840251578
-3124.1850121525
-3124.1846681156
-3124.1840365558
-3124.1836537848
-3124.1843125354
-3124.1852968257
-3124.1847588628
-3124.1838194781
-3124.1864365980
-3124.1863999526
-3124.1863956142
-3124.1864454731
-3124.1864458730
-3124.1864290820
-3124.1864488907
-3124.1864524317
-3124.1864051063
-3124.1790093044
-3124.1811650107
-3124.1810980446
-3124.1827544994
-3124.1805190082
-3124.1864197967
-3124.1863256022
-3124.1864050063
-3124.1862991551
-3124.1862922807
-3124.1864240481
-3124.1864460355
-3124.1863723200
-3124.1863868073
-3124.1864133491
-3124.1864404959
-3124.1864280492
-3124.1864288373
-3124.1864239695
-3124.1864098147
-3124.1864380325
-3124.1864434039
-3124.1863886738
-3124.1864145528
-3124.1864092306
-3124.1864360603
-3124.1863735095
-3124.1864068705
-3124.1863889196
-3124.1864228562
-3124.1863907278
-3124.1863892894
-3124.1864246320
-3124.1864316733
-3124.1864060957
-3124.1864620733
-3124.1863726599
-3124.1864178309
-3124.1864293944
-3124.1864091531
-3124.1863758645
-3124.1863830521
-3124.1863844273
-3124.1863869915
-3124.1863848302
-3124.1863882953
-3124.1863739381
-3124.1863874275
-3124.1863856116
-3124.1863792667
-3124.1863843509
-3124.1863797331
-3124.1863819264
-3124.1863737273
-3124.1863909510
-3124.1863777116
-3124.1863879725
-3124.1863727938
-3124.1863821571
-3124.1863869640
-3124.1864427305
-3124.1864231657
-3124.1863937582
-3124.1864032311
-3124.1863936876
-3124.1864402399
-3124.1863714292
-3124.1864189767
-3124.1863946346
-3124.1863679734
-3124.1864238019
-3124.1864208439
-3124.1864083660
-3124.1863990538
-3124.1864234354
-3124.1864138704
-3124.1864432055
-3124.1864103957
-3124.1864400438
-3124.1863835182
-3124.1864197796
-3124.1864303461
-3124.1864488166
-3124.1864072156
-3124.1864368161
-3124.1864399932
-3124.1864263051
-3124.1864196761
-3124.1864140004
-3124.1864159961
-3124.1864183445
-3124.1864047018
-3124.1864108764
-3124.1864624630
-3124.1864177907
-3124.1863765758
-3124.1862847853
-3124.1864159675
-3124.1864354199
-3124.1864363329
-3124.1864202279
-3124.1864090615
-3124.1864428480
-3124.1864233731
-3124.1864103980
-3124.1864339898
-3124.1864677392
-3124.1864401553
-3124.1864021901
-3124.1864181756
-3124.1864418621
-3124.1864362938
-3124.1864320377
-3124.1864200961
-3124.1862994675
-3124.1864417065
-3124.1864000073
-3124.1864002021
-3124.1864070783
-3124.1864029467
-3124.1863937108
-3124.1864355821
-3124.1863889031
-3124.1864129952
-3124.1864321332
-3124.1863401898
-3124.1863985709
-3124.1864102886
-3124.1864069991
-3124.1863514511
-3124.1864239108
-3124.1864497502
-3124.1864148174
-3124.1864163898
-3124.1864365845
-3124.1864319649
-3124.1864133758
-3124.1864278966
-3124.1863759988
-3124.1864222714
-3124.1863665445
-3124.1864339265
-3124.1863843899
-3124.1864223126
-3124.1864323212
-3124.1864355328
-3124.1864250153
-3124.1863960864
-3124.1864367298
-3124.1863962653
-3124.1863805616
-3124.1863931293
-3124.1863884321
-3124.1864126167
-3124.1864006488
-3124.1864024572
-3124.1864288002
-3124.1864147848
-3124.1864468234
-3124.1864350219
-3124.1864432002
-3124.1864218645
-3124.1864226217
-3124.1864130439
-3124.1864184613
-3124.1863727650
-3124.1864004282
-3124.1864026064
-3124.1863829436
-3124.1864470628
-3124.1864379633
-3124.1864329697
-3124.1864003716
-3124.1863927279
-3124.1864289110
-3124.1864133667
-3124.1863831648
-3124.1863995285
-3124.1864466077
-3124.1864466190
-3124.1864378842
-3124.1863969492
-3124.1864038998
-3124.1864025791
-3124.1863922402
-3124.1864086811
-3124.1864028706
-3124.1864236163
-3124.1864162581
-3124.1864023557
-3124.1864176330
-3124.1863477137
-3124.1864070830
-3124.1863929262
-3124.1864482591
-3124.1864410623
-3124.1864161728
-3124.1863968602
-3124.1864135548
-3124.1864170978
-3124.1864071345
-3124.1864152773
-3124.1864364395
-3124.1864233529
-3124.1864520468
-3124.1864191978
-3124.1864307397
-3124.1864265118
-3124.1864282748
-3124.1864447324
-3124.1863801101
-3124.1863566709
-3124.1864443001
-3124.1864065575
-3124.1864541534
-3124.1864060223
-3124.1864380306
-3124.1864268760
-3124.1863770312
-3124.1864378361
-3124.1864224761
-3124.1863450456
-3124.1864187063
-3124.1864381316
-3124.1864586428
-3124.1864385845
-3124.1864331727
-3124.1864151470
-3124.1864248856
-3124.1864277474
-3124.1864103806
-3124.1864361000
-3124.1864035775
-3124.1864174928
-3124.1864329365
-3124.1864272010
-3124.1864323011
-3124.1864114157
-3124.1863801311
-3124.1864107101
-3124.1864475539
-3124.1864482179
-3124.1864218811
-3124.1864198722
-3124.1863906661
-3124.1863562320
-3124.1864113565
-3124.1864211785
-3124.1863647051
-3124.1864431867
-3124.1864506140
-3124.1864166711
-3124.1864042834
-3124.1864407269
-3124.1863888677
-3124.1863630613
-3124.1863596411
-3124.1864337604
-3124.1864283830
-3124.1864260619
-3124.1863573704
-3124.1864459547
-3124.1864185217
-3124.1863986195
-3124.1864422403
-3124.1864339575
-3124.1864117827
-3124.1863882466
-3124.1864253804
-3124.1864386129
-3124.1863614873
-3124.1864167859
-3124.1864512550
-3124.1864160411
-3124.1863916504
-3124.1864334036
-3124.1864113151
-3124.1864102013
-3124.1864079345
-3124.1864399550
-3124.1863731822
-3124.1863654369
-3124.1864396600
-3124.1864311547
-3124.1863995074
-3124.1863964268
-3124.1864284281
-3124.1864334782
-3124.1864202941
-3124.1864221254
-3124.1864176314
-3124.1863792391
-3124.1864266996
-3124.1863568730
-3124.1863701570
-3124.1864155653
-3124.1864204314
-3124.1863858934
-3124.1864058161
-3124.1864324586
-3124.1864106692
-3124.1864205149
-3124.1864032729
-3124.1863834346
-3124.1864148168
-3124.1864395213
-3124.1864166052
-3124.1864396266
-3124.1863640246
-3124.1864028999
-3124.1864426830
-3124.1863949513
-3124.1864169800
-3124.1864440892
-3124.1863824953
-3124.1864382532
-3124.1864376175
-3124.1863721681
-3124.1863813899
-3124.1864228247
-3124.1864456389
-3124.1864421778
-3124.1864421571
-3124.1864092280
-3124.1864452585
-3124.1864682267
-3124.1863867377
-3124.1863917217
-3124.1864357482
-3124.1864150208
-3124.1864356500
-3124.1863874046
-3124.1864060127
-3124.1863837228
-3124.1863665591
-3124.1863798422
-3124.1864319592
-3124.1864133698
-3124.1864273227
-3124.1864157292
-3124.1863902770
-3124.1863838229
-3124.1863970816
-3124.1864443305
-3124.1864036512
-3124.1863452399
-3124.1864397708
-3124.1864252199
-3124.1863912225
-3124.1864114616
-3124.1863657639
-3124.1864147316
-3124.1864371904
-3124.1864271562
-3124.1864161810
-3124.1864198744
-3124.1864122402
-3124.1864354421
-3124.1863923039
-3124.1864171569
-3124.1864309267
-3124.1864154236
-3124.1864192683
-3124.1864302735
-3124.1864340537
-3124.1864223016
-3124.1864417218
-3124.1864543861
-3124.1863571512
-3124.1864462315
-3124.1864291361
-3124.1864152822
-3124.1863529588
-3124.1864294578
-3124.1864448384
-3124.1864186271
-3124.1863738728
-3124.1864170347
-3124.1864203404
-3124.1864234901
-3124.1864299082
-3124.1864538764
-3124.1864399584
-3124.1864322797
-3124.1864099071
-3124.1864395311
-3124.1864143865
-3124.1864129321
-3124.1864502982
-3124.1863768611
-3124.1863833909
-3124.1864264652
-3124.1864452016
-3124.1863871966
-3124.1864462126
-3124.1864125409
-3124.1863634950
-3124.1864349713
-3124.1864405277
-3124.1864170184
-3124.1864353740
-3124.1864140633
-3124.1863882092
-3124.1864188576
-3124.1864325495
-3124.1864257246
-3124.1864221271
-3124.1864294443
-3124.1864508609
-3124.1864426336
-3124.1864251739
-3124.1863939477
-3124.1864422856
-3124.1863959779
-3124.1864274794
-3124.1864223762
-3124.1864303394
-3124.1863852656
-3124.1864310204
-3124.1864243355
-3124.1864183963
-3124.1864466206
-3124.1863810109
-3124.1863990287
-3124.1864312450
-3124.1864221485
-3124.1864196823
-3124.1864182785
-3124.1864161305
-3124.1864392376
-3124.1864298652
-3124.1864557166
-3124.1863791294
-3124.1864668969
-3124.1864315357
-3124.1863929885
-3124.1864056302
-3124.1864280499
-3124.1864381589
-3124.1864157254
-3124.1864598946
-3124.1864035939
-3124.1864050037
-3124.1864062830
-3124.1863534987
-3124.1863911528
-3124.1863844702
-3124.1864006703
-3124.1864421950
-3124.1864149319
-3124.1864363094
-3124.1864340047
-3124.1864021011
-3124.1863978017
-3124.1864133265
-3124.1864436347
-3124.1864348746
-3124.1864620284
-3124.1864420202
-3124.1863944893
-3124.1864397608
-3124.1864151261
-3124.1863978160
-3124.1864457423
-3124.1864254676
-3124.1864375465
-3124.1864181222
-3124.1863891868
-3124.1864364631
-3124.1864226699
-3124.1864173468
-3124.1863841848
-3124.1864471132
-3124.1864559779
-3124.1863912657
-3124.1864274536
-3124.1863769603
-3124.1864474494
-3124.1864125478
-3124.1864164873
-3124.1864146379
-3124.1864150014
-3124.1864142820
-3124.1864430640
-3124.1863678968
-3124.1864527391
-3124.1864428688
-3124.1864018009
-3124.1864379436
-3124.1864121238
-3124.1864071148
-3124.1864319757
-3124.1864433004
-3124.1864274720
-3124.1864247384
-3124.1864020955
-3124.1864181797
-3124.1864243984
-3124.1864426706
-3124.1864289289
-3124.1864185986
-3124.1864204499
-3124.1864495278
-3124.1864480322
-3124.1863703662
-3124.1864412672
-3124.1863820611
-3124.1864303230
-3124.1863302008
-3124.1864133747
-3124.1864214917
-3124.1864366748
-3124.1864187736
-3124.1863695630
-3124.1863825238
-3124.1863949060
-3124.1864281297
-3124.1863992145
-3124.1864218755
-3124.1864313464
-3124.1864226965
-3124.1863945597
-3124.1864495298
-3124.1864140455
-3124.1864356109
-3124.1864101272
-3124.1864309706
-3124.1863766665
-3124.1864481279
-3124.1864380638
-3124.1864299804
-3124.1864221471
-3124.1864396695
-3124.1864247467
-3124.1864274649
-3124.1864411849
-3124.1864128282
-3124.1864273360
-3124.1864153586
-3124.1864054698
-3124.1864576438
-3124.1864461526
-3124.1863999371
-3124.1864440320
-3124.1864318476
-3124.1864269799
-3124.1864280520
-3124.1864399927
-3124.1864395871
-3124.1864324816
-3124.1864263391
-3124.1864408383
-3124.1863506367
-3124.1864115506
-3124.1864033869
-3124.1863957156
-3124.1864188731
-3124.1864205281
-3124.1864427819
-3124.1863218812
-3124.1863792922
-3124.1864593767
-3124.1864212646
-3124.1863933521
-3124.1864234012
-3124.1864403670
-3124.1864465462
-3124.1864324367
-3124.1864479509
-3124.1863922978
-3124.1864462892
-3124.1864653947
-3124.1864125841
-3124.1864426040
-3124.1864248771
-3124.1864349960
-3124.1864297553
-3124.1863391724
-3124.1863687702
-3124.1864062290
-3124.1863867296
-3124.1864212922
-3124.1864182320
-3124.1864238307
-3124.1864493326
-3124.1864070336
-3124.1863724950
-3124.1864436616
-3124.1864344196
-3124.1863842524
-3124.1864012867
-3124.1864543471
-3124.1864111666
-3124.1863818721
-3124.1864275579
-3124.1863653106
-3124.1864367174
-3124.1864251814
-3124.1864098319
-3124.1864216685
-3124.1864507034
-3124.1863953695
-3124.1864087072
-3124.1864478009
-3124.1864482658
-3124.1864500660
-3124.1863903325
-3124.1864452013
-3124.1864329711
-3124.1864489339
-3124.1864299649
-3124.1863957401
-3124.1864085158
-3124.1863941446
-3124.1864351035
-3124.1863568809
-3124.1864127887
-3124.1864285755
-3124.1864532186
-3124.1863223240
-3124.1864341956
-3124.1863639549
-3124.1863851517
-3124.1864310577
-3124.1864351813
-3124.1864485225
-3124.1863965011
-3124.1864153081
-3124.1864158772
-3124.1863868720
-3124.1864610938
-3124.1864241155
-3124.1864301501
-3124.1864276943
-3124.1864085517
-3124.1864427567
-3124.1863808212
-3124.1864126072
-3124.1864206536
-3124.1864130702
-3124.1864116433
-3124.1863932619
-3124.1864055617
-3124.1864326363
-3124.1864586226
-3124.1864073520
-3124.1863927644
-3124.1864417108
-3124.1864497969
-3124.1863812035
-3124.1864589330
-3124.1863819826
-3124.1864254602
-3124.1864110837
-3124.1864289155
-3124.1863753089
-3124.1864452648
-3124.1864188149
-3124.1864221089
-3124.1864146765
-3124.1864293000
-3124.1864516218
-3124.1864383819
-3124.1864291977
-3124.1864392519
-3124.1863992872
-3124.1864387007
-3124.1863958513
-3124.1864187422
-3124.1864116907
-3124.1864195087
-3124.1864578957
-3124.1864326774
-3124.1864044180
-3124.1864213474
-3124.1864059962
-3124.1864070529
-3124.1864438683
-3124.1863880075
-3124.1864150183
-3124.1864315217
-3124.1864139953
-3124.1864313809
-3124.1863894819
-3124.1863723897
-3124.1864050339
-3124.1864252763
-3124.1863981744
-3124.1864287554
-3124.1864023394
-3124.1864361675
-3124.1864145668
-3124.1864191598
-3124.1864191202
-3124.1864338296
-3124.1863986677
-3124.1864147627
-3124.1864081774
-3124.1864235795
-3124.1864093109
-3124.1863780031
-3124.1864213945
-3124.1864246064
-3124.1864093944
-3124.1864570639
-3124.1864127100
-3124.1864086703
-3124.1863902207
-3124.1863892682
-3124.1864202971
-3124.1864515782
-3124.1863987181
-3124.1864387308
-3124.1863994808
-3124.1863930668
-3124.1864193174
-3124.1864018116
-3124.1864507259
-3124.1863468459
-3124.1864427261
-3124.1863731189
-3124.1864333722
-3124.1864315127
-3124.1864129922
-3124.1864224039
-3124.1864000653
-3124.1864183195
-3124.1864576123
-3124.1864274756
-3124.1864160240
-3124.1864237197
-3124.1863499597
-3124.1864063067
-3124.1864244391
-3124.1864326341
-3124.1864487846
-3124.1864063058
-3124.1864153050
-3124.1864150131
-3124.1864094772
-3124.1863980788
-3124.1864291087
-3124.1864368530
-3124.1864300676
-3124.1864402644
-3124.1863714109
-3124.1864191247
-3124.1864439519
-3124.1863786066
-3124.1864208220
-3124.1863746500
-3124.1864356513
-3124.1864367166
-3124.1864171118
-3124.1864366512
-3124.1863912381
-3124.1864584118
-3124.1863963921
-3124.1864473203
-3124.1864362432
-3124.1864421263
-3124.1864065795
-3124.1864245812
-3124.1864318964
-3124.1864249840
-3124.1864209317
-3124.1863784463
-3124.1864262396
-3124.1863768491
-3124.1863800911
-3124.1864437606
-3124.1864269586
-3124.1864209238
-3124.1864091194
-3124.1864370388
-3124.1864267592
-3124.1863414773
-3124.1864273711
-3124.1864499623
-3124.1864256768
-3124.1864039603
-3124.1864422407
-3124.1864250701
-3124.1863923162
-3124.1864193832
-3124.1864221976
-3124.1863947671
-3124.1863884804
-3124.1864245735
-3124.1863995174
-3124.1863773418
-3124.1864111265
-3124.1863432936
-3124.1864368638
-3124.1864342135
-3124.1864155531
-3124.1864391164
-3124.1864041543
-3124.1864285584
-3124.1864052925
-3124.1864193899
-3124.1864118932
-3124.1864255991
-3124.1864001920
-3124.1864586672
-3124.1864219152
-3124.1864204427
-3124.1864278471
-3124.1863986110
-3124.1864430895
-3124.1864133302
-3124.1864502709
-3124.1864254840
-3124.1864098363
-3124.1863946499
-3124.1863880229
-3124.1863884020
-3124.1864342192
-3124.1863768502
-3124.1864268731
-3124.1863549825
-3124.1864205168
-3124.1864228183
-3124.1864339929
-3124.1863945171
-3124.1864117995
-3124.1864115853
-3124.1864021618
-3124.1864304614
-3124.1864190473
-3124.1864301687
-3124.1864176953
-3124.1864334716
-3124.1863780278
-3124.1864471792
-3124.1863960063
-3124.1864029427
-3124.1864394303
-3124.1864187286
-3124.1864217283
-3124.1863733679
-3124.1864384522
-3124.1864118936
-3124.1864426773
-3124.1864239262
-3124.1864144902
-3124.1863972104
-3124.1864199266
-3124.1864133244
-3124.1863988382
-3124.1864238003
-3124.1863826995
-3124.1864386968
-3124.1864133008
-3124.1863997075
-3124.1863698823
-3124.1864248219
-3124.1864277035
-3124.1864264046
-3124.1864394280
-3124.1864494588
-3124.1864147163
-3124.1864176266
-3124.1864069045
-3124.1864529713
-3124.1864459044
-3124.1864028019
-3124.1864482404
-3124.1864325627
-3124.1864265115
-3124.1864055338
-3124.1864085441
-3124.1864595314
-3124.1864259135
-3124.1863845470
-3124.1864152618
-3124.1864397140
-3124.1864345022
-3124.1864197160
-3124.1863737454
-3124.1864280672
-3124.1864237303
-3124.1863945108
-3124.1864371154
-3124.1864250025
-3124.1864163495
-3124.1864569582
-3124.1864374214
-3124.1864089462
-3124.1864407696
-3124.1864184518
-3124.1863671572
-3124.1864084934
-3124.1864281324
-3124.1864368287
-3124.1864147867
-3124.1864263034
-3124.1864439473
-3124.1863978374
-3124.1864485338
-3124.1864022130
-3124.1864426689
-3124.1864592046
-3124.1864452744
-3124.1864387511
-3124.1864239960
-3124.1863768945
-3124.1864327936
-3124.1863758893
-3124.1863962850
-3124.1864316382
-3124.1864243420
-3124.1864060863
-3124.1864395903
-3124.1864124996
-3124.1864062520
-3124.1864140694
-3124.1864305955
-3124.1864204832
-3124.1863956467
-3124.1864291241
-3124.1863910971
-3124.1864326435
-3124.1863772492
-3124.1864541985
-3124.1864133208
-3124.1864188620
-3124.1864260565
-3124.1863731949
-3124.1863960046
-3124.1864184852
-3124.1863825577
-3124.1864011405
-3124.1863808914
-3124.1864320335
-3124.1864283531
-3124.1864020793
-3124.1864091223
-3124.1864300872
-3124.1864007171
-3124.1864286779
-3124.1864188358
-3124.1863650163
-3124.1863607529
-3124.1863962607
-3124.1864258941
-3124.1864075394
-3124.1864468630
-3124.1864355349
-3124.1864064181
-3124.1864120444
-3124.1863904550
-3124.1864265910
-3124.1864355706
-3124.1864359116
-3124.1864163753
-3124.1864446074
-3124.1864010848
-3124.1863957872
-3124.1863820410
-3124.1863794885
-3124.1863866058
-3124.1863757183
-3124.1864173077
-3124.1864045584
-3124.1863938225
-3124.1864201875
-3124.1864413250
-3124.1864244558
-3124.1864246016
-3124.1864046592
-3124.1864067707
-3124.1864392131
-3124.1864453974
-3124.1863955188
-3124.1864284390
-3124.1864154131
-3124.1864460507
-3124.1863518983
-3124.1863888870
-3124.1863956777
-3124.1863904944
-3124.1864016821
-3124.1863787914
-3124.1864153114
-3124.1863869420
-3124.1864302094
-3124.1864298401
-3124.1863812837
-3124.1864587827
-3124.1864592308
-3124.1864175069
-3124.1864272709
-3124.1864406032
-3124.1864427318
-3124.1864451116
-3124.1864270181
-3124.1864173300
-3124.1864211643
-3124.1864209043
-3124.1863910367
-3124.1864041015
-3124.1864196853
-3124.1863822725
-3124.1864414673
-3124.1864360923
-3124.1864032479
-3124.1864271968
-3124.1864098667
-3124.1864265464
-3124.1864277486
-3124.1864407187
-3124.1864222665
-3124.1864309112
-3124.1864335245
-3124.1863812306
-3124.1863806200
-3124.1864306259
-3124.1863752214
-3124.1864281750
-3124.1863934025
-3124.1863755451
-3124.1864090060
-3124.1864494592
-3124.1864464923
-3124.1864199052
-3124.1864464293
-3124.1864171716
-3124.1864313609
-3124.1864381413
-3124.1864053422
-3124.1864517160
-3124.1863784833
-3124.1864076940
-3124.1863604155
-3124.1864253206
-3124.1863986106
-3124.1863511456
-3124.1864221797
-3124.1863874795
-3124.1863788704
-3124.1864146331
-3124.1864202575
-3124.1863969156
-3124.1863848294
-3124.1863785077
-3124.1863923661
-3124.1864402892
-3124.1864410108
-3124.1864378367
-3124.1864397533
-3124.1864237251
-3124.1864397848
-3124.1864019517
-3124.1863994213
-3124.1864307687
-3124.1864324515
-3124.1864334530
-3124.1864506135
-3124.1864002115
-3124.1864303245
-3124.1863637692
-3124.1864182993
-3124.1864201236
-3124.1864049190
-3124.1864487277
-3124.1864481254
-3124.1864004204
-3124.1864245034
-3124.1864215486
-3124.1863978928
-3124.1864377492
-3124.1864066183
-3124.1863909251
-3124.1864209230
-3124.1864358182
-3124.1864488812
-3124.1864217735
-3124.1864211743
-3124.1864317419
-3124.1863781261
-3124.1864073233
-3124.1864386626
-3124.1864331888
-3124.1864003798
-3124.1864272714
-3124.1864446610
-3124.1864587679
-3124.1864269770
-3124.1864402153
-3124.1864522882
-3124.1864005200
-3124.1864367180
-3124.1863891145
-3124.1863697251
-3124.1863888344
-3124.1864399656
-3124.1864142091
-3124.1863803638
-3124.1864142831
-3124.1864239425
-3124.1864076382
-3124.1864350173
-3124.1864172889
-3124.1864201811
-3124.1864170214
-3124.1864257777
-3124.1863966381
-3124.1863646362
-3124.1864278772
-3124.1863868645
-3124.1864006261
-3124.1863105850
-3124.1864309024
-3124.1863540755
-3124.1864314735
-3124.1864234942
-3124.1864349923
-3124.1864111271
-3124.1864338684
-3124.1864050784
-3124.1864262432
-3124.1864477315
-3124.1864177671
-3124.1863667067
-3124.1864313320
-3124.1864046874
-3124.1864131209
-3124.1864359736
-3124.1864113323
-3124.1864065110
-3124.1864279917
-3124.1863839818
-3124.1863886755
-3124.1863628062
-3124.1864560035
-3124.1864418264
-3124.1864401536
-3124.1863972447
-3124.1864159803
-3124.1864201077
-3124.1864263547
-3124.1863955119
-3124.1863789068
-3124.1864399698
-3124.1864362469
-3124.1864157086
-3124.1864454297
-3124.1864196906
-3124.1864179388
-3124.1863875997
-3124.1864252137
-3124.1863794372
-3124.1864062208
-3124.1864339381
-3124.1864359520
-3124.1864174554
-3124.1864370193
-3124.1864224084
-3124.1864604076
-3124.1864259492
-3124.1864053407
-3124.1864407963
-3124.1864273148
-3124.1864608851
-3124.1864291771
-3124.1864134809
-3124.1864387395
-3124.1864480261
-3124.1864449495
-3124.1864311593
-3124.1864372748
-3124.1864040480
-3124.1864461121
-3124.1864311636
-3124.1864059621
-3124.1864203877
-3124.1864242540
-3124.1864204861
-3124.1864447922
-3124.1863984960
-3124.1863960134
-3124.1864289593
-3124.1863571568
-3124.1864409748
-3124.1864120002
-3124.1864566635
-3124.1863822426
-3124.1863392750
-3124.1864087474
-3124.1864308735
-3124.1864107091
-3124.1864331591
-3124.1864080257
-3124.1864245774
-3124.1864199666
-3124.1863659099
-3124.1864474248
-3124.1864386191
-3124.1864380001
-3124.1863971556
-3124.1864177005
-3124.1864596493
-3124.1863716286
-3124.1864092955
-3124.1864102925
-3124.1864286764
-3124.1864211685
-3124.1863926644
-3124.1863902301
-3124.1864057783
-3124.1864450841
-3124.1864115583
-3124.1864208753
-3124.1864536674
-3124.1864336307
-3124.1863953776
-3124.1864278725
-3124.1864239358
-3124.1864273083
-3124.1864464700
-3124.1864171994
-3124.1863615869
-3124.1864250709
-3124.1864376116
-3124.1863640612
-3124.1864263935
-3124.1864484117
-3124.1863998994
-3124.1864149173
-3124.1864218665
-3124.1864108348
-3124.1864348287
-3124.1864071760
-3124.1864039958
-3124.1864406315
-3124.1864497909
-3124.1863951636
-3124.1864166501
-3124.1864098983
-3124.1864019363
-3124.1864325880
-3124.1864331422
-3124.1864363015
-3124.1864537887
-3124.1864210025
-3124.1864345751
-3124.1864531248
-3124.1864436537
-3124.1864035510
-3124.1864273463
-3124.1864371519
-3124.1864655772
-3124.1863459953
-3124.1864225448
-3124.1864334555
-3124.1863952314
-3124.1864144596
-3124.1864248129
-3124.1864461640
-3124.1863918976
-3124.1864232137
-3124.1864359053
-3124.1863962038
-3124.1864327795
-3124.1864276633
-3124.1864223127
-3124.1864370424
-3124.1864071720
-3124.1864383319
-3124.1864367418
-3124.1864266235
-3124.1864204855
-3124.1864232897
-3124.1864466162
-3124.1864406489
-3124.1863857457
-3124.1864107346
-3124.1864478508
-3124.1864201047
-3124.1863958307
-3124.1864093896
-3124.1864177951
-3124.1864193349
-3124.1863731106
-3124.1864143267
-3124.1864132054
-3124.1864060580
-3124.1864391710
-3124.1864487588
-3124.1864317280
-3124.1864228422
-3124.1864235954
-3124.1864387202
-3124.1864079137
-3124.1864444543
-3124.1864116097
-3124.1864493370
-3124.1864202471
-3124.1864374910
-3124.1864208309
-3124.1864000538
-3124.1863999632
-3124.1864048492
-3124.1863451426
-3124.1863910501
-3124.1864435815
-3124.1864112473
-3124.1864162607
-3124.1864178587
-3124.1864123207
-3124.1864317346
-3124.1863949411
-3124.1863957061
-3124.1864155041
-3124.1864291155
-3124.1864212308
-3124.1864174697
-3124.1864080270
-3124.1863843058
-3124.1863974923
-3124.1864554195
-3124.1864299578
-3124.1863948547
-3124.1863906809
-3124.1864155561
-3124.1864101371
-3124.1864061536
-3124.1863762276
-3124.1864375397
-3124.1864314054
-3124.1863639305
-3124.1864087105
-3124.1864400463
-3124.1864508399
-3124.1863994882
-3124.1863954293
-3124.1863997248
-3124.1864316336
-3124.1864331618
-3124.1864530153
-3124.1864259549
-3124.1864334474
-3124.1864088276
-3124.1864427663
-3124.1864217413
-3124.1864009412
-3124.1864339897
-3124.1864336320
-3124.1864284763
-3124.1864173683
-3124.1864352615
-3124.1863883606
-3124.1864495014
-3124.1864306975
-3124.1864504279
-3124.1864013890
-3124.1864083612
-3124.1863609757
-3124.1863919399
-3124.1864461035
-3124.1864478101
-3124.1864381524
-3124.1864173987
-3124.1863963677
-3124.1864158151
-3124.1864315283
-3124.1864468899
-3124.1864236042
-3124.1864093938
-3124.1863990954
-3124.1864316067
-3124.1863974247
-3124.1863978280
-3124.1864090586
-3124.1864183723
-3124.1864257511
-3124.1864088874
-3124.1863572423
-3124.1864182580
-3124.1863933488
-3124.1864352642
-3124.1864114471
-3124.1864171815
-3124.1864466379
-3124.1864164084
-3124.1864070563
-3124.1863889103
-3124.1864349794
-3124.1864552139
-3124.1864087811
-3124.1864254488
-3124.1864041911
-3124.1864175164
-3124.1864039442
-3124.1864584357
-3124.1864063267
-3124.1864212939
-3124.1864420061
-3124.1864362410
-3124.1864237748
-3124.1864183718
-3124.1863932602
-3124.1864291845
-3124.1864292962
-3124.1863901216
-3124.1864135265
-3124.1864398647
-3124.1864412355
-3124.1864191778
-3124.1864053597
-3124.1864213207
-3124.1864515316
-3124.1864353241
-3124.1864538279
-3124.1864235166
-3124.1863995402
-3124.1864531326
-3124.1864259774
-3124.1864470747
-3124.1863892231
-3124.1863893909
-3124.1864379523
-3124.1864028655
-3124.1863679917
-3124.1864217438
-3124.1864019550
-3124.1864274128
-3124.1864029667
-3124.1864008611
-3124.1863950901
-3124.1863789095
-3124.1864253671
-3124.1864157694
-3124.1864445395
-3124.1864515319
-3124.1864230340
-3124.1864469763
-3124.1863820118
-3124.1864050994
-3124.1864421104
-3124.1864022915
-3124.1864185517
-3124.1864186041
-3124.1864302995
-3124.1863749483
-3124.1864445083
-3124.1864045451
-3124.1864465591
-3124.1863887317
-3124.1864279996
-3124.1864319548
-3124.1864293047
-3124.1864361785
-3124.1864294307
-3124.1864198520
-3124.1864208010
-3124.1864189410
-3124.1864218132
-3124.1864134833
-3124.1864496421
-3124.1864371228
-3124.1864105383
-3124.1864430669
-3124.1864411825
-3124.1863833250
-3124.1864284974
-3124.1863729635
-3124.1864255996
-3124.1864538715
-3124.1864347851
-3124.1864558597
-3124.1863875373
-3124.1863931409
-3124.1864353688
-3124.1864162734
-3124.1864441958
-3124.1864023237
-3124.1864398378
-3124.1864209082
-3124.1863880059
-3124.1864156023
-3124.1864038339
-3124.1864241090
-3124.1864113355
-3124.1864257241
-3124.1863763997
-3124.1864181834
-3124.1864132685
-3124.1864512715
-3124.1863787153
-3124.1864195652
-3124.1864477654
-3124.1864050451
-3124.1864372490
-3124.1864440353
-3124.1863808615
-3124.1863329026
-3124.1863521424
-3124.1864330984
-3124.1864125684
-3124.1863857739
-3124.1864464752
-3124.1864020242
-3124.1864057293
-3124.1863994086
-3124.1864161320
-3124.1864205255
-3124.1864230791
-3124.1863774584
-3124.1864153518
-3124.1864462878
-3124.1863788353
-3124.1864397412
-3124.1864330348
-3124.1863881576
-3124.1863973023
-3124.1864257478
-3124.1864283543
-3124.1863634965
-3124.1863752840
-3124.1863823800
-3124.1864372554
-3124.1864310084
-3124.1864042470
-3124.1863994516
-3124.1864416965
-3124.1864538819
-3124.1864321869
-3124.1864139333
-3124.1864223106
-3124.1863965115
-3124.1864005661
-3124.1864054313
-3124.1863854497
-3124.1863809720
-3124.1864273741
-3124.1864113483
-3124.1864127407
-3124.1864510670
-3124.1864401784
-3124.1864387275
-3124.1864325155
-3124.1864127295
-3124.1864281069
-3124.1863988981
-3124.1863624293
-3124.1864030096
-3124.1864387159
-3124.1864492311
-3124.1864300764
-3124.1864107436
-3124.1863940585
-3124.1864474612
-3124.1864110544
-3124.1864344988
-3124.1864185856
-3124.1864153143
-3124.1863989056
-3124.1864229428
-3124.1863981564
-3124.1863612726
-3124.1864497409
-3124.1863918539
-3124.1864064979
-3124.1864311819
-3124.1863817535
-3124.1863937008
-3124.1864401446
-3124.1864277874
-3124.1864175706
-3124.1864592599
-3124.1863785782
-3124.1863717156
-3124.1864135113
-3124.1864207784
-3124.1864270321
-3124.1864158249
-3124.1863814067
-3124.1864390892
-3124.1863789445
-3124.1863797253
-3124.1864462775
-3124.1864202232
-3124.1864240091
-3124.1864024152
-3124.1864222708
-3124.1863973130
-3124.1863771216
-3124.1864481087
-3124.1864485431
-3124.1863815124
-3124.1864083144
-3124.1863586331
-3124.1864069601
-3124.1863812581
-3124.1864034119
-3124.1864331847
-3124.1864465884
-3124.1864318822
-3124.1863979739
-3124.1864005690
-3124.1864146082
-3124.1864060656
-3124.1864361639
-3124.1863963005
-3124.1863909747
-3124.1864201905
-3124.1864216446
-3124.1864345241
-3124.1864335024
-3124.1864434540
-3124.1863899430
-3124.1864151132
-3124.1863830948
-3124.1864155929
-3124.1864170488
-3124.1863981251
-3124.1863974911
-3124.1863778601
-3124.1864074563
-3124.1864148888
-3124.1864010053
-3124.1864258166
-3124.1864386609
-3124.1864114852
-3124.1864575767
-3124.1864482817
-3124.1863911234
-3124.1863974769
-3124.1863974477
-3124.1864187627
-3124.1864169488
-3124.1864135963
-3124.1864003341
-3124.1864390410
-3124.1864395106
-3124.1864463378
-3124.1864131832
-3124.1864136755
-3124.1863856965
-3124.1864334140
-3124.1864079760
-3124.1864046085
-3124.1864331046
-3124.1863983081
-3124.1864176176
-3124.1864324056
-3124.1864218700
-3124.1864436556
-3124.1863881210
-3124.1864215762
-3124.1864142353
-3124.1863863585
-3124.1864544864
-3124.1864075312
-3124.1864175496
-3124.1864128931
-3124.1863847355
-3124.1864181265
-3124.1864171776
-3124.1864449860
-3124.1864182942
-3124.1863770638
-3124.1864238933
-3124.1864462855
-3124.1863990248
-3124.1863736872
-3124.1864118306
-3124.1864158915
-3124.1864115378
-3124.1864239980
-3124.1864520431
-3124.1863971178
-3124.1864440836
-3124.1864353813
-3124.1864119303
-3124.1864127245
-3124.1864338223
-3124.1863932355
-3124.1864347171
-3124.1864365528
-3124.1864144619
-3124.1864020276
-3124.1864167643
-3124.1864185748
-3124.1864146687
-3124.1864337071
-3124.1864379400
-3124.1864519126
-3124.1864217997
-3124.1863736893
-3124.1864349719
-3124.1864002488
-3124.1864322698
-3124.1864212249
-3124.1864182171
-3124.1864012508
-3124.1863985719
-3124.1863844099
-3124.1863924320
-3124.1864254552
-3124.1864156811
-3124.1864034607
-3124.1863664301
-3124.1864213037
-3124.1863846543
-3124.1864260694
-3124.1864065341
-3124.1863984557
-3124.1864005554
-3124.1864047131
-3124.1864207875
-3124.1864108306
-3124.1864324830
-3124.1864248907
-3124.1864009487
-3124.1864026711
-3124.1864566473
-3124.1863647708
-3124.1864290645
-3124.1863803374
-3124.1864199145
-3124.1863863169
-3124.1864219439
-3124.1864170105
-3124.1864223176
-3124.1864270823
-3124.1863565967
-3124.1864274326
-3124.1864402720
-3124.1863483815
-3124.1863867654
-3124.1863993344
-3124.1864150529
-3124.1863947418
-3124.1864113902
-3124.1863883910
-3124.1864228942
-3124.1864098194
-3124.1864108818
-3124.1864157716
-3124.1863746167
-3124.1864399105
-3124.1864288587
-3124.1864418617
-3124.1864211483
-3124.1864137567
-3124.1863785349
-3124.1864125596
-3124.1864087528
-3124.1863959863
-3124.1864024515
-3124.1864235532
-3124.1863772976
-3124.1864155040
-3124.1864545664
-3124.1863943531
-3124.1863997236
-3124.1864303168
-3124.1863878094
-3124.1864187115
-3124.1863998017
-3124.1864527358
-3124.1864528909
-3124.1864229008
-3124.1864055388
-3124.1863988698
-3124.1864115860
-3124.1864309962
-3124.1864448262
-3124.1864068465
-3124.1864112135
-3124.1864449897
-3124.1864260496
-3124.1864299635
-3124.1863865341
-3124.1863897966
-3124.1864225690
-3124.1864365887
-3124.1863977453
-3124.1864384974
-3124.1864478098
-3124.1864553038
-3124.1864233012
-3124.1864170718
-3124.1863877554
-3124.1864309344
-3124.1864223420
-3124.1864257200
-3124.1864336770
-3124.1864179930
-3124.1864350374
-3124.1863237094
-3124.1864465900
-3124.1864323232
-3124.1863364683
-3124.1864531678
-3124.1864088214
-3124.1864184535
-3124.1864062158
-3124.1864284561
-3124.1864313536
-3124.1863487943
-3124.1863989311
-3124.1864156057
-3124.1864286693
-3124.1864024737
-3124.1864102753
-3124.1864033523
-3124.1864454512
-3124.1864018807
-3124.1863662727
-3124.1864233832
-3124.1863962291
-3124.1864313066
-3124.1864461831
-3124.1864202644
-3124.1864369304
-3124.1864179718
-3124.1864380227
-3124.1864345423
-3124.1864191435
-3124.1863811482
-3124.1864378189
-3124.1863769849
-3124.1863781736
-3124.1864145755
-3124.1864265995
-3124.1864271593
-3124.1863281760
-3124.1864419985
-3124.1863660890
-3124.1864398926
-3124.1864373225
-3124.1863812929
-3124.1864200725
-3124.1864110527
-3124.1864445168
-3124.1864390779
-3124.1864301156
-3124.1864084958
-3124.1864293979
-3124.1864443147
-3124.1864264148
-3124.1864429383
-3124.1864178097
-3124.1863890241
-3124.1864176398
-3124.1863951995
-3124.1863863623
-3124.1864183015
-3124.1864164270
-3124.1864117186
-3124.1864314018
-3124.1864538475
-3124.1863369701
-3124.1864426591
-3124.1864088609
-3124.1864177624
-3124.1863695180
-3124.1864280180
-3124.1864283368
-3124.1864533640
-3124.1864276682
-3124.1864418126
-3124.1864537203
-3124.1864265332
-3124.1864171419
-3124.1864186169
-3124.1863949977
-3124.1863830036
-3124.1864346493
-3124.1864529357
-3124.1863991641
-3124.1864483594
-3124.1864145058
-3124.1863635536
-3124.1864338447
-3124.1864218008
-3124.1864114056
-3124.1864347493
-3124.1864109355
-3124.1863734945
-3124.1864420026
-3124.1863870790
-3124.1864231020
-3124.1864210722
-3124.1864193708
-3124.1864144112
-3124.1864253431
-3124.1864221037
-3124.1863702185
-3124.1863361212
-3124.1864105860
-3124.1864421418
-3124.1864159429
-3124.1864039002
-3124.1864600949
-3124.1864210707
-3124.1863652158
-3124.1863999053
-3124.1864184143
-3124.1864341795
-3124.1864078068
-3124.1864332112
-3124.1863932460
-3124.1863828615
-3124.1864486432
-3124.1864282152
-3124.1863822569
-3124.1864386549
-3124.1864094842
-3124.1863948985
-3124.1864327198
-3124.1864135936
-3124.1864115936
-3124.1864531309
-3124.1864519516
-3124.1864243460
-3124.1864573816
-3124.1864182412
-3124.1863801988
-3124.1864144297
-3124.1864593364
-3124.1863949620
-3124.1864159538
-3124.1864493091
-3124.1864071667
-3124.1863805402
-3124.1864258772
-3124.1863885348
-3124.1863895016
-3124.1864322338
-3124.1864366473
-3124.1864124359
-3124.1864462464
-3124.1864497250
-3124.1864398903
-3124.1863929767
-3124.1864178879
-3124.1864444552
-3124.1863827625
-3124.1864196740
-3124.1864516952
-3124.1864310636
-3124.1863746363
-3124.1864251467
-3124.1863963499
-3124.1864453371
-3124.1864347981
-3124.1864305819
-3124.1864318022
-3124.1864135367
-3124.1863829538
-3124.1864228130
-3124.1864342782
-3124.1863670989
-3124.1864515392
-3124.1864062068
-3124.1863910972
-3124.1864385432
-3124.1863845043
-3124.1864275976
-3124.1863936847
-3124.1864250963
-3124.1863705221
-3124.1863745534
-3124.1863700223
-3124.1864058899
-3124.1864107302
-3124.1864605338
-3124.1863903423
-3124.1864046671
-3124.1864490362
-3124.1864275580
-3124.1864235308
-3124.1864632542
-3124.1864151737
-3124.1864395383
-3124.1864117970
-3124.1864238056
-3124.1864460369
-3124.1864210113
-3124.1863864763
-3124.1863972311
-3124.1864095851
-3124.1864114601
-3124.1864382013
-3124.1864215886
-3124.1863838709
-3124.1864474054
-3124.1864297411
-3124.1863948285
-3124.1864470671
-3124.1863974120
-3124.1863868294
-3124.1864044540
-3124.1864487234
-3124.1864383309
-3124.1864045209
-3124.1864359252
-3124.1864555508
-3124.1864426589
-3124.1863643616
-3124.1863836362
-3124.1864457020
-3124.1864277343
-3124.1864122335
-3124.1864516311
-3124.1864566359
-3124.1863924900
-3124.1864003699
-3124.1864071851
-3124.1864177526
-3124.1864251646
-3124.1864416833
-3124.1863902202
-3124.1864556362
-3124.1864124650
-3124.1864265421
-3124.1864122740
-3124.1864038724
-3124.1864170549
-3124.1864517480
-3124.1864053974
-3124.1864161466
-3124.1863868371
-3124.1864278840
-3124.1864191125
-3124.1864337466
-3124.1864420139
-3124.1864084817
-3124.1863998883
-3124.1863780351
-3124.1864539121
-3124.1863962509
-3124.1863760183
-3124.1864251170
-3124.1864330463
-3124.1864498455
-3124.1864411056
-3124.1864431099
-3124.1864565705
-3124.1864170406
-3124.1863869154
-3124.1863800535
-3124.1864432670
-3124.1864180480
-3124.1863727246
-3124.1864174264
-3124.1864604681
-3124.1864259010
-3124.1864439541
-3124.1864189352
-3124.1864145838
-3124.1864315878
-3124.1864191529
-3124.1864297775
-3124.1864061274
-3124.1863390992
-3124.1863802517
-3124.1863883415
-3124.1864092303
-3124.1864530103
-3124.1863610843
-3124.1863893171
-3124.1864210094
-3124.1864308988
-3124.1864432240
-3124.1863996474
-3124.1864167434
-3124.1864371150
-3124.1863993005
-3124.1864332844
-3124.1864365916
-3124.1863835523
-3124.1864487782
-3124.1864296837
-3124.1864113064
-3124.1864006185
-3124.1863813011
-3124.1863952655
-3124.1864478314
-3124.1864198060
-3124.1864106698
-3124.1864247732
-3124.1863695094
-3124.1863914769
-3124.1863889479
-3124.1864442489
-3124.1864347418
-3124.1863771845
-3124.1863963494
-3124.1863873902
-3124.1864268757
-3124.1864178223
-3124.1864008609
-3124.1863714119
-3124.1864313616
-3124.1864247399
-3124.1864026891
-3124.1864422176
-3124.1864255182
-3124.1863866069
-3124.1864027206
-3124.1863895228
-3124.1864097140
-3124.1864424420
-3124.1864231692
-3124.1863419408
-3124.1864567772
-3124.1863895089
-3124.1863782306
-3124.1864014028
-3124.1864026349
-3124.1864085329
-3124.1864162727
-3124.1864382825
-3124.1864269461
-3124.1863838873
-3124.1864276718
-3124.1864103090
-3124.1864309176
-3124.1863987951
-3124.1864075719
-3124.1863919497
-3124.1863659225
-3124.1864002943
-3124.1864145081
-3124.1864019671
-3124.1864082336
-3124.1863565049
-3124.1864206411
-3124.1863876776
-3124.1864174431
-3124.1864269562
-3124.1864289426
-3124.1864251052
-3124.1864018396
-3124.1864444187
-3124.1864082549
-3124.1864309011
-3124.1864524117
-3124.1863907553
-3124.1864193377
-3124.1864127214
-3124.1864027515
-3124.1864422708
-3124.1864341054
-3124.1864091696
-3124.1864115392
-3124.1864058351
-3124.1864269774
-3124.1864271653
-3124.1864521183
-3124.1864022348
-3124.1864340590
-3124.1864521391
-3124.1863675523
-3124.1863747332
-3124.1864244065
-3124.1863949506
-3124.1864332129
-3124.1864143524
-3124.1864295086
-3124.1864032326
-3124.1863609379
-3124.1864054202
-3124.1864613077
-3124.1864163492
-3124.1864003354
-3124.1864614492
-3124.1864284052
-3124.1864085355
-3124.1864039114
-3124.1864345615
-3124.1864040093
-3124.1864005667
-3124.1864315294
-3124.1863658170
-3124.1864399561
-3124.1863939036
-3124.1863922570
-3124.1863720509
-3124.1864301984
-3124.1864280017
-3124.1864317851
-3124.1864119271
-3124.1864376578
-3124.1864096407
-3124.1864148297
-3124.1864341764
-3124.1863985401
-3124.1864286105
-3124.1864145312
-3124.1863951261
-3124.1863955147
-3124.1863090780
-3124.1864286374
-3124.1864101940
-3124.1864246775
-3124.1864222196
-3124.1864142137
-3124.1864510393
-3124.1864396857
-3124.1864352793
-3124.1864245154
-3124.1864278558
-3124.1864077147
-3124.1864251853
-3124.1864262492
-3124.1864127461
-3124.1864044284
-3124.1864538697
-3124.1864003601
-3124.1863742922
-3124.1864012312
-3124.1864031706
-3124.1863931159
-3124.1864113110
-3124.1864268866
-3124.1864306564
-3124.1864309272
-3124.1864148814
-3124.1864224762
-3124.1864235311
-3124.1863937475
-3124.1864287780
-3124.1864036637
-3124.1864283054
-3124.1864148768
-3124.1864440930
-3124.1864392970
-3124.1863895836
-3124.1864114318
-3124.1864510777
-3124.1864190897
-3124.1864492001
-3124.1864076700
-3124.1864244214
-3124.1864243408
-3124.1863687595
-3124.1864264981
-3124.1864280181
-3124.1864459329
-3124.1864209835
-3124.1864228175
-3124.1863914083
-3124.1864064649
-3124.1863911573
-3124.1864111565
-3124.1864262374
-3124.1863875553
-3124.1864076865
-3124.1864485438
-3124.1864376279
-3124.1863723239
-3124.1864243308
-3124.1864113208
-3124.1864351752
-3124.1864226131
-3124.1864015876
-3124.1864468183
-3124.1864340988
-3124.1863832363
-3124.1864320667
-3124.1863818814
-3124.1864578101
-3124.1864385428
-3124.1863593651
-3124.1864523741
-3124.1864533039
-3124.1863836449
-3124.1864216765
-3124.1864097200
-3124.1864037003
-3124.1864090057
-3124.1864374567
-3124.1864215697
-3124.1863782614
-3124.1864395358
-3124.1864600605
-3124.1864509045
-3124.1864409893
-3124.1864427977
-3124.1864438318
-3124.1864610832
-3124.1864198693
-3124.1863607072
-3124.1863946191
-3124.1864183003
-3124.1864216360
-3124.1864466136
-3124.1864035587
-3124.1864085437
-3124.1864414311
-3124.1864233477
-3124.1864285832
-3124.1864588898
-3124.1864044218
-3124.1864435394
-3124.1864486693
-3124.1864274696
-3124.1864054872
-3124.1863506134
-3124.1864063385
-3124.1864148195
-3124.1863921054
-3124.1864323258
-3124.1864299003
-3124.1864176379
-3124.1864213934
-3124.1863863656
-3124.1864279558
-3124.1863988243
-3124.1864425659
-3124.1863993112
-3124.1863884942
-3124.1864424828
-3124.1864216702
-3124.1864327972
-3124.1864200907
-3124.1864373183
-3124.1864160537
-3124.1864432806
-3124.1864249128
-3124.1864124026
-3124.1864190093
-3124.1863975127
-3124.1864458443
-3124.1864038637
-3124.1864377020
-3124.1864116590
-3124.1864099648
-3124.1864493893
-3124.1864273812
-3124.1863683370
-3124.1864130296
-3124.1864051871
-3124.1864487046
-3124.1864241524
-3124.1863866217
-3124.1864104120
-3124.1864166986
-3124.1864470900
-3124.1863580600
-3124.1864408327
-3124.1864044641
-3124.1864146339
-3124.1864404728
-3124.1864157702
-3124.1864192753
-3124.1864355101
-3124.1864359079
-3124.1864041842
-3124.1864339610
-3124.1864134134
-3124.1863959515
-3124.1864060811
-3124.1864176744
-3124.1864393568
-3124.1863947445
-3124.1864345623
-3124.1863920849
-3124.1864109291
-3124.1864533908
-3124.1863662003
-3124.1864287521
-3124.1864287056
-3124.1864024560
-3124.1864384822
-3124.1863883950
-3124.1864396217
-3124.1864468877
-3124.1863874557
-3124.1864133027
-3124.1864449184
-3124.1863963278
-3124.1864069808
-3124.1864009195
-3124.1864306762
-3124.1864396832
-3124.1863648160
-3124.1864602263
-3124.1864490275
-3124.1864405279
-3124.1863740105
-3124.1863827610
-3124.1864419711
-3124.1863729678
-3124.1863906710
-3124.1863994236
-3124.1863870789
-3124.1863844809
-3124.1863437893
-3124.1864189956
-3124.1864333359
-3124.1864568255
-3124.1864202853
-3124.1864283639
-3124.1863931110
-3124.1864256033
-3124.1864487909
-3124.1863818185
-3124.1863905892
-3124.1863950749
-3124.1863925634
-3124.1864050909
-3124.1864087846
-3124.1864322990
-3124.1864162692
-3124.1864346822
-3124.1864205137
-3124.1864157137
-3124.1863818921
-3124.1864057600
-3124.1864370893
-3124.1864028668
-3124.1864080181
-3124.1864450369
-3124.1863883827
-3124.1864556564
-3124.1864482241
-3124.1863874693
-3124.1864064105
-3124.1864511164
-3124.1864107371
-3124.1864309708
-3124.1864260152
-3124.1864161538
-3124.1863561290
-3124.1864603658
-3124.1863689081
-3124.1864120504
-3124.1864286444
-3124.1864041450
-3124.1864304316
-3124.1864098842
-3124.1864378948
-3124.1864084032
-3124.1864508414
-3124.1864044043
-3124.1863967424
-3124.1864268531
-3124.1864422390
-3124.1864301322
-3124.1864318482
-3124.1863922141
-3124.1864331009
-3124.1864127213
-3124.1864200805
-3124.1864041376
-3124.1863901674
-3124.1864069859
-3124.1864166687
-3124.1864133588
-3124.1864248554
-3124.1863998876
-3124.1864169733
-3124.1864314219
-3124.1864300673
-3124.1864171749
-3124.1864027593
-3124.1864429633
-3124.1864104286
-3124.1864315021
-3124.1864473442
-3124.1864042081
-3124.1864248675
-3124.1864197208
-3124.1864122055
-3124.1864511827
-3124.1864409956
-3124.1864356395
-3124.1864654564
-3124.1863923061
-3124.1864244234
-3124.1864306930
-3124.1864272788
-3124.1864222223
-3124.1864652536
-3124.1864287954
-3124.1864070597
-3124.1864214974
-3124.1864473553
-3124.1864076943
-3124.1863473267
-3124.1864286927
-3124.1864457046
-3124.1864050621
-3124.1864336246
-3124.1863968762
-3124.1864273403
-3124.1863918715
-3124.1864175833
-3124.1863775185
-3124.1864137436
-3124.1863614907
-3124.1863551638
-3124.1864478932
-3124.1864364212
-3124.1864348250
-3124.1863805346
-3124.1864380224
-3124.1864053378
-3124.1864075924
-3124.1864327707
-3124.1864064379
-3124.1864369322
-3124.1864101564
-3124.1863887884
-3124.1863824542
-3124.1863784475
-3124.1864565849
-3124.1864108464
-3124.1864324172
-3124.1864287512
-3124.1864261928
-3124.1864432549
-3124.1863895584
-3124.1864174820
-3124.1863916608
-3124.1863915911
-3124.1864087634
-3124.1863867755
-3124.1863952515
-3124.1864098165
-3124.1864112762
-3124.1863711180
-3124.1864275762
-3124.1863404172
-3124.1863919880
-3124.1863838379
-3124.1864206790
-3124.1863906185
-3124.1864260773
-3124.1864481898
-3124.1864071100
-3124.1864010982
-3124.1864218935
-3124.1864040234
-3124.1864065173
-3124.1864360223
-3124.1864345967
-3124.1863958588
-3124.1864069244
-3124.1863816168
-3124.1863910191
-3124.1864327835
-3124.1863474466
-3124.1864339994
-3124.1864353656
-3124.1864050424
-3124.1864361155
-3124.1864523937
-3124.1864157861
-3124.1864559119
-3124.1864436683
-3124.1864512174
-3124.1864329352
-3124.1864290137
-3124.1864303440
-3124.1864311051
-3124.1864330620
-3124.1864280881
-3124.1863995632
-3124.1864017386
-3124.1864144257
-3124.1864019031
-3124.1864082537
-3124.1864371784
-3124.1864604031
-3124.1863851400
-3124.1864343628
-3124.1864279290
-3124.1864481125
-3124.1864075762
-3124.1864498906
-3124.1864241769
-3124.1864323971
-3124.1864209370
-3124.1863780677
-3124.1864213063
-3124.1863726047
-3124.1864275328
-3124.1863966513
-3124.1864140831
-3124.1864472820
-3124.1864130010
-3124.1863880117
-3124.1864444785
-3124.1863983004
-3124.1863746251
-3124.1864489324
-3124.1863732559
-3124.1864150921
-3124.1864190072
-3124.1864111384
-3124.1864305217
-3124.1864053157
-3124.1863981648
-3124.1864370619
-3124.1864230584
-3124.1863719730
-3124.1864271085
-3124.1864279694
-3124.1864382487
-3124.1864445355
-3124.1864209114
-3124.1864079637
-3124.1864270020
-3124.1864024378
-3124.1864050347
-3124.1863678477
-3124.1863898408
-3124.1863863115
-3124.1864210355
-3124.1864080009
-3124.1864253135
-3124.1864164385
-3124.1863751809
-3124.1864396336
-3124.1864389663
-3124.1863765660
-3124.1864011668
-3124.1864476913
-3124.1864387548
-3124.1864364956
-3124.1864221452
-3124.1864368021
-3124.1864372109
-3124.1863755828
-3124.1863692790
-3124.1864345527
-3124.1864398731
-3124.1864053733
-3124.1864397187
-3124.1864128224
-3124.1864343981
-3124.1864313152
-3124.1864337376
-3124.1863645245
-3124.1864085664
-3124.1864326422
-3124.1863710763
-3124.1864231675
-3124.1864264197
-3124.1864341128
-3124.1863984106
-3124.1864378587
-3124.1864350712
-3124.1864395716
-3124.1864082263
-3124.1863811283
-3124.1864307734
-3124.1864071373
-3124.1864493952
-3124.1864357201
-3124.1864088267
-3124.1864384923
-3124.1863739470
-3124.1864360616
-3124.1864337583
-3124.1864362437
-3124.1864208711
-3124.1864101979
-3124.1864317265
-3124.1863815866
-3124.1864192150
-3124.1864449591
-3124.1864113973
-3124.1864349982
-3124.1864038111
-3124.1864338090
-3124.1864099306
-3124.1863855335
-3124.1864651738
-3124.1864280801
-3124.1863701867
-3124.1864150491
-3124.1864218097
-3124.1864419114
-3124.1864406867
-3124.1864327005
-3124.1864197807
-3124.1864162875
-3124.1864484248
-3124.1864415436
-3124.1863980071
-3124.1864418759
-3124.1864157850
-3124.1864169210
-3124.1864047125
-3124.1864328105
-3124.1863961420
-3124.1864018254
-3124.1864192459
-3124.1864125436
-3124.1864136922
-3124.1864387362
-3124.1864024998
-3124.1864234220
-3124.1864214852
-3124.1864535216
-3124.1863664034
-3124.1864363933
-3124.1864314987
-3124.1863967611
-3124.1864423895
-3124.1863497536
-3124.1864372455
-3124.1864021464
-3124.1863999940
-3124.1864013828
-3124.1864139935
-3124.1863865368
-3124.1864313688
-3124.1863810741
-3124.1864230559
-3124.1864109082
-3124.1864102786
-3124.1864488605
-3124.1864210706
-3124.1864166229
-3124.1864140728
-3124.1864221201
-3124.1863804881
-3124.1864277015
-3124.1863872704
-3124.1863960231
-3124.1864105302
-3124.1864023301
-3124.1863858481
-3124.1864251788
-3124.1863972225
-3124.1864385150
-3124.1863873710
-3124.1863957467
-3124.1864086984
-3124.1864311888
-3124.1864540534
-3124.1863864734
-3124.1863863553
-3124.1864171868
-3124.1864285262
-3124.1864216551
-3124.1864305125
-3124.1864436565
-3124.1863952568
-3124.1864235329
-3124.1864381901
-3124.1863931055
-3124.1864324979
-3124.1864053610
-3124.1864350437
-3124.1864250503
-3124.1863842062
-3124.1864303560
-3124.1863757979
-3124.1863997447
-3124.1864136469
-3124.1864158186
-3124.1864308863
-3124.1864069896
-3124.1864113436
-3124.1864177426
-3124.1864195503
-3124.1864431884
-3124.1864209029
-3124.1864363116
-3124.1864217334
-3124.1863899503
-3124.1864518460
-3124.1864051697
-3124.1863836014
-3124.1864094113
-3124.1864557510
-3124.1863724435
-3124.1864124131
-3124.1864458195
-3124.1864375874
-3124.1863846460
-3124.1864558372
-3124.1864201324
-3124.1863961632
-3124.1864304449
-3124.1863755771
-3124.1864448620
-3124.1864586765
-3124.1864238413
-3124.1863558767
-3124.1864064692
-3124.1864198173
-3124.1864225437
-3124.1863708034
-3124.1864306515
-3124.1864174771
-3124.1864419966
-3124.1864142491
-3124.1864293544
-3124.1863871115
-3124.1864257003
-3124.1864323442
-3124.1864158578
-3124.1864290084
-3124.1864553763
-3124.1864264456
-3124.1864093885
-3124.1864174063
-3124.1864171657
-3124.1864054597
-3124.1864166654
-3124.1863807601
-3124.1864012367
-3124.1864364392
-3124.1863967565
-3124.1863803572
-3124.1864389865
-3124.1864280420
-3124.1864154659
-3124.1864237788
-3124.1864174320
-3124.1864368303
-3124.1863954277
-3124.1864024046
-3124.1864323734
-3124.1863689968
-3124.1864108146
-3124.1864105043
-3124.1864325267
-3124.1864131563
-3124.1863978620
-3124.1864274607
-3124.1864313546
-3124.1864449317
-3124.1863944250
-3124.1864222987
-3124.1864167536
-3124.1864267543
-3124.1863862155
-3124.1864476906
-3124.1864454255
-3124.1864387517
-3124.1863806307
-3124.1864422442
-3124.1864088825
-3124.1864467026
-3124.1864154924
-3124.1863730175
-3124.1864488093
-3124.1864556609
-3124.1863889580
-3124.1864115523
-3124.1864151177
-3124.1864418679
-3124.1864007675
-3124.1863933878
-3124.1863929960
-3124.1864222705
-3124.1864652735
-3124.1864019093
-3124.1863968044
-3124.1864024616
-3124.1863777084
-3124.1864289503
-3124.1864088653
-3124.1863642866
-3124.1864217053
-3124.1864410658
-3124.1864330623
-3124.1864421888
-3124.1863505263
-3124.1864147270
-3124.1864307218
-3124.1864378963
-3124.1864332748
-3124.1864470600
-3124.1864176910
-3124.1864121845
-3124.1864305576
-3124.1864395151
-3124.1864315118
-3124.1864123736
-3124.1863907004
-3124.1864457970
-3124.1863803849
-3124.1863637717
-3124.1864258509
-3124.1864329179
-3124.1864061775
-3124.1864289098
-3124.1863866066
-3124.1863812620
-3124.1864420661
-3124.1864292846
-3124.1864026448
-3124.1864019488
-3124.1863821669
-3124.1864138233
-3124.1864111782
-3124.1864341845
-3124.1863791452
-3124.1863994993
-3124.1864082141
-3124.1864270775
-3124.1864316896
-3124.1864337329
-3124.1863948193
-3124.1864075494
-3124.1864110060
-3124.1864438895
-3124.1864032515
-3124.1864012781
-3124.1864040702
-3124.1863853135
-3124.1864315467
-3124.1864091039
-3124.1863818874
-3124.1864461982
-3124.1863823348
-3124.1863990746
-3124.1864254793
-3124.1864394680
-3124.1864218035
-3124.1864354402
-3124.1863909023
-3124.1864289994
-3124.1864096594
-3124.1863862480
-3124.1864063184
-3124.1864289756
-3124.1864223687
-3124.1864492586
-3124.1864197275
-3124.1864363964
-3124.1863971514
-3124.1864513765
-3124.1864510910
-3124.1863691663
-3124.1864187789
-3124.1864371378
-3124.1864040083
-3124.1863824366
-3124.1864460315
-3124.1864069664
-3124.1864256382
-3124.1864070666
-3124.1863894652
-3124.1863624487
-3124.1864215510
-3124.1863807772
-3124.1864066640
-3124.1864513917
-3124.1864214050
-3124.1863682875
-3124.1864182734
-3124.1864308618
-3124.1864302426
-3124.1864200965
-3124.1864101514
-3124.1864235183
-3124.1863968747
-3124.1864511718
-3124.1864465274
-3124.1863933735
-3124.1863789398
-3124.1864345968
-3124.1863860378
-3124.1864176471
-3124.1864204795
-3124.1864546913
-3124.1863935972
-3124.1864167404
-3124.1863855446
-3124.1864369956
-3124.1864359637
-3124.1864018560
-3124.1864392382
-3124.1864428973
-3124.1863778197
-3124.1864444980
-3124.1864139006
-3124.1864422452
-3124.1864362534
-3124.1864186482
-3124.1864210866
-3124.1864398404
-3124.1864482411
-3124.1864095806
-3124.1864475864
-3124.1864304648
-3124.1863644480
-3124.1864224028
-3124.1864218951
-3124.1864579804
-3124.1864395956
-3124.1863719779
-3124.1864065478
-3124.1864005252
-3124.1863693174
-3124.1864406767
-3124.1863966282
-3124.1864404562
-3124.1864250611
-3124.1863818205
-3124.1864076922
-3124.1863914287
-3124.1863478221
-3124.1864434197
-3124.1864201691
-3124.1864157391
-3124.1864047723
-3124.1863752825
-3124.1864164584
-3124.1863642027
-3124.1864440448
-3124.1864499925
-3124.1863821628
-3124.1864297535
-3124.1863614886
-3124.1864010442
-3124.1864350500
-3124.1864406011
-3124.1864317740
-3124.1864289700
-3124.1864120897
-3124.1863719737
-3124.1864313877
-3124.1864548746
-3124.1863800579
-3124.1864071882
-3124.1864104007
-3124.1864282001
-3124.1864199884
-3124.1863876680
-3124.1864262105
-3124.1864040964
-3124.1864490247
-3124.1863981736
-3124.1864095544
-3124.1864253542
-3124.1863572280
-3124.1864133072
-3124.1864108733
-3124.1864171339
-3124.1864129534
-3124.1864260425
-3124.1864596370
-3124.1864443820
-3124.1864391880
-3124.1864385185
-3124.1864302168
-3124.1864296478
-3124.1863972109
-3124.1864251086
-3124.1864142285
-3124.1863990881
-3124.1864111788
-3124.1864155939
-3124.1864155206
-3124.1864385224
-3124.1864226236
-3124.1864021047
-3124.1864464863
-3124.1863828020
-3124.1864111689
-3124.1864236127
-3124.1863926699
-3124.1863589708
-3124.1864316673
-3124.1864347308
-3124.1864272240
-3124.1864092624
-3124.1864530804
-3124.1864342446
-3124.1864425141
-3124.1863639105
-3124.1864117239
-3124.1863650519
-3124.1864011339
-3124.1864382162
-3124.1864112037
-3124.1864315456
-3124.1864151625
-3124.1864107942
-3124.1864299190
-3124.1864318050
-3124.1864263228
-3124.1864319411
-3124.1864028583
-3124.1864080313
-3124.1864227126
-3124.1863488278
-3124.1864338849
-3124.1864529793
-3124.1864045283
-3124.1864287171
-3124.1864158802
-3124.1864345460
-3124.1863978675
-3124.1864214970
-3124.1864331512
-3124.1864212030
-3124.1864353875
-3124.1864399319
-3124.1864290729
-3124.1864109154
-3124.1864331617
-3124.1864325385
-3124.1864352603
-3124.1864157206
-3124.1863947893
-3124.1864355888
-3124.1864503800
-3124.1864102032
-3124.1864524945
-3124.1863953012
-3124.1864351555
-3124.1864238501
-3124.1864204931
-3124.1864438894
-3124.1864196988
-3124.1864091006
-3124.1864343990
-3124.1864252788
-3124.1864357988
-3124.1863559441
-3124.1864393578
-3124.1864330789
-3124.1863609121
-3124.1864001446
-3124.1864061463
-3124.1864198893
-3124.1863938400
-3124.1864359514
-3124.1863717561
-3124.1864082889
-3124.1864147235
-3124.1864337577
-3124.1864324399
-3124.1864356125
-3124.1864213657
-3124.1864220170
-3124.1863749205
-3124.1864488818
-3124.1864033388
-3124.1864007109
-3124.1864445654
-3124.1864373558
-3124.1863950386
-3124.1864231963
-3124.1864335925
-3124.1864502060
-3124.1863959551
-3124.1864295357
-3124.1864392217
-3124.1864204656
-3124.1864405524
-3124.1863885023
-3124.1864038739
-3124.1864203510
-3124.1864393286
-3124.1863744601
-3124.1864238182
-3124.1864380419
-3124.1863936380
-3124.1864245591
-3124.1864451864
-3124.1864056360
-3124.1863999857
-3124.1864185881
-3124.1864084678
-3124.1863127256
-3124.1864291669
-3124.1864530496
-3124.1864343803
-3124.1864291211
-3124.1864458624
-3124.1864235106
-3124.1863952078
-3124.1863877120
-3124.1864215499
-3124.1863987658
-3124.1864175734
-3124.1864366097
-3124.1864131613
-3124.1864415048
-3124.1863709662
-3124.1864403687
-3124.1863974588
-3124.1864327292
-3124.1864575358
-3124.1864535391
-3124.1864453335
-3124.1863973589
-3124.1864193541
-3124.1863757702
-3124.1864048682
-3124.1864418138
-3124.1863829481
-3124.1864199730
-3124.1863781929
-3124.1864250950
-3124.1864401328
-3124.1863313343
-3124.1864317316
-3124.1864235191
-3124.1863810789
-3124.1864453488
-3124.1863801403
-3124.1863907337
-3124.1864179023
-3124.1864045279
-3124.1864325343
-3124.1864469361
-3124.1864163860
-3124.1864567911
-3124.1864524049
-3124.1864206038
-3124.1863805987
-3124.1864221595
-3124.1864045046
-3124.1863584424
-3124.1863622733
-3124.1864417462
-3124.1863946533
-3124.1864153150
-3124.1864487193
-3124.1864476624
-3124.1864357329
-3124.1864387024
-3124.1863866943
-3124.1864536281
-3124.1863752914
-3124.1864487544
-3124.1864231505
-3124.1864102052
-3124.1864463002
-3124.1863983330
-3124.1864217679
-3124.1863966819
-3124.1864455276
-3124.1864042963
-3124.1864012749
-3124.1864192406
-3124.1863749413
-3124.1864200720
-3124.1863788713
-3124.1864269932
-3124.1864115624
-3124.1864458840
-3124.1864248050
-3124.1864529351
-3124.1864114346
-3124.1864415468
-3124.1864071808
-3124.1864573999
-3124.1864203614
-3124.1864462648
-3124.1864214419
-3124.1864324154
-3124.1863915972
-3124.1864328716
-3124.1863632721
-3124.1864100342
-3124.1863930644
-3124.1864263729
-3124.1864283280
-3124.1864114417
-3124.1864269769
-3124.1864374633
-3124.1864361876
-3124.1864116286
-3124.1863687316
-3124.1863957359
-3124.1864367803
-3124.1864484131
-3124.1864118045
-3124.1864202988
-3124.1864620751
-3124.1863963641
-3124.1864279902
-3124.1864232661
-3124.1864166810
-3124.1864437788
-3124.1863937388
-3124.1863614640
-3124.1864212450
-3124.1863985117
-3124.1864081141
-3124.1864021987
-3124.1864106861
-3124.1864213111
-3124.1864115772
-3124.1864098533
-3124.1863923362
-3124.1864352980
-3124.1863759163
-3124.1864109879
-3124.1864191516
-3124.1864133298
-3124.1864337513
-3124.1863942402
-3124.1864349182
-3124.1864285621
-3124.1864423928
-3124.1864063106
-3124.1864476963
-3124.1864235035
-3124.1864130843
-3124.1864095516
-3124.1863992941
-3124.1864277835
-3124.1863800996
-3124.1864192806
-3124.1864529830
-3124.1864196973
-3124.1864283896
-3124.1863777208
-3124.1864286700
-3124.1864605631
-3124.1864299034
-3124.1864194849
-3124.1864255021
-3124.1864186119
-3124.1863257127
-3124.1864047063
-3124.1864479406
-3124.1863995215
-3124.1863968410
-3124.1864002193
-3124.1864201607
-3124.1864241466
-3124.1864101992
-3124.1864194267
-3124.1864412415
-3124.1863741885
-3124.1864533659
-3124.1864145864
-3124.1864434701
-3124.1864263025
-3124.1864378597
-3124.1864169000
-3124.1863653306
-3124.1864099837
-3124.1864350208
-3124.1864181393
-3124.1863896281
-3124.1863891879
-3124.1864009339
-3124.1864301433
-3124.1864231629
-3124.1864332677
-3124.1864352567
-3124.1863835308
-3124.1864371473
-3124.1864119705
-3124.1863828978
-3124.1863786727
-3124.1864333442
-3124.1864207077
-3124.1864581670
-3124.1864180395
-3124.1863684183
-3124.1863989568
-3124.1863652841
-3124.1864441397
-3124.1864056807
-3124.1864146634
-3124.1864576705
-3124.1863796664
-3124.1863665563
-3124.1864261873
-3124.1863982883
-3124.1864033691
-3124.1864235187
-3124.1864126422
-3124.1864448391
-3124.1863724059
-3124.1863903122
-3124.1864136405
-3124.1863719305
-3124.1864173924
-3124.1863823611
-3124.1864366966
-3124.1863980861
-3124.1863900304
-3124.1864172783
-3124.1864240511
-3124.1864303808
-3124.1863982920
-3124.1864061325
-3124.1864075610
-3124.1864274400
-3124.1864522469
-3124.1863957071
-3124.1864292805
-3124.1864426116
-3124.1864270510
-3124.1864445646
-3124.1863265717
-3124.1864304735
-3124.1864296794
-3124.1864368255
-3124.1863842001
-3124.1864267815
-3124.1864338575
-3124.1864506888
-3124.1864267905
-3124.1863923821
-3124.1863560661
-3124.1863710115
-3124.1864331974
-3124.1864132074
-3124.1864303574
-3124.1864446881
-3124.1864115814
-3124.1863725875
-3124.1864219748
-3124.1864132414
-3124.1863888736
-3124.1864279302
-3124.1864164224
-3124.1864310569
-3124.1864420242
-3124.1864368405
-3124.1863913318
-3124.1864162781
-3124.1864357447
-3124.1863900702
-3124.1863993275
-3124.1864441501
-3124.1864345616
-3124.1864091770
-3124.1864415057
-3124.1864175724
-3124.1864219782
-3124.1864327882
-3124.1864492877
-3124.1864480772
-3124.1864023637
-3124.1864073106
-3124.1864313159
-3124.1864116855
-3124.1863959880
-3124.1864172663
-3124.1864049224
-3124.1863850510
-3124.1864396836
-3124.1864254872
-3124.1864155283
-3124.1863924931
-3124.1864654646
-3124.1864071074
-3124.1864051239
-3124.1864300943
-3124.1863535327
-3124.1863666911
-3124.1864180294
-3124.1864524751
-3124.1863876528
-3124.1863655776
-3124.1864094922
-3124.1864306298
-3124.1864353863
-3124.1864164771
-3124.1863910095
-3124.1864244430
-3124.1864255926
-3124.1864536492
-3124.1863962859
-3124.1864361100
-3124.1864487258
-3124.1863966284
-3124.1864200723
-3124.1864265251
-3124.1864487577
-3124.1864257702
-3124.1863990921
-3124.1864237692
-3124.1864117996
-3124.1864161737
-3124.1864113545
-3124.1863818888
-3124.1864193093
-3124.1864347410
-3124.1863906832
-3124.1864373215
-3124.1864190487
-3124.1864149340
-3124.1864179740
-3124.1864140513
-3124.1864214299
-3124.1863851875
-3124.1864088080
-3124.1864492418
-3124.1862987966
-3124.1863402096
-3124.1863958688
-3124.1864341352
-3124.1864402801
-3124.1864201700
-3124.1864134769
-3124.1864634437
-3124.1863855414
-3124.1863972253
-3124.1864033891
-3124.1864489201
-3124.1864268831
-3124.1864221419
-3124.1864039165
-3124.1864173578
-3124.1864406634
-3124.1864107724
-3124.1863837740
-3124.1863778739
-3124.1863882173
-3124.1863980829
-3124.1864483640
-3124.1864334481
-3124.1864333414
-3124.1864236793
-3124.1864358695
-3124.1864166889
-3124.1864295510
-3124.1863931209
-3124.1864384784
-3124.1864109401
-3124.1864035086
-3124.1864101182
-3124.1864176611
-3124.1864083248
-3124.1864552374
-3124.1864302960
-3124.1864102524
-3124.1864262097
-3124.1864151817
-3124.1864201870
-3124.1863608470
-3124.1864306002
-3124.1864347195
-3124.1864446496
-3124.1863972386
-3124.1864375770
-3124.1863931092
-3124.1864274581
-3124.1863993848
-3124.1864117098
-3124.1863991438
-3124.1863951011
-3124.1864296845
-3124.1863942882
-3124.1863922046
-3124.1864256518
-3124.1864411609
-3124.1864447939
-3124.1864037386
-3124.1864381993
-3124.1864275643
-3124.1864271721
-3124.1864407794
-3124.1864153888
-3124.1864369967
-3124.1864208135
-3124.1864207521
-3124.1864230101
-3124.1864587138
-3124.1864066273
-3124.1864235671
-3124.1863937657
-3124.1864300664
-3124.1864142497
-3124.1864409797
-3124.1863791992
-3124.1864009163
-3124.1863691429
-3124.1864301855
-3124.1863974836
-3124.1864102914
-3124.1864162650
-3124.1864321964
-3124.1864388013
-3124.1864448996
-3124.1864190974
-3124.1864025399
-3124.1864288987
-3124.1864502543
-3124.1864007860
-3124.1864318167
-3124.1864351474
-3124.1864099484
-3124.1863407642
-3124.1864201695
-3124.1864099424
-3124.1864390922
-3124.1864337943
-3124.1864115645
-3124.1863964615
-3124.1864275594
-3124.1864455806
-3124.1864105506
-3124.1864031993
-3124.1864352484
-3124.1863945060
-3124.1864086247
-3124.1864116517
-3124.1864074585
-3124.1864063476
-3124.1863915698
-3124.1864566030
-3124.1864283901
-3124.1863942799
-3124.1864281181
-3124.1864222955
-3124.1864239062
-3124.1864164614
-3124.1864300289
-3124.1864280769
-3124.1863915407
-3124.1863914794
-3124.1864201479
-3124.1864042326
-3124.1864154530
-3124.1864147886
-3124.1864201707
-3124.1864422587
-3124.1864453693
-3124.1864401610
-3124.1864331131
-3124.1863597450
-3124.1864394693
-3124.1864100046
-3124.1864351150
-3124.1864095462
-3124.1864107349
-3124.1864394350
-3124.1864372464
-3124.1864035554
-3124.1863850079
-3124.1864314476
-3124.1863969072
-3124.1863574312
-3124.1864190312
-3124.1863846323
-3124.1864049995
-3124.1864417569
-3124.1864585369
-3124.1864243654
-3124.1863757570
-3124.1863779996
-3124.1864389825
-3124.1863930158
-3124.1863776314
-3124.1863766403
-3124.1863903652
-3124.1864479419
-3124.1864063287
-3124.1863873331
-3124.1863561966
-3124.1864391043
-3124.1864444814
-3124.1864535820
-3124.1863983108
-3124.1863942694
-3124.1864309495
-3124.1864523822
-3124.1864341990
-3124.1864313244
-3124.1864052404
-3124.1864136641
-3124.1864317750
-3124.1863521584
-3124.1863879427
-3124.1864363827
-3124.1864280426
-3124.1864184853
-3124.1864210036
-3124.1864493867
-3124.1864274503
-3124.1862999240
-3124.1864050756
-3124.1864476173
-3124.1864159845
-3124.1863817121
-3124.1864418204
-3124.1864647306
-3124.1863701143
-3124.1863861815
-3124.1864225494
-3124.1864593841
-3124.1864446502
-3124.1864237109
-3124.1864097345
-3124.1864283224
-3124.1863969935
-3124.1864071937
-3124.1864207279
-3124.1864366969
-3124.1863805464
-3124.1863866341
-3124.1864401188
-3124.1863893538
-3124.1864321156
-3124.1864186839
-3124.1864063070
-3124.1864100134
-3124.1863766751
-3124.1864269046
-3124.1864209098
-3124.1864325472
-3124.1864445080
-3124.1864567017
-3124.1864617118
-3124.1864417651
-3124.1864501670
-3124.1863784679
-3124.1864158286
-3124.1864196781
-3124.1864366183
-3124.1863740217
-3124.1863793160
-3124.1863627851
-3124.1864141106
-3124.1864120086
-3124.1864303444
-3124.1864214999
-3124.1864622398
-3124.1864407231
-3124.1864244245
-3124.1864126110
-3124.1864085259
-3124.1864306382
-3124.1864526852
-3124.1864022954
-3124.1864017320
-3124.1864432815
-3124.1864467083
-3124.1864266193
-3124.1864004294
-3124.1864242126
-3124.1864165706
-3124.1863837566
-3124.1864328980
-3124.1864135268
-3124.1864080605
-3124.1864110852
-3124.1864039244
-3124.1864481541
-3124.1864249862
-3124.1863743152
-3124.1864091493
-3124.1864405317
-3124.1864118800
-3124.1864479834
-3124.1863762942
-3124.1863857570
-3124.1864160737
-3124.1863948508
-3124.1863721255
-3124.1863851413
-3124.1864079250
-3124.1864180712
-3124.1864517259
-3124.1864542293
-3124.1863911410
-3124.1863851670
-3124.1864203116
-3124.1864629819
-3124.1864450076
-3124.1864137020
-3124.1864228321
-3124.1864079987
-3124.1863859523
-3124.1863581915
-3124.1864186354
-3124.1864348709
-3124.1863587608
-3124.1864074851
-3124.1864284874
-3124.1864184274
-3124.1863496323
-3124.1864209380
-3124.1864295329
-3124.1863884079
-3124.1863842920
-3124.1864039965
-3124.1864052681
-3124.1864364920
-3124.1864109865
-3124.1863992084
-3124.1864271395
-3124.1864528171
-3124.1863759918
-3124.1864320007
-3124.1864472032
-3124.1863948325
-3124.1863981685
-3124.1864223200
-3124.1864197496
-3124.1864551001
-3124.1864518941
-3124.1864453935
-3124.1864147204
-3124.1864131714
-3124.1864400595
-3124.1863681477
-3124.1864383742
-3124.1863769111
-3124.1864091640
-3124.1864309260
-3124.1864002844
-3124.1864250931
-3124.1863939473
-3124.1864260419
-3124.1864460510
-3124.1864388159
-3124.1864269873
-3124.1863970117
-3124.1864356874
-3124.1864308561
-3124.1864007285
-3124.1864396235
-3124.1864143262
-3124.1863976680
-3124.1864511806
-3124.1864043148
-3124.1863970672
-3124.1864360075
-3124.1864159144
-3124.1864252678
-3124.1864492797
-3124.1864294029
-3124.1864085303
-3124.1863994144
-3124.1863959501
-3124.1864035831
-3124.1864044758
-3124.1864471276
-3124.1864223798
-3124.1863971579
-3124.1863681961
-3124.1864036369
-3124.1864285056
-3124.1864435769
-3124.1864447580
-3124.1864043116
-3124.1863830845
-3124.1864291524
-3124.1864631021
-3124.1864250694
-3124.1864186684
-3124.1864259411
-3124.1864002875
-3124.1863566598
-3124.1864205589
-3124.1863895528
-3124.1864199394
-3124.1864207421
-3124.1864222585
-3124.1864293224
-3124.1864069894
-3124.1864061254
-3124.1864365996
-3124.1864190287
-3124.1863840617
-3124.1863894942
-3124.1864310310
-3124.1864506398
-3124.1863246301
-3124.1863917322
-3124.1864401566
-3124.1864416242
-3124.1864126439
-3124.1864112770
-3124.1864340955
-3124.1864362862
-3124.1864472789
-3124.1864207074
-3124.1864275497
-3124.1863509414
-3124.1863526628
-3124.1863939430
-3124.1863932471
-3124.1864420016
-3124.1864333440
-3124.1863902409
-3124.1864558672
-3124.1864007938
-3124.1864119793
-3124.1863875207
-3124.1864148247
-3124.1864069681
-3124.1864277220
-3124.1864492966
-3124.1863883803
-3124.1864449967
-3124.1864455995
-3124.1864099002
-3124.1864573295
-3124.1864251239
-3124.1863750867
-3124.1864411543
-3124.1863735807
-3124.1864619322
-3124.1863900484
-3124.1864281241
-3124.1864201956
-3124.1864531304
-3124.1864048946
-3124.1864248144
-3124.1864243916
-3124.1864156765
-3124.1864505050
-3124.1864250411
-3124.1864196311
-3124.1863789789
-3124.1864252613
-3124.1864302889
-3124.1864194203
-3124.1863844707
-3124.1863954558
-3124.1864108597
-3124.1864457692
-3124.1864131303
-3124.1863852491
-3124.1864479105
-3124.1863979242
-3124.1863736879
-3124.1864248585
-3124.1864492674
-3124.1864443558
-3124.1864415317
-3124.1864079780
-3124.1864111059
-3124.1863915018
-3124.1863772503
-3124.1864271386
-3124.1864459250
-3124.1864399459
-3124.1864330804
-3124.1864506000
-3124.1864102712
-3124.1863993462
-3124.1864038862
-3124.1863991947
-3124.1864556458
-3124.1863701598
-3124.1864161292
-3124.1864187059
-3124.1864072372
-3124.1864355851
-3124.1864214442
-3124.1864411766
-3124.1864239273
-3124.1864255974
-3124.1864096365
-3124.1864426126
-3124.1863974013
-3124.1863765713
-3124.1864229405
-3124.1864314437
-3124.1864259346
-3124.1863902606
-3124.1864289183
-3124.1864313028
-3124.1864426827
-3124.1864279419
-3124.1864367825
-3124.1864367061
-3124.1864404363
-3124.1864304909
-3124.1864360748
-3124.1864325120
-3124.1863842811
-3124.1864240590
-3124.1864473169
-3124.1864158415
-3124.1863963382
-3124.1863914863
-3124.1864216553
-3124.1864431288
-3124.1863921641
-3124.1864445381
-3124.1863929036
-3124.1864011815
-3124.1863981180
-3124.1864194170
-3124.1864166784
-3124.1864081885
-3124.1863818140
-3124.1864105565
-3124.1864323282
-3124.1864159908
-3124.1864305214
-3124.1863827225
-3124.1864149680
-3124.1863808162
-3124.1864337046
-3124.1864199801
-3124.1863518290
-3124.1864359828
-3124.1864178926
-3124.1864090328
-3124.1864414192
-3124.1864274759
-3124.1864443731
-3124.1864231717
-3124.1864211259
-3124.1864330893
-3124.1864365179
-3124.1864103606
-3124.1864220421
-3124.1864054131
-3124.1863999032
-3124.1864191234
-3124.1864161762
-3124.1864300382
-3124.1864277266
-3124.1864264145
-3124.1864306534
-3124.1864368956
-3124.1864131494
-3124.1864250415
-3124.1864228308
-3124.1863964198
-3124.1863956317
-3124.1864285531
-3124.1864195326
-3124.1864471306
-3124.1864235645
-3124.1863981812
-3124.1864285248
-3124.1864261034
-3124.1864174939
-3124.1863890546
-3124.1863749890
-3124.1864248253
-3124.1863832722
-3124.1864395005
-3124.1864252619
-3124.1864393342
-3124.1864413219
-3124.1864354165
-3124.1864447011
-3124.1864113767
-3124.1864245111
-3124.1864118652
-3124.1864612343
-3124.1864137517
-3124.1863549695
-3124.1864214430
-3124.1863827910
-3124.1863854056
-3124.1864341975
-3124.1863735347
-3124.1864443216
-3124.1864107358
-3124.1864199148
-3124.1864396039
-3124.1864246431
-3124.1864101589
-3124.1863936713
-3124.1864431557
-3124.1863905653
-3124.1864188299
-3124.1864314051
-3124.1864134517
-3124.1863762360
-3124.1864478125
-3124.1864004798
-3124.1863626133
-3124.1864340428
-3124.1864326289
-3124.1864323047
-3124.1864328935
-3124.1864125472
-3124.1864260753
-3124.1864470803
-3124.1864317962
-3124.1864152668
-3124.1864022600
-3124.1863971594
-3124.1864143658
-3124.1864385384
-3124.1864376952
-3124.1864428245
-3124.1863787211
-3124.1864246544
-3124.1864217793
-3124.1864293141
-3124.1864126360
-3124.1864313472
-3124.1864191204
-3124.1864413122
-3124.1864040072
-3124.1864146925
-3124.1864109108
-3124.1864225544
-3124.1863946497
-3124.1864432318
-3124.1864367161
-3124.1864370723
-3124.1864153748
-3124.1864405211
-3124.1863963482
-3124.1864463696
-3124.1863604715
-3124.1863965154
-3124.1863887066
-3124.1864178933
-3124.1864094340
-3124.1863785587
-3124.1864259203
-3124.1864377782
-3124.1863971047
-3124.1864514082
-3124.1863948819
-3124.1864234850
-3124.1864270250
-3124.1864284508
-3124.1864185165
-3124.1864393522
-3124.1863760428
-3124.1864114422
-3124.1864347594
-3124.1864037585
-3124.1864077768
-3124.1864207272
-3124.1864091423
-3124.1863916624
-3124.1864419867
-3124.1864283582
-3124.1864284268
-3124.1864542048
-3124.1864130064
-3124.1864299993
-3124.1864101878
-3124.1864510973
-3124.1864040990
-3124.1864007072
-3124.1863973506
-3124.1864165656
-3124.1864182275
-3124.1864257696
-3124.1863945594
-3124.1864083291
-3124.1864013139
-3124.1863636951
-3124.1864258240
-3124.1864355348
-3124.1863558617
-3124.1864431796
-3124.1863978427
-3124.1864386422
-3124.1864403882
-3124.1863911535
-3124.1863788187
-3124.1864407065
-3124.1864396904
-3124.1864163941
-3124.1864326031
-3124.1864193596
-3124.1863780645
-3124.1864509558
-3124.1864206616
-3124.1863809406
-3124.1864589441
-3124.1864247164
-3124.1864406006
-3124.1863850613
-3124.1864252331
-3124.1863932096
-3124.1863837523
-3124.1864396895
-3124.1864123253
-3124.1864368916
-3124.1864265709
-3124.1864225490
-3124.1863880480
-3124.1864472796
-3124.1864123972
-3124.1863711691
-3124.1863961732
-3124.1864122776
-3124.1864350209
-3124.1864426898
-3124.1863907566
-3124.1863853094
-3124.1864281305
-3124.1864367649
-3124.1864020535
-3124.1864324157
-3124.1863780144
-3124.1864205737
-3124.1864166995
-3124.1864405770
-3124.1864407574
-3124.1864264464
-3124.1864355285
-3124.1864276217
-3124.1864077883
-3124.1863986073
-3124.1864292881
-3124.1864241123
-3124.1864346421
-3124.1864204207
-3124.1863818839
-3124.1864245634
-3124.1863287525
-3124.1863779691
-3124.1864011650
-3124.1864326401
-3124.1864274597
-3124.1864471649
-3124.1864200408
-3124.1864248259
-3124.1864178440
-3124.1864053127
-3124.1863696221
-3124.1864184385
-3124.1863768180
-3124.1864400813
-3124.1864308102
-3124.1864154897
-3124.1864385599
-3124.1864252954
-3124.1864132535
-3124.1864509930
-3124.1863919166
-3124.1864329829
-3124.1863445033
-3124.1864185246
-3124.1863215936
-3124.1864421619
-3124.1863800062
-3124.1863789405
-3124.1864463516
-3124.1864109239
-3124.1863994723
-3124.1864202401
-3124.1863716360
-3124.1863815747
-3124.1864473588
-3124.1864372672
-3124.1864231576
-3124.1864111055
-3124.1864080044
-3124.1864483051
-3124.1863287799
-3124.1863901181
-3124.1864277539
-3124.1863801354
-3124.1864407807
-3124.1864242695
-3124.1864109726
-3124.1864124632
-3124.1864111585
-3124.1864156372
-3124.1864274363
-3124.1863733075
-3124.1864150467
-3124.1864488282
-3124.1863995148
-3124.1864070822
-3124.1863958426
-3124.1864030637
-3124.1864303830
-3124.1864383690
-3124.1864102758
-3124.1864289135
-3124.1864325487
-3124.1864019317
-3124.1863794191
-3124.1864362433
-3124.1863647238
-3124.1864030529
-3124.1863519248
-3124.1864335979
-3124.1864335821
-3124.1864284562
-3124.1864150167
-3124.1864213220
-3124.1863775715
-3124.1863664977
-3124.1864211972
-3124.1864050988
-3124.1864014347
-3124.1863406951
-3124.1864370736
-3124.1864105683
-3124.1863932305
-3124.1864284801
-3124.1864107284
-3124.1864175541
-3124.1864341889
-3124.1864263681
-3124.1864185954
-3124.1864211914
-3124.1864226073
-3124.1864415440
-3124.1863988653
-3124.1863970674
-3124.1864320743
-3124.1864466360
-3124.1864325613
-3124.1864156883
-3124.1864093685
-3124.1864338969
-3124.1864233310
-3124.1863572135
-3124.1864167956
-3124.1864403647
-3124.1863920608
-3124.1863800414
-3124.1863988998
-3124.1864379264
-3124.1864339150
-3124.1864595347
-3124.1864138288
-3124.1864380765
-3124.1864264412
-3124.1864147668
-3124.1864508638
-3124.1863977345
-3124.1863700665
-3124.1864295493
-3124.1864301882
-3124.1864180130
-3124.1864207366
-3124.1864260096
-3124.1863357920
-3124.1863893884
-3124.1864070963
-3124.1864419475
-3124.1863818155
-3124.1863890882
-3124.1864417353
-3124.1864308954
-3124.1864289250
-3124.1863554105
-3124.1864055740
-3124.1863933514
-3124.1864160554
-3124.1864017191
-3124.1864086940
-3124.1864438277
-3124.1863903715
-3124.1863876043
-3124.1864316156
-3124.1863822097
-3124.1863979653
-3124.1863839161
-3124.1864224294
-3124.1863695535
-3124.1863973576
-3124.1864249330
-3124.1864582425
-3124.1864314617
-3124.1864130784
-3124.1864240440
-3124.1864282463
-3124.1863968279
-3124.1863557185
-3124.1864002981
-3124.1863553447
-3124.1864380824
-3124.1863975162
-3124.1863755971
-3124.1863657651
-3124.1864369388
-3124.1864241938
-3124.1864185118
-3124.1864472268
-3124.1864362479
-3124.1864384368
-3124.1864173854
-3124.1864033685
-3124.1863893982
-3124.1864323476
-3124.1864169290
-3124.1863913188
-3124.1864281272
-3124.1864492853
-3124.1864266374
-3124.1864285143
-3124.1863788611
-3124.1864511150
-3124.1864355135
-3124.1863981360
-3124.1864135623
-3124.1864321764
-3124.1864080357
-3124.1864561068
-3124.1864090856
-3124.1864192868
-3124.1864214456
-3124.1864266533
-3124.1864325953
-3124.1864056086
-3124.1863991721
-3124.1863993066
-3124.1864249917
-3124.1864288332
-3124.1864222886
-3124.1863788589
-3124.1864284107
-3124.1864210542
-3124.1864238814
-3124.1864192260
-3124.1864200371
-3124.1863930975
-3124.1864019306
-3124.1864194120
-3124.1864481788
-3124.1864506534
-3124.1863947474
-3124.1863803384
-3124.1863964347
-3124.1863679751
-3124.1864326180
-3124.1864123291
-3124.1863800079
-3124.1864328723
-3124.1864031936
-3124.1864304021
-3124.1864392604
-3124.1864341864
-3124.1864046853
-3124.1864318745
-3124.1864231983
-3124.1864332163
-3124.1864341148
-3124.1864368580
-3124.1864245262
-3124.1864059182
-3124.1863814771
-3124.1864039946
-3124.1864253677
-3124.1864287118
-3124.1864219967
-3124.1863887381
-3124.1864093441
-3124.1864426095
-3124.1864285349
-3124.1864251733
-3124.1864484280
-3124.1864370177
-3124.1864161502
-3124.1864523811
-3124.1863988872
-3124.1864667589
-3124.1864370551
-3124.1864160499
-3124.1864291048
-3124.1864267127
-3124.1863739447
-3124.1864222193
-3124.1864286427
-3124.1864478093
-3124.1864412368
-3124.1864421147
-3124.1863687329
-3124.1864376119
-3124.1864260265
-3124.1863808867
-3124.1863619461
-3124.1864242504
-3124.1864206403
-3124.1864435670
-3124.1864281148
-3124.1864154288
-3124.1864120752
-3124.1864228223
-3124.1863937617
-3124.1863573836
-3124.1864038400
-3124.1863994077
-3124.1864317625
-3124.1864199034
-3124.1864430959
-3124.1864555815
-3124.1864363490
-3124.1864284657
-3124.1863925963
-3124.1864470864
-3124.1864070562
-3124.1864348993
-3124.1864079213
-3124.1864448217
-3124.1864615832
-3124.1864131413
-3124.1864492279
-3124.1864252707
-3124.1864029737
-3124.1864176249
-3124.1864161774
-3124.1864245383
-3124.1864448324
-3124.1864295780
-3124.1864492361
-3124.1864036447
-3124.1864217010
-3124.1864491113
-3124.1864132482
-3124.1864369214
-3124.1864049315
-3124.1864342308
-3124.1864485270
-3124.1864195284
-3124.1863787920
-3124.1864113939
-3124.1864066650
-3124.1864071350
-3124.1863980338
-3124.1864389376
-3124.1863930780
-3124.1864478828
-3124.1864430940
-3124.1864566554
-3124.1864076659
-3124.1864343546
-3124.1864195185
-3124.1864032846
-3124.1864496330
-3124.1864155273
-3124.1864405709
-3124.1864310315
-3124.1864304295
-3124.1864397288
-3124.1864148415
-3124.1864235558
-3124.1864317075
-3124.1864010327
-3124.1863848309
-3124.1864034544
-3124.1864305177
-3124.1864490806
-3124.1864352563
-3124.1864265128
-3124.1863943287
-3124.1864131223
-3124.1864329079
-3124.1864312345
-3124.1864142882
-3124.1863967345
-3124.1863847942
-3124.1864307137
-3124.1864432540
-3124.1863888687
-3124.1864055726
-3124.1864509669
-3124.1864142562
-3124.1863470489
-3124.1864311620
-3124.1863774417
-3124.1863891156
-3124.1863742497
-3124.1863882601
-3124.1863821992
-3124.1863825099
-3124.1863883577
-3124.1863791268
-3124.1863804199
-3124.1863880955
-3124.1863859793
-3124.1863740778
-3124.1863851938
-3124.1863874683
-3124.1863796724
-3124.1863820880
-3124.1863832466
-3124.1863836583
-3124.1863823195
-3124.1863776977
-3124.1863848847
-3124.1863859969
-3124.1863804418
-3124.1863838300
-3124.1863887178
-3124.1863831544
-3124.1863728530
-3124.1863843139
-3124.1863740483
-3124.1863854216
-3124.1863797820
-3124.1863849913
-3124.1863755699
-3124.1863744281
-3124.1863765395
-3124.1863836460
-3124.1863803164
-3124.1863729533
-3124.1863741795
-3124.1863864891
-3124.1863679220
-3124.1863735278
-3124.1863883476
-3124.1863760863
-3124.1863771165
-3124.1863789458
-3124.1863884311
-3124.1863794661
-3124.1863873390
-3124.1863787374
-3124.1863860886
-3124.1863752459
-3124.1863768389
-3124.1863852141
-3124.1863844838
-3124.1863840309
-3124.1863889048
-3124.1863895551
-3124.1863785929
-3124.1863792121
-3124.1863860720
-3124.1863783183
-3124.1863789996
-3124.1863786072
-3124.1863726112
-3124.1863875372
-3124.1863779660
-3124.1863740614
-3124.1863823187
-3124.1863801047
-3124.1863691304
-3124.1863867658
-3124.1863779623
-3124.1863796904
-3124.1863832911
-3124.1863853029
-3124.1863722002
-3124.1863720705
-3124.1863820406
-3124.1863824276
-3124.1863856681
-3124.1863863634
-3124.1863733438
-3124.1863798112
-3124.1863854409
-3124.1863818472
-3124.1863800941
-3124.1863859360
-3124.1863840263
-3124.1863798267
-3124.1863902641
-3124.1863827103
-3124.1863763059
-3124.1863770542
-3124.1863799671
-3124.1863843708
-3124.1863803020
-3124.1863870033
-3124.1863862960
-3124.1863794665
