-965.5770815860
-965.5768895555
-965.5769270216
-965.5768804009
-965.5633275638
-965.5768971138
-965.5769148264
-965.5769241769
-965.5769323689
-965.5768820480
-965.5769114944
-965.5769108951
-965.5769026212
-965.5769140631
-965.5769164590
-965.5768869693
-965.5769067093
-965.5769038685
-965.5769200619
-965.5769100166
-965.5768936142
-965.5769059152
-965.5769010208
-965.5769136688
-965.5769038478
-965.5769371568
-965.5769061760
-965.5769000998
-965.5769203849
-965.5769206015
-965.5768984521
-965.5708696156
-965.5769126742
-965.5768894290
-965.5769069837
-965.5769121789
-965.5768857044
-965.5769187416
-965.5769240926
-965.5769360846
-965.5769102751
-965.5769015166
-965.5768984560
-965.5769052822
-965.5768949015
-965.5769334096
-965.5768776231
-965.5769200144
-965.5768771604
-965.5769166538
-965.5769083149
-965.5768953091
-965.5768977403
-965.5769002081
-965.5769137167
-965.5769073299
-965.5768790307
-965.5769182991
-965.5768741739
-965.5769028161
-965.5769058369
-965.5768859872
-965.5769079283
-965.5769015165
-965.5769116471
-965.5768909399
-965.5769092183
-965.5769131430
-965.5769056275
-965.5769083473
-965.5769260435
-965.5768820505
-965.5768901445
-965.5769198447
-965.5769373002
-965.5769153053
-965.5768840219
-965.5769042789
-965.5769161475
-965.5768853242
-965.5768978675
-965.5769016317
-965.5769078693
-965.5769334596
-965.5769388294
-965.5768794385
-965.5768732979
-965.5768972228
-965.5769102398
-965.5769263974
-965.5769020448
-965.5769093248
-965.5769057448
-965.5769036240
-965.5769187457
-965.5769101452
-965.5769288337
-965.5768964674
-965.5769041540
-965.5768837131
-965.5769014274
-965.5769081393
-965.5768843448
-965.5769353273
-965.5769373214
-965.5769012880
-965.5769272919
-965.5769225427
-965.5769071418
-965.5768878779
-965.5769053333
-965.5769058161
-965.5769220395
-965.5769094505
-965.5769243843
-965.5768756352
-965.5769294992
-965.5769021764
-965.5769250405
-965.5769006257
-965.5769421837
-965.5769084726
-965.5768840179
-965.5768991817
-965.5769128790
-965.5768758346
-965.5769231507
-965.5769182242
-965.5769127964
-965.5769041977
-965.5769112726
-965.5768990529
-965.5769282393
-965.5769265909
-965.5769373955
-965.5769173855
-965.5769133680
-965.5769152063
-965.5768795135
-965.5769124055
-965.5769142940
-965.5768704589
-965.5769154903
-965.5769000064
-965.5769036275
-965.5768841964
-965.5769141316
-965.5768630420
-965.5768949668
-965.5769169637
-965.5769098096
-965.5769082385
-965.5769081439
-965.5769288189
-965.5769220065
-965.5769123041
-965.5769066881
-965.5769249778
-965.5769153549
-965.5769016232
-965.5769000440
-965.5768932353
-965.5769147984
-965.5769122216
-965.5769216189
-965.5769212214
-965.5769082670
-965.5769093657
-965.5769022240
-965.5768799484
-965.5769143831
-965.5769257825
-965.5768924492
-965.5769068758
-965.5769174843
-965.5768942587
-965.5769133066
-965.5769126547
-965.5769143643
-965.5768785936
-965.5769381803
-965.5769040788
-965.5769065853
-965.5769307007
-965.5768952758
-965.5769009465
-965.5768958701
-965.5769447609
-965.5769583408
-965.5769390199
-965.5769023455
-965.5768900950
-965.5769070452
-965.5768925135
-965.5768988049
-965.5768979222
-965.5769047456
-965.5769187965
-965.5769248218
-965.5769079422
-965.5769021895
-965.5769222813
-965.5768595431
-965.5768977606
-965.5769142291
-965.5769518149
-965.5769347546
-965.5769092429
-965.5769569209
-965.5768761762
-965.5768888290
-965.5769071540
-965.5769247963
-965.5769150458
-965.5769085934
-965.5768992015
-965.5768904098
-965.5769059252
-965.5769115888
-965.5769271118
-965.5768941270
-965.5768956629
-965.5769129487
-965.5768864830
-965.5769211727
-965.5769214896
-965.5768880554
-965.5769030828
-965.5769003499
-965.5769066944
-965.5769105536
-965.5769154398
-965.5769137431
-965.5769061810
-965.5769165339
-965.5768771908
-965.5769250492
-965.5769154635
-965.5768860391
-965.5769251483
-965.5768890864
-965.5769162377
-965.5769093456
-965.5769343900
-965.5769065893
-965.5768989517
-965.5768904688
-965.5769260226
-965.5768943108
-965.5769230164
-965.5768868435
-965.5769326504
-965.5769208073
-965.5768862096
-965.5769119703
-965.5768973969
-965.5769236114
-965.5731769487
-965.5449041415
-965.5596124780
-965.5649900723
-965.5700079657
-965.5667583308
-965.5701625652
-965.5663774197
-965.5698210784
-965.5724366347
-965.5619912868
-965.5694065136
-965.5662130760
-965.5611113831
-965.5715050690
-965.5671864107
-965.5609806581
-965.5660920028
-965.5618843181
-965.5647420820
-965.5598762109
-965.5665307158
-965.5575618022
-965.5643557273
-965.5587030488
-965.5621665919
-965.5699071843
-965.5724427195
-965.5677856873
-965.5703461997
-965.5704638851
-965.5643089752
-965.5730493599
-965.5608041716
-965.5642340818
-965.5718287181
-965.5551454998
-965.5669059794
-965.5679155108
-965.5707497384
-965.5673655638
-965.5640687599
-965.5665409052
-965.5700110967
-965.5709240628
-965.5675089429
-965.5664179249
-965.5585647731
-965.5731814722
-965.5548007745
-965.5619414809
-965.5607783776
-965.5609309579
-965.5655348868
-965.5710609961
-965.5690036079
-965.5691765652
-965.5705401129
-965.5693556089
-965.5651481838
-965.5683095611
-965.5730262455
-965.5721433832
-965.5714223229
-965.5660788774
-965.5646017681
-965.5715157509
-965.5613416745
-965.5712977062
-965.5772754557
-965.5772406948
-965.5773033144
-965.5772222803
-965.5771608239
-965.5771501952
-965.5770912288
-965.5772224795
-965.5771759255
-965.5770817132
-965.5770800121
-965.5772714423
-965.5770016786
-965.5772025792
-965.5768925556
-965.5772142198
-965.5772428693
-965.5772173009
-965.5772669209
-965.5771210092
-965.5772181921
-965.5770924717
-965.5772710758
-965.5771874412
-965.5771616992
-965.5771998079
-965.5770601564
-965.5770159144
-965.5772233375
-965.5771886338
-965.5771426882
-965.5772057563
-965.5769533586
-965.5771862145
-965.5771463641
-965.5772007286
-965.5771681321
-965.5773014332
-965.5771969572
-965.5771136581
-965.5771113335
-965.5772126574
-965.5772516012
-965.5771896395
-965.5772346182
-965.5772240900
-965.5771996769
-965.5770804811
-965.5773149981
-965.5771684399
-965.5771145297
-965.5771947703
-965.5772942556
-965.5772621791
-965.5772640767
-965.5771146824
-965.5771536628
-965.5771743770
-965.5771893010
-965.5770810954
-965.5772652729
-965.5771770838
-965.5772023776
-965.5770654627
-965.5772441445
-965.5768479603
-965.5771509845
-965.5770803710
-965.5771968971
-965.5770652200
-965.5772057252
-965.5770609795
-965.5771342886
-965.5770306506
-965.5770030016
-965.5771141541
-965.5770805917
-965.5771072027
-965.5771853312
-965.5771214460
-965.5773052722
-965.5772246038
-965.5772000480
-965.5772247336
-965.5771648879
-965.5771417132
-965.5772411782
-965.5770391350
-965.5771345689
-965.5771404257
-965.5770951804
-965.5771618575
-965.5772065492
-965.5772475481
-965.5771427736
-965.5771479305
-965.5772367298
-965.5771836302
-965.5769240345
-965.5771963298
-965.5770493456
-965.5771675922
-965.5771667377
-965.5772536742
-965.5771896677
-965.5772156008
-965.5769407490
-965.5772262154
-965.5770476305
-965.5772491934
-965.5772124082
-965.5771006015
-965.5771459455
-965.5772353879
-965.5771057061
-965.5770758966
-965.5771260797
-965.5771157133
-965.5770347715
-965.5772020231
-965.5772164049
-965.5771984960
-965.5771634241
-965.5772100404
-965.5770551799
-965.5772405060
-965.5771279673
-965.5771377114
-965.5771552262
-965.5772698558
-965.5770729065
-965.5770769488
-965.5771052213
-965.5769743274
-965.5771557256
-965.5773093713
-965.5771176906
-965.5771576807
-965.5771371633
-965.5771774112
-965.5770008953
-965.5771604053
-965.5769804364
-965.5771256674
-965.5771239506
-965.5770753974
-965.5770366793
-965.5769826202
-965.5770259575
-965.5772074523
-965.5772112635
-965.5771516794
-965.5771858484
-965.5770038585
-965.5770104740
-965.5770997752
-965.5772451402
-965.5771868032
-965.5770159468
-965.5772393923
-965.5771164987
-965.5770519417
-965.5772117124
-965.5771434259
-965.5771325389
-965.5770510030
-965.5772533575
-965.5770591290
-965.5770873449
-965.5771771059
-965.5772738138
-965.5770596116
-965.5771408617
-965.5770292857
-965.5770862022
-965.5771027072
-965.5771085506
-965.5771441730
-965.5769476398
-965.5770914599
-965.5771434478
-965.5771182989
-965.5771897815
-965.5769889253
-965.5771004504
-965.5770150517
-965.5771043678
-965.5771463974
-965.5772560364
-965.5772638774
-965.5772293323
-965.5771280764
-965.5772873565
-965.5772699972
-965.5773236858
-965.5772458562
-965.5771120202
-965.5772525326
-965.5771458152
-965.5772430975
-965.5770254556
-965.5771253139
-965.5769909027
-965.5772376850
-965.5771774850
-965.5772591483
-965.5772285802
-965.5771203513
-965.5771546796
-965.5769781570
-965.5770988247
-965.5771374619
-965.5772258023
-965.5770697485
-965.5771116702
-965.5772179163
-965.5771188409
-965.5770950183
-965.5772718789
-965.5770662975
-965.5771764000
-965.5772504545
-965.5770237632
-965.5770587568
-965.5771140321
-965.5772188873
-965.5770899888
-965.5770692685
-965.5770860724
-965.5769344500
-965.5772249269
-965.5770023910
-965.5771362771
-965.5772202709
-965.5770881651
-965.5771980669
-965.5772767550
-965.5771587245
-965.5771544515
-965.5771128122
-965.5772376841
-965.5771346483
-965.5772561048
-965.5771887596
-965.5771304259
-965.5769535468
-965.5772060074
-965.5772403059
-965.5771131457
-965.5771136520
-965.5770671801
-965.5771893435
-965.5772310600
-965.5770268693
-965.5771749622
-965.5771841146
-965.5772927852
-965.5769750350
-965.5772315807
-965.5772087724
-965.5771659862
-965.5770048853
-965.5771346506
-965.5771012074
-965.5772406041
-965.5771900256
-965.5771495806
-965.5771903649
-965.5772300138
-965.5772413394
-965.5772057724
-965.5770705054
-965.5772488043
-965.5770788895
-965.5770840358
-965.5768998558
-965.5771854642
-965.5772276048
-965.5771692646
-965.5770263517
-965.5772071402
-965.5770911045
-965.5772360035
-965.5767559190
-965.5772551080
-965.5771881758
-965.5771485565
-965.5770828174
-965.5770870907
-965.5773155991
-965.5772173467
-965.5771647378
-965.5772594969
-965.5770954443
-965.5771738005
-965.5770318322
-965.5772413355
-965.5771614068
-965.5770957609
-965.5771810056
-965.5772271154
-965.5769425962
-965.5773196435
-965.5771612812
-965.5770419393
-965.5772546757
-965.5770665779
-965.5772545687
-965.5771934560
-965.5771686756
-965.5772053703
-965.5770816255
-965.5771703368
-965.5770270685
-965.5770628743
-965.5772530366
-965.5771641278
-965.5771393374
-965.5770114287
-965.5771568312
-965.5772695311
-965.5770210719
-965.5771145931
-965.5771542206
-965.5772987570
-965.5771782731
-965.5771539348
-965.5773188478
-965.5771153197
-965.5771014435
-965.5771673725
-965.5772155415
-965.5769852981
-965.5772566507
-965.5771283718
-965.5770916082
-965.5769353110
-965.5772472387
-965.5771789513
-965.5772622731
-965.5771102450
-965.5771492241
-965.5771572272
-965.5770879413
-965.5772965995
-965.5771637992
-965.5770901361
-965.5772312556
-965.5772748141
-965.5771120830
-965.5773640342
-965.5773222131
-965.5772044435
-965.5773509412
-965.5771071452
-965.5770225601
-965.5769347962
-965.5772421915
-965.5771641262
-965.5770479533
-965.5771787297
-965.5770923504
-965.5770235423
-965.5772273386
-965.5771757154
-965.5773091334
-965.5769792416
-965.5770412008
-965.5770182130
-965.5770425296
-965.5771878244
-965.5771162687
-965.5771481156
-965.5772025775
-965.5771820464
-965.5771824854
-965.5770922355
-965.5771140591
-965.5772277112
-965.5771936649
-965.5770618769
-965.5769604097
-965.5771162060
-965.5770679890
-965.5772042667
-965.5771510595
-965.5771298831
-965.5771776149
-965.5772072132
-965.5770897367
-965.5770128709
-965.5772650836
-965.5770540624
-965.5771694897
-965.5771915256
-965.5771229056
-965.5771482561
-965.5772686329
-965.5772162882
-965.5772558452
-965.5773178843
-965.5770704422
-965.5772732281
-965.5770424303
-965.5771871221
-965.5772760532
-965.5772249889
-965.5771247630
-965.5770561773
-965.5771992503
-965.5771180412
-965.5773173310
-965.5770748931
-965.5770736070
-965.5769992080
-965.5772153932
-965.5770980273
-965.5772468337
-965.5770892297
-965.5771759572
-965.5772570832
-965.5770781520
-965.5771257438
-965.5771890987
-965.5770117398
-965.5771026681
-965.5772823626
-965.5772822393
-965.5770979339
-965.5771680271
-965.5772725469
-965.5769901194
-965.5771571122
-965.5769012961
-965.5771477063
-965.5772036992
-965.5771423613
-965.5772579900
-965.5770910706
-965.5768030474
-965.5771509114
-965.5769936989
-965.5772540257
-965.5771633339
-965.5770912704
-965.5770848004
-965.5771402884
-965.5772175253
-965.5771360385
-965.5771242706
-965.5772832024
-965.5773219385
-965.5771705741
-965.5771652975
-965.5771830957
-965.5662891594
-965.5543642766
-965.5705567609
-965.5409333621
-965.5547831864
-965.5646001307
-965.5676303419
-965.5672660586
-965.5693205178
-965.5724832454
-965.5671394612
-965.5659459180
-965.5617126850
-965.5700876477
-965.5631355159
-965.5660283675
-965.5630470462
-965.5659076728
-965.5651467535
-965.5681985272
-965.5703995913
-965.5639463174
-965.5665011290
-965.5642446399
-965.5683287988
-965.5666235309
-965.5643721165
-965.5590947212
-965.5680292521
-965.5771973534
-965.5773181357
-965.5771943256
-965.5772904386
-965.5773278254
-965.5772082740
-965.5770281235
-965.5769131239
-965.5769163124
-965.5769298547
-965.5769480274
-965.5771246235
-965.5771592787
-965.5770761027
-965.5769942557
-965.5770295114
-965.5772264566
-965.5772316745
-965.5771513167
-965.5772101311
-965.5770982763
-965.5771437058
-965.5769147272
-965.5769245190
-965.5769290712
-965.5769158018
-965.5768981333
-965.5769225401
-965.5769251443
-965.5769081749
-965.5769146208
-965.5769018048
-965.5769148098
-965.5768885005
-965.5769042278
-965.5769045773
-965.5769273077
-965.5769342215
-965.5769080162
-965.5769100571
-965.5768840816
-965.5768976437
-965.5771790426
-965.5772124568
-965.5769157951
-965.5771631243
-965.5771122375
-965.5770176475
-965.5772143414
-965.5771001303
-965.5769591031
-965.5772384441
-965.5770621280
-965.5771277768
-965.5772857386
-965.5771745807
-965.5771544795
-965.5771891939
-965.5769008712
-965.5769001601
-965.5769056452
-965.5768758364
-965.5769092283
-965.5769331873
-965.5768949001
-965.5769262487
-965.5769197517
-965.5768757347
-965.5769173191
-965.5769311136
-965.5769069570
-965.5769114927
-965.5769228631
-965.5769349523
-965.5769042951
-965.5768999989
-965.5769094055
-965.5769198539
-965.5769144975
-965.5771972788
-965.5768425513
-965.5770922033
-965.5772148446
-965.5771602665
-965.5772518170
-965.5769118270
-965.5772557782
-965.5771773794
-965.5771152709
-965.5771572652
-965.5772899642
-965.5770678433
-965.5772901140
-965.5770709971
-965.5771627685
-965.5770702205
-965.5771666241
-965.5770756292
-965.5770994613
-965.5771011141
-965.5772637911
-965.5771706162
-965.5769247901
-965.5772190995
-965.5772691886
-965.5770396397
-965.5771916823
-965.5771914697
-965.5772129659
-965.5772688099
-965.5771480958
-965.5770117473
-965.5769930413
-965.5772304211
-965.5770015082
-965.5770599966
-965.5770794968
-965.5771908508
-965.5770991717
-965.5770622223
-965.5771786109
-965.5771566445
-965.5772495225
-965.5772244796
-965.5772011378
-965.5769713849
-965.5772048814
-965.5771931416
-965.5771331674
-965.5771064744
-965.5771774949
-965.5772582483
-965.5773157456
-965.5771518453
-965.5770768678
-965.5771012496
-965.5771761538
-965.5770668747
-965.5770469359
-965.5771969191
-965.5770952457
-965.5770120847
-965.5771994233
-965.5771016769
-965.5771637727
-965.5771105596
-965.5769585704
-965.5771130420
-965.5770456714
-965.5771169633
-965.5769939984
-965.5770367102
-965.5771652561
-965.5772835635
-965.5771837898
-965.5772349487
-965.5769965868
-965.5772042744
-965.5771136718
-965.5771319127
-965.5771552714
-965.5770804467
-965.5771750174
-965.5772294687
-965.5771135797
-965.5772643206
-965.5770080287
-965.5771786790
-965.5772717592
-965.5771349919
-965.5772316660
-965.5772309791
-965.5770721678
-965.5770197953
-965.5773144954
-965.5772541181
-965.5772073077
-965.5772321433
-965.5772355354
-965.5770223440
-965.5771336526
-965.5771799684
-965.5771157034
-965.5770299208
-965.5772268893
-965.5771951979
-965.5772533299
-965.5771757331
-965.5771855164
-965.5772983870
-965.5771015945
-965.5769918521
-965.5771508745
-965.5770543977
-965.5771065552
-965.5772018179
-965.5770696803
-965.5772176491
-965.5770989804
-965.5771799318
-965.5772143055
-965.5772429786
-965.5770972556
-965.5772274423
-965.5772476866
-965.5772333863
-965.5772625364
-965.5770321807
-965.5771869976
-965.5769802313
-965.5771537492
-965.5771693358
-965.5770791175
-965.5772493235
-965.5772042093
-965.5770083556
-965.5772382409
-965.5772125846
-965.5772675997
-965.5770486571
-965.5771500512
-965.5772072726
-965.5773180984
-965.5772553550
-965.5770230500
-965.5771376789
-965.5771610780
-965.5772209928
-965.5769136007
-965.5771621290
-965.5770388050
-965.5772285041
-965.5772162754
-965.5770645735
-965.5772211466
-965.5771236889
-965.5771607639
-965.5772360253
-965.5772752420
-965.5770674116
-965.5770984905
-965.5772589616
-965.5771851318
-965.5773068447
-965.5771568169
-965.5771249302
-965.5772097610
-965.5770549040
-965.5770687150
-965.5771528014
-965.5772939412
-965.5772656987
-965.5772002821
-965.5771486579
-965.5771152199
-965.5772208702
-965.5772470989
-965.5772793269
-965.5772192313
-965.5772847556
-965.5771551313
-965.5771101451
-965.5770781965
-965.5771177819
-965.5771850868
-965.5771840961
-965.5772147591
-965.5772148145
-965.5769932469
-965.5771947481
-965.5771664417
-965.5772503223
-965.5771176159
-965.5770568653
-965.5772426458
-965.5771444204
-965.5771074897
-965.5772858778
-965.5772557451
-965.5772883610
-965.5770335598
-965.5772390540
-965.5770916341
-965.5772581852
-965.5771827073
-965.5771215894
-965.5770135962
-965.5770729186
-965.5771516166
-965.5770595583
-965.5770519049
-965.5769317444
-965.5770060784
-965.5769309243
-965.5768787477
-965.5770769059
-965.5771818172
-965.5771660554
-965.5771060033
-965.5770877591
-965.5771827817
-965.5771116408
-965.5771262293
-965.5770526669
-965.5770574231
-965.5771220580
-965.5771219057
-965.5771871045
-965.5771484804
-965.5771500193
-965.5772219136
-965.5771267159
-965.5770028561
-965.5770891949
-965.5771688535
-965.5769503243
-965.5770455499
-965.5771816112
-965.5771901405
-965.5771193244
-965.5771945019
-965.5772144249
-965.5771647351
-965.5770774194
-965.5772198819
-965.5772062725
-965.5770792616
-965.5772542238
-965.5770466893
-965.5771340837
-965.5773159587
-965.5772459049
-965.5770433070
-965.5771189774
-965.5772834481
-965.5770454568
-965.5772777418
-965.5771722308
-965.5772661602
-965.5771434383
-965.5771401779
-965.5771731899
-965.5771447694
-965.5771780945
-965.5769865269
-965.5771808180
-965.5771413879
-965.5770934214
-965.5772594260
-965.5771149430
-965.5771825759
-965.5772176887
-965.5771117895
-965.5771285938
-965.5773147479
-965.5773339999
-965.5772144376
-965.5769893716
-965.5771931971
-965.5773074414
-965.5771021152
-965.5772264184
-965.5771052691
-965.5772238795
-965.5770322007
-965.5771161483
-965.5772156157
-965.5772478136
-965.5771476324
-965.5771153494
-965.5771810895
-965.5771749917
-965.5771648458
-965.5772619091
-965.5772006410
-965.5771902017
-965.5772275524
-965.5770767783
-965.5771873512
-965.5772391750
-965.5771145961
-965.5771985462
-965.5771038702
-965.5771280925
-965.5770094408
-965.5771179000
-965.5772197102
-965.5771581294
-965.5770352129
-965.5772651457
-965.5771334208
-965.5769999052
-965.5771456682
-965.5770833219
-965.5770475089
-965.5772390778
-965.5771072330
-965.5771075891
-965.5771307861
-965.5771331255
-965.5771414016
-965.5769585481
-965.5770434265
-965.5771915042
-965.5771867254
-965.5771905941
-965.5771716171
-965.5769788308
-965.5770486253
-965.5772518800
-965.5770072074
-965.5772518974
-965.5769860321
-965.5772624138
-965.5771057262
-965.5771826847
-965.5770767281
-965.5770488001
-965.5770698968
-965.5769975383
-965.5772649453
-965.5770949018
-965.5770925858
-965.5772324658
-965.5770537521
-965.5768624662
-965.5771941329
-965.5771945075
-965.5770319921
-965.5771168213
-965.5771723806
-965.5772803546
-965.5771852748
-965.5769478577
-965.5772260955
-965.5773015072
-965.5772440300
-965.5771519122
-965.5772400563
-965.5771496858
-965.5770174736
-965.5771012285
-965.5770914338
-965.5772323812
-965.5772098856
-965.5771915364
-965.5770853231
-965.5770217707
-965.5770352635
-965.5771720161
-965.5772404695
-965.5772816519
-965.5772401860
-965.5770130758
-965.5772527433
-965.5771250171
-965.5771804226
-965.5770312084
-965.5771873126
-965.5770897263
-965.5770664319
-965.5772535358
-965.5772782611
-965.5773004213
-965.5771860292
-965.5770644868
-965.5772350730
-965.5771573073
-965.5772658212
-965.5769161470
-965.5771610313
-965.5771944701
-965.5772787012
-965.5771747070
-965.5768078515
-965.5770779679
-965.5770005676
-965.5770267595
-965.5772415130
-965.5770987555
-965.5771213424
-965.5772342684
-965.5772485466
-965.5771352268
-965.5772882477
-965.5772508902
-965.5772849664
-965.5771627169
-965.5768152418
-965.5770891475
-965.5771422332
-965.5772952563
-965.5769748206
-965.5772915214
-965.5772484520
-965.5772331031
-965.5772711928
-965.5769941666
-965.5772537273
-965.5771984101
-965.5769439118
-965.5772514155
-965.5770822810
-965.5772004853
-965.5770738855
-965.5770391941
-965.5772629544
-965.5770146093
-965.5772335475
-965.5769467704
-965.5771335853
-965.5771627830
-965.5772223597
-965.5771966377
-965.5771085064
-965.5772801791
-965.5772349811
-965.5772803814
-965.5772459668
-965.5772753336
-965.5772099371
-965.5772085408
-965.5772134984
-965.5770676911
-965.5773158350
-965.5771485706
-965.5771301119
-965.5772251834
-965.5771036049
-965.5773216352
-965.5771308004
-965.5770511435
-965.5773118526
-965.5772395880
-965.5772971009
-965.5770857226
-965.5772078343
-965.5772458437
-965.5771266597
-965.5772747726
-965.5772284988
-965.5771564904
-965.5771192785
-965.5771712412
-965.5771049895
-965.5772019949
-965.5772553061
-965.5771296763
-965.5772189470
-965.5772650296
-965.5772116690
-965.5769301881
-965.5771834495
-965.5772381835
-965.5771196798
-965.5770969556
-965.5771859722
-965.5772798285
-965.5772250592
-965.5771179636
-965.5772205821
-965.5772498812
-965.5770496208
-965.5771745574
-965.5771474560
-965.5771151120
-965.5770017664
-965.5773627996
-965.5771407895
-965.5772660745
-965.5772343620
-965.5769616066
-965.5771887377
-965.5770830080
-965.5772292343
-965.5772051636
-965.5772470831
-965.5771048302
-965.5771410031
-965.5771504327
-965.5770692780
-965.5770395264
-965.5772822224
-965.5771135072
-965.5771013747
-965.5772197026
-965.5772941807
-965.5771671541
-965.5770917438
-965.5770634002
-965.5772031743
-965.5769943491
-965.5773315228
-965.5772866229
-965.5769966437
-965.5772905370
-965.5772606751
-965.5770465479
-965.5770582592
-965.5772323350
-965.5770760549
-965.5770542348
-965.5772007620
-965.5771999655
-965.5773079980
-965.5771153984
-965.5768626614
-965.5770748758
-965.5769678526
-965.5771259913
-965.5771641947
-965.5772488963
-965.5772182491
-965.5771837004
-965.5770643109
-965.5773284289
-965.5772636243
-965.5771407944
-965.5770903326
-965.5772212046
-965.5771269578
-965.5769225446
-965.5771019833
-965.5770612437
-965.5770491104
-965.5772132980
-965.5769946172
-965.5773145188
-965.5772727436
-965.5771521690
-965.5769661436
-965.5772798480
-965.5770847146
-965.5773194660
-965.5772984212
-965.5771814359
-965.5772770353
-965.5770956315
-965.5773151053
-965.5772701199
-965.5771571022
-965.5771875900
-965.5771639894
-965.5770117201
-965.5771821626
-965.5771725171
-965.5771790078
-965.5770651957
-965.5771904509
-965.5771854430
-965.5772670189
-965.5770256928
-965.5771386348
-965.5772873916
-965.5772441082
-965.5771254823
-965.5769717722
-965.5770744856
-965.5771604553
-965.5770468823
-965.5771227160
-965.5772314252
-965.5770631013
-965.5771614408
-965.5770633783
-965.5771217705
-965.5772653294
-965.5771763593
-965.5772521647
-965.5771469398
-965.5772375941
-965.5769625430
-965.5771012121
-965.5770072136
-965.5770495121
-965.5772009143
-965.5772618851
-965.5771972872
-965.5772656885
-965.5770066537
-965.5772300432
-965.5772484452
-965.5772276167
-965.5769955063
-965.5772820285
-965.5770315118
-965.5771895617
-965.5769658477
-965.5772318571
-965.5772097053
-965.5770045919
-965.5769062057
-965.5770784949
-965.5771786984
-965.5767303384
-965.5770067614
-965.5770014962
-965.5772655280
-965.5772375769
-965.5770922841
-965.5770934883
-965.5771037029
-965.5771440991
-965.5771984345
-965.5771317598
-965.5771626881
-965.5771141879
-965.5771809505
-965.5773259179
-965.5771168460
-965.5770724918
-965.5771523021
-965.5772478784
-965.5771119016
-965.5768583748
-965.5771726174
-965.5772000140
-965.5772749231
-965.5772425734
-965.5771730170
-965.5770538194
-965.5772555404
-965.5771061377
-965.5771720801
-965.5771569682
-965.5772471788
-965.5772346455
-965.5772187028
-965.5770802662
-965.5772488992
-965.5772330946
-965.5772113854
-965.5772556923
-965.5770855595
-965.5770877592
-965.5772788248
-965.5770407312
-965.5772318888
-965.5770540892
-965.5771026716
-965.5772223985
-965.5772643865
-965.5769534200
-965.5772756345
-965.5770049089
-965.5772135397
-965.5772608970
-965.5772623674
-965.5771365570
-965.5772753275
-965.5772249025
-965.5770297843
-965.5772401219
-965.5771774355
-965.5771785656
-965.5771995897
-965.5772784422
-965.5773145434
-965.5772011054
-965.5772155086
-965.5772812818
-965.5772566951
-965.5770725636
-965.5769735875
-965.5770840128
-965.5771965860
-965.5771740259
-965.5771138570
-965.5772326763
-965.5772042560
-965.5773330580
-965.5771504868
-965.5771538748
-965.5770958433
-965.5769726761
-965.5770943174
-965.5772469969
-965.5770799772
-965.5770696114
-965.5771055994
-965.5770990995
-965.5770415979
-965.5772359447
-965.5771986539
-965.5771705724
-965.5771805105
-965.5772457704
-965.5769947403
-965.5770691919
-965.5770580392
-965.5771608107
-965.5771165518
-965.5772367254
-965.5772381276
-965.5770982271
-965.5770620373
-965.5772117150
-965.5771163087
-965.5770564341
-965.5773067266
-965.5771940773
-965.5772493720
-965.5772239558
-965.5771971492
-965.5770060638
-965.5770439956
-965.5771884027
-965.5770170259
-965.5770336016
-965.5771251773
-965.5772320585
-965.5772236079
-965.5772686845
-965.5771481470
-965.5772237904
-965.5772710723
-965.5771540969
-965.5772155593
-965.5770177761
-965.5771510338
-965.5772028824
-965.5772354867
-965.5771996476
-965.5772468917
-965.5771906761
-965.5773139473
-965.5771418567
-965.5772258920
-965.5770963127
-965.5771112760
-965.5771462636
-965.5771972643
-965.5772353029
-965.5770575288
-965.5770311718
-965.5771652605
-965.5771223166
-965.5772814624
-965.5772749419
-965.5771997902
-965.5772778773
-965.5769753303
-965.5771644443
-965.5772481240
-965.5769723634
-965.5771568064
-965.5770774591
-965.5770327829
-965.5771739923
-965.5771603691
-965.5770581245
-965.5771566155
-965.5769179216
-965.5771157863
-965.5770546493
-965.5770889475
-965.5772524868
-965.5772243038
-965.5769285165
-965.5769793756
-965.5770254175
-965.5772303788
-965.5771141489
-965.5770076254
-965.5772135964
-965.5770177869
-965.5771716652
-965.5771575319
-965.5772827178
-965.5770838546
-965.5772476840
-965.5770442665
-965.5770303875
-965.5771375094
-965.5772624463
-965.5770151291
-965.5770982322
-965.5771778466
-965.5770733496
-965.5773179134
-965.5771643288
-965.5771064178
-965.5771699197
-965.5772718906
-965.5772581307
-965.5771689018
-965.5771657646
-965.5771296609
-965.5771501540
-965.5770715767
-965.5771041616
-965.5769842452
-965.5771719011
-965.5770176718
-965.5770470221
-965.5771768104
-965.5771540295
-965.5769457944
-965.5770397235
-965.5771551937
-965.5771422898
-965.5770915820
-965.5772642954
-965.5769590651
-965.5769026714
-965.5771350312
-965.5772824646
-965.5772659499
-965.5772550612
-965.5770519511
-965.5771244844
-965.5771906818
-965.5770633843
-965.5771894011
-965.5770856454
-965.5770683053
-965.5772404120
-965.5772398726
-965.5772795280
-965.5769880885
-965.5770883297
-965.5772612426
-965.5773260776
-965.5767914534
-965.5772519522
-965.5771450502
-965.5771633848
-965.5771480614
-965.5771959079
-965.5771091862
-965.5772324781
-965.5771427836
-965.5772979723
-965.5771561491
-965.5771638841
-965.5771618389
-965.5771243720
-965.5772337063
-965.5772463925
-965.5771525457
-965.5772221795
-965.5770572099
-965.5772870785
-965.5772803448
-965.5770812338
-965.5772260226
-965.5771926841
-965.5772205577
-965.5771171715
-965.5770417560
-965.5770086724
-965.5770800026
-965.5772195397
-965.5772917635
-965.5772214061
-965.5770093020
-965.5772449838
-965.5772535261
-965.5771591675
-965.5772155607
-965.5772043703
-965.5773077116
-965.5771292329
-965.5771000553
-965.5769871669
-965.5770149235
-965.5771908300
-965.5773276751
-965.5770837145
-965.5772803169
-965.5770612343
-965.5772751181
-965.5772603813
-965.5772863296
-965.5769925013
-965.5772317903
-965.5771325852
-965.5770869085
-965.5770369979
-965.5773068989
-965.5772302392
-965.5771942607
-965.5770666263
-965.5770258268
-965.5770631739
-965.5770869322
-965.5772984463
-965.5772225425
-965.5770824508
-965.5772802095
-965.5769644988
-965.5771287155
-965.5769571321
-965.5771589630
-965.5773225888
-965.5772258088
-965.5772988991
-965.5772435149
-965.5771039584
-965.5772509271
-965.5772488948
-965.5770844881
-965.5771764850
-965.5772387353
-965.5771363826
-965.5772168724
-965.5771868920
-965.5772030912
-965.5770776387
-965.5772997576
-965.5772207567
-965.5771829032
-965.5771821196
-965.5771137263
-965.5772279408
-965.5772212632
-965.5771355151
-965.5772527962
-965.5772239528
-965.5772149857
-965.5771738604
-965.5772124470
-965.5771535967
-965.5771715133
-965.5769797365
-965.5772028212
-965.5770846309
-965.5772078742
-965.5771305555
-965.5771044459
-965.5771382316
-965.5769477559
-965.5773368877
-965.5769885217
-965.5770890139
-965.5772426235
-965.5771748491
-965.5771849379
-965.5772269150
-965.5770946023
-965.5770857671
-965.5771765849
-965.5771088170
-965.5771823958
-965.5772483729
-965.5771994401
-965.5771948714
-965.5771258417
-965.5770868305
-965.5770988913
-965.5772029552
-965.5770037569
-965.5770940673
-965.5770715648
-965.5771816223
-965.5770896329
-965.5772327791
-965.5770159104
-965.5769697852
-965.5770588398
-965.5771622730
-965.5773072759
-965.5771004967
-965.5770744172
-965.5770377276
-965.5770424731
-965.5772087526
-965.5772728801
-965.5771191296
-965.5770592705
-965.5772393185
-965.5771726283
-965.5771973935
-965.5771486266
-965.5772379016
-965.5771371148
-965.5768093446
-965.5772140697
-965.5772537448
-965.5770861529
-965.5771795461
-965.5770550929
-965.5770861851
-965.5770292000
-965.5771990805
-965.5771812411
-965.5771979825
-965.5771455268
-965.5770564984
-965.5771397927
-965.5770457700
-965.5770024040
-965.5770917024
-965.5769576335
-965.5770041694
-965.5771700384
-965.5773068783
-965.5773386856
-965.5771149623
-965.5771394233
-965.5770129096
-965.5768991601
-965.5771402369
-965.5771959694
-965.5770626769
-965.5769996205
-965.5770681524
-965.5772949103
-965.5770860349
-965.5772287384
-965.5771988827
-965.5771352754
-965.5772139783
-965.5772997723
-965.5772113834
-965.5773110321
-965.5771865318
-965.5770597627
-965.5770551003
-965.5770543497
-965.5772463338
-965.5771916804
-965.5769540886
-965.5771149062
-965.5772231206
-965.5772865331
-965.5772067192
-965.5773279552
-965.5772852552
-965.5771623577
-965.5770677735
-965.5771718114
-965.5772073924
-965.5772566653
-965.5771000971
-965.5773135066
-965.5772050647
-965.5770501184
-965.5770276896
-965.5772347973
-965.5772640105
-965.5771716757
-965.5773114703
-965.5772725654
-965.5769415249
-965.5771114122
-965.5769383440
-965.5772056250
-965.5772145922
-965.5769862726
-965.5771596901
-965.5772249441
-965.5771358955
-965.5770302220
-965.5771636803
-965.5771672173
-965.5771110772
-965.5772021940
-965.5772136022
-965.5771693105
-965.5772217741
-965.5770948814
-965.5770644450
-965.5772593632
-965.5768696995
-965.5772789535
-965.5772999442
-965.5772663661
-965.5772937852
-965.5772049358
-965.5771346335
-965.5772718537
-965.5771802262
-965.5772080113
-965.5773330352
-965.5769823533
-965.5771029562
-965.5772550487
-965.5771404659
-965.5771770468
-965.5769655502
-965.5771273202
-965.5770854283
-965.5772245017
-965.5770971886
-965.5771941736
-965.5771091344
-965.5771219419
-965.5772628470
-965.5771109226
-965.5771044034
-965.5772276570
-965.5772857091
-965.5771559394
-965.5771703062
-965.5769734580
-965.5771573643
-965.5772348493
-965.5772155603
-965.5770696054
-965.5771999528
-965.5772485639
-965.5771726425
-965.5772492369
-965.5770555906
-965.5773056992
-965.5772434150
-965.5772921065
-965.5772240217
-965.5772449429
-965.5772254180
-965.5770706567
-965.5771278105
-965.5771733379
-965.5772378793
-965.5770138706
-965.5772793793
-965.5771573885
-965.5771998959
-965.5771971442
-965.5770604404
-965.5769984463
-965.5771593690
-965.5771503852
-965.5772124755
-965.5770825616
-965.5771106901
-965.5772227095
-965.5772142789
-965.5770676746
-965.5771452904
-965.5771998583
-965.5772607840
-965.5771578246
-965.5771239881
-965.5771698912
-965.5770256055
-965.5770723770
-965.5770117081
-965.5772196064
-965.5771963015
-965.5771444353
-965.5771432914
-965.5771617666
-965.5771605046
-965.5771483935
-965.5771559220
-965.5772053440
-965.5770546047
-965.5772966231
-965.5770732468
-965.5770616834
-965.5770436492
-965.5773222279
-965.5770632908
-965.5771128336
-965.5771347165
-965.5770307237
-965.5772315921
-965.5773146714
-965.5770884589
-965.5771914922
-965.5771059875
-965.5771605231
-965.5770906267
-965.5771706244
-965.5773540608
-965.5772068486
-965.5773035254
-965.5771191911
-965.5771482327
-965.5770985575
-965.5772539340
-965.5771080976
-965.5770918305
-965.5772335797
-965.5771027240
-965.5771927334
-965.5772603357
-965.5772193689
-965.5771461917
-965.5770491302
-965.5771667105
-965.5771337469
-965.5772327580
-965.5771433863
-965.5773137741
-965.5772318409
-965.5771637744
-965.5771831026
-965.5771746089
-965.5771396044
-965.5770104707
-965.5771017483
-965.5770887932
-965.5773030408
-965.5771080987
-965.5773087570
-965.5771707836
-965.5770925224
-965.5772336968
-965.5772142072
-965.5771504171
-965.5772103417
-965.5771436362
-965.5771358248
-965.5770280680
-965.5771633647
-965.5772855521
-965.5770659195
-965.5772877318
-965.5770513132
-965.5771673081
-965.5772564140
-965.5769996078
-965.5772436703
-965.5772423542
-965.5771778037
-965.5771459731
-965.5772425750
-965.5771831593
-965.5771238254
-965.5770685627
-965.5772625084
-965.5773504028
-965.5771394097
-965.5771681899
-965.5772201823
-965.5771356882
-965.5772649114
-965.5773001455
-965.5771037921
-965.5772291417
-965.5771662467
-965.5771251272
-965.5770804052
-965.5770434005
-965.5769792044
-965.5769951160
-965.5770853433
-965.5770628792
-965.5771346489
-965.5769446799
-965.5771466442
-965.5772518675
-965.5770298061
-965.5770626485
-965.5771436247
-965.5770983366
-965.5771514726
-965.5771808653
-965.5771494890
-965.5770676727
-965.5771283891
-965.5772820538
-965.5771455427
-965.5771106745
-965.5770276846
-965.5772197373
-965.5771666468
-965.5771749618
-965.5772263732
-965.5769668945
-965.5772069590
-965.5771154077
-965.5770466474
-965.5771579556
-965.5773166399
-965.5772205813
-965.5771741695
-965.5771632993
-965.5772385154
-965.5770948516
-965.5770336528
-965.5771528139
-965.5768544091
-965.5772259016
-965.5771158529
-965.5772458998
-965.5772617450
-965.5771131234
-965.5771209756
-965.5772652667
-965.5770671679
-965.5770321057
-965.5770516157
-965.5769827478
-965.5771551476
-965.5771721023
-965.5772890048
-965.5771259303
-965.5770307831
-965.5770712202
-965.5771880707
-965.5772429026
-965.5770150665
-965.5772989511
-965.5769493357
-965.5771161182
-965.5770525765
-965.5771020690
-965.5768391547
-965.5772662625
-965.5771817865
-965.5770662015
-965.5770906799
-965.5771110859
-965.5771586731
-965.5771839632
-965.5771560897
-965.5771771053
-965.5771963073
-965.5772643584
-965.5771826670
-965.5771302379
-965.5772874656
-965.5772060171
-965.5771866501
-965.5770221292
-965.5772021918
-965.5772016167
-965.5772946110
-965.5771572893
-965.5770896226
-965.5771966334
-965.5772791354
-965.5771061309
-965.5771174197
-965.5772031878
-965.5769608447
-965.5771750132
-965.5771851944
-965.5771076537
-965.5771243563
-965.5772050747
-965.5772637807
-965.5769978127
-965.5771343191
-965.5771241373
-965.5769790455
-965.5771889816
-965.5770203860
-965.5769713542
-965.5772424946
-965.5770455576
-965.5771989622
-965.5771091147
-965.5771694836
-965.5772287239
-965.5769727529
-965.5771051311
-965.5770694784
-965.5771261731
-965.5772159633
-965.5771513841
-965.5771494838
-965.5771370068
-965.5769098209
-965.5771431186
-965.5772380974
-965.5769791385
-965.5770791262
-965.5772285081
-965.5771107074
-965.5772029588
-965.5772895058
-965.5772366419
-965.5771591734
-965.5771537742
-965.5772407407
-965.5770640387
-965.5772209906
-965.5771658016
-965.5771942428
-965.5772413664
-965.5770582089
-965.5771790420
-965.5769844485
-965.5770825783
-965.5771554736
-965.5771051094
-965.5772499976
-965.5771334721
-965.5771905033
-965.5771687752
-965.5771571275
-965.5772341756
-965.5771265141
-965.5771684852
-965.5771143139
-965.5772853098
-965.5772112844
-965.5770804678
-965.5772043965
-965.5772276168
-965.5770930136
-965.5769921701
-965.5771156334
-965.5771798222
-965.5771179211
-965.5772518024
-965.5770886657
-965.5770667156
-965.5772670965
-965.5772059602
-965.5772837759
-965.5770767611
-965.5771830457
-965.5771328289
-965.5772349247
-965.5771683841
-965.5771583808
-965.5771511491
-965.5771996083
-965.5771343789
-965.5771480822
-965.5771866749
-965.5772193263
-965.5773213552
-965.5771291665
-965.5771831158
-965.5773048302
-965.5770192530
-965.5773237066
-965.5772568270
-965.5772096370
-965.5772933477
-965.5772507429
-965.5771193791
-965.5772051973
-965.5772839368
-965.5773325755
-965.5771936811
-965.5772198073
-965.5772697687
-965.5772057859
-965.5770985928
-965.5773632386
-965.5768576823
-965.5771095248
-965.5772954756
-965.5771494539
-965.5771483522
-965.5772278827
-965.5773063207
-965.5772343364
-965.5771779371
-965.5771594213
-965.5771983297
-965.5773236516
-965.5771811521
-965.5772052519
-965.5770872967
-965.5772329921
-965.5770719656
-965.5771332855
-965.5771382137
-965.5771771901
-965.5770032340
-965.5770586711
-965.5771830320
-965.5772329084
-965.5770867434
-965.5769595605
-965.5770163707
-965.5771176779
-965.5771599254
-965.5771924499
-965.5772295081
-965.5770939957
-965.5772021471
-965.5771665526
-965.5772572723
-965.5771755477
-965.5771966884
-965.5772444367
-965.5768725875
-965.5771712258
-965.5771538069
-965.5772843436
-965.5770710142
-965.5770817718
-965.5771749381
-965.5771793425
-965.5770714809
-965.5772558620
-965.5772295802
-965.5772366431
-965.5771206762
-965.5772833097
-965.5772324957
-965.5771549264
-965.5771188208
-965.5770959156
-965.5771698426
-965.5772596366
-965.5771567360
-965.5771357466
-965.5772115489
-965.5772785596
-965.5771286921
-965.5773099286
-965.5772332104
-965.5771469623
-965.5772309971
-965.5772307509
-965.5770890654
-965.5771282240
-965.5771635264
-965.5769625377
-965.5771450457
-965.5772613217
-965.5772173366
-965.5770205519
-965.5772825129
-965.5770575351
-965.5771642292
-965.5772603930
-965.5773389828
-965.5770688389
-965.5772080564
-965.5770356591
-965.5770506247
-965.5771636693
-965.5772151820
-965.5772359429
-965.5770079856
-965.5771265783
-965.5771556473
-965.5772524672
-965.5771661988
-965.5771983738
-965.5772127179
-965.5772600162
-965.5769125529
-965.5772704962
-965.5772840976
-965.5772154242
-965.5771904112
-965.5772407792
-965.5772025383
-965.5771357814
-965.5772815853
-965.5771864042
-965.5771339277
-965.5772245117
-965.5772780959
-965.5772979206
-965.5770802197
-965.5771476895
-965.5770025737
-965.5771345521
-965.5772455283
-965.5772176962
-965.5771817795
-965.5771133247
-965.5772257658
-965.5770352626
-965.5772503453
-965.5770759426
-965.5770433783
-965.5772074670
-965.5772108076
-965.5771879259
-965.5770765204
-965.5772416117
-965.5770527136
-965.5772538289
-965.5771901049
-965.5772358360
-965.5771770699
-965.5771689118
-965.5770623998
-965.5770672860
-965.5769118341
-965.5771470675
-965.5772278266
-965.5769240399
-965.5771373393
-965.5771526533
-965.5773070857
-965.5771927763
-965.5772571622
-965.5771387494
-965.5772410534
-965.5771838646
-965.5772465402
-965.5770827497
-965.5770356108
-965.5772373553
-965.5772316860
-965.5771164849
-965.5768480897
-965.5772046794
-965.5772099900
-965.5770137819
-965.5771224168
-965.5771103197
-965.5772043583
-965.5769878553
-965.5772746301
-965.5771700434
-965.5772837255
-965.5772551987
-965.5772055288
-965.5770135340
-965.5770349989
-965.5772392642
-965.5772225624
-965.5771177557
-965.5772163842
-965.5773162795
-965.5770798255
-965.5772510970
-965.5770966537
-965.5772098013
-965.5772261875
-965.5771722749
-965.5772569792
-965.5771245156
-965.5772559786
-965.5769702415
-965.5770656291
-965.5771801593
-965.5770629266
-965.5771323021
-965.5771936763
-965.5770282380
-965.5771093391
-965.5771661012
-965.5770379542
-965.5771542448
-965.5771829059
-965.5771970555
-965.5773485399
-965.5772873398
-965.5771678810
-965.5769230973
-965.5772039682
-965.5771544236
-965.5771127071
-965.5770214551
-965.5771176056
-965.5771686420
-965.5770765369
-965.5772260202
-965.5771944777
-965.5772795697
-965.5771641912
-965.5771509850
-965.5771096212
-965.5771484833
-965.5771261727
-965.5771082099
-965.5771033306
-965.5770736743
-965.5772027518
-965.5771541166
-965.5770945789
-965.5767261020
-965.5772536489
-965.5771178124
-965.5772896887
-965.5773215537
-965.5772654000
-965.5770998101
-965.5772080592
-965.5769502992
-965.5769929905
-965.5771046780
-965.5770722632
-965.5772161941
-965.5770673291
-965.5772601330
-965.5771028897
-965.5771344692
-965.5771480285
-965.5771690584
-965.5772502391
-965.5771491152
-965.5770436686
-965.5771717336
-965.5769780458
-965.5772081744
-965.5772502169
-965.5773060549
-965.5771286271
-965.5770401268
-965.5771592556
-965.5771620659
-965.5771451859
-965.5771192257
-965.5771590100
-965.5771282172
-965.5771725401
-965.5770634115
-965.5771006456
-965.5771989859
-965.5772203597
-965.5771437482
-965.5770305584
-965.5772063266
-965.5770788235
-965.5771771419
-965.5772680010
-965.5773021268
-965.5772945732
-965.5769557397
-965.5772926584
-965.5772824661
-965.5771594348
-965.5771408776
-965.5772815394
-965.5772919938
-965.5771126405
-965.5770993952
-965.5772588303
-965.5771999988
-965.5771061921
-965.5770084162
-965.5772386501
-965.5771061331
-965.5771898518
-965.5772244481
-965.5771656152
-965.5769263387
-965.5769925950
-965.5771770412
-965.5769704761
-965.5770921198
-965.5772339451
-965.5770088487
-965.5772874493
-965.5771945628
-965.5772175525
-965.5770953118
-965.5772329875
-965.5773455448
-965.5771966005
-965.5770747453
-965.5772452167
-965.5769493004
-965.5771397168
-965.5769184386
-965.5771692352
-965.5771824211
-965.5771093591
-965.5771377693
-965.5771779604
-965.5771876089
-965.5771803548
-965.5770975367
-965.5770463811
-965.5771352793
-965.5770689180
-965.5771224565
-965.5771422856
-965.5770423797
-965.5770975865
-965.5772079943
-965.5771977025
-965.5770819739
-965.5771016214
-965.5772592493
-965.5771654072
-965.5771431300
-965.5771407591
-965.5770442009
-965.5772420459
-965.5770339707
-965.5772361203
-965.5771325164
-965.5770534402
-965.5771728960
-965.5771749325
-965.5771681064
-965.5771146013
-965.5771960981
-965.5772131697
-965.5772249829
-965.5770627013
-965.5770597953
-965.5773144450
-965.5771454297
-965.5772472977
-965.5772169529
-965.5772340071
-965.5770962414
-965.5772533756
-965.5771075532
-965.5773624641
-965.5769614429
-965.5769796994
-965.5772426548
-965.5771170012
-965.5772736502
-965.5773410407
-965.5770839940
-965.5771889183
-965.5772398458
-965.5772191009
-965.5770553076
-965.5771454922
-965.5772644123
-965.5769992794
-965.5771765029
-965.5771060760
-965.5772292749
-965.5771706348
-965.5771712338
-965.5773254136
-965.5771250357
-965.5772093643
-965.5772391864
-965.5771629059
-965.5773082401
-965.5770435203
-965.5771992461
-965.5771239330
-965.5771158445
-965.5771593199
-965.5768987688
-965.5770972632
-965.5771810765
-965.5771171256
-965.5772767396
-965.5772439921
-965.5772490972
-965.5772123350
-965.5770001953
-965.5772667560
-965.5772238027
-965.5771553823
-965.5772200284
-965.5770696724
-965.5771183445
-965.5771612837
-965.5771627075
-965.5770378263
-965.5769059014
-965.5769417898
-965.5770056784
-965.5771046569
-965.5770190367
-965.5770844350
-965.5771988073
-965.5771262030
-965.5772507483
-965.5771711113
-965.5771381844
-965.5772468457
-965.5770832752
-965.5771776442
-965.5771748269
-965.5771281449
-965.5771376402
-965.5771159147
-965.5773479944
-965.5770938606
-965.5771684720
-965.5772103839
-965.5772584480
-965.5772804389
-965.5771136161
-965.5771500897
-965.5772453400
-965.5771201267
-965.5771746354
-965.5772015727
-965.5770743804
-965.5771775763
-965.5772201905
-965.5771014302
-965.5770745961
-965.5771991756
-965.5772556890
-965.5769959056
-965.5773082366
-965.5772136974
-965.5771293596
-965.5770824039
-965.5772448090
-965.5771648143
-965.5770625782
-965.5769955615
-965.5772021691
-965.5771282932
-965.5772005811
-965.5771734927
-965.5772261910
-965.5770861725
-965.5771353139
-965.5772003450
-965.5772155118
-965.5769607835
-965.5771249452
-965.5771413383
-965.5770921860
-965.5771599231
-965.5771267357
-965.5771804559
-965.5770324274
-965.5771121409
-965.5770934131
-965.5772149527
-965.5771624574
-965.5770946063
-965.5772765249
-965.5771686038
-965.5772369341
-965.5771948100
-965.5771934272
-965.5771680206
-965.5771257969
-965.5770687154
-965.5770452844
-965.5771357637
-965.5771494485
-965.5771665674
-965.5769339690
-965.5771880054
-965.5772219616
-965.5770700795
-965.5770596828
-965.5771074436
-965.5771848503
-965.5771501558
-965.5770960348
-965.5772254101
-965.5772352252
-965.5771855261
-965.5772616078
-965.5769826529
-965.5772403491
-965.5771854491
-965.5771701328
-965.5770753204
-965.5772455969
-965.5772419113
-965.5770197289
-965.5772045201
-965.5769535125
-965.5771255211
-965.5772279264
-965.5771581292
-965.5772151823
-965.5769963924
-965.5772020358
-965.5772302357
-965.5771437536
-965.5772707923
-965.5772703113
-965.5772362317
-965.5771460363
-965.5770551818
-965.5772155829
-965.5772987265
-965.5772762512
-965.5772494840
-965.5770681310
-965.5770967474
-965.5772795166
-965.5771803285
-965.5770981283
-965.5771801902
-965.5771990813
-965.5770702734
-965.5770044302
-965.5772024756
-965.5770534723
-965.5772391270
-965.5771090869
-965.5771485598
-965.5771259700
-965.5772155849
-965.5769026700
-965.5772394602
-965.5771342912
-965.5769562266
-965.5772367002
-965.5772643908
-965.5770268223
-965.5773156705
-965.5770685393
-965.5773241124
-965.5772640577
-965.5770177276
-965.5771513010
-965.5771342044
-965.5770333988
-965.5770824028
-965.5769437419
-965.5769687696
-965.5770089058
-965.5771720097
-965.5771599157
-965.5771230819
-965.5769937261
-965.5771274888
-965.5769549409
-965.5771331039
-965.5772299933
-965.5772714455
-965.5770407521
-965.5772272802
-965.5771521744
-965.5771023816
-965.5769195075
-965.5771535804
-965.5771807189
-965.5771503474
-965.5772035254
-965.5771681195
-965.5771945624
-965.5771705793
-965.5773097505
-965.5771141218
-965.5770856817
-965.5770976717
-965.5771131367
-965.5771397990
-965.5772706911
-965.5772369368
-965.5771278733
-965.5772580524
-965.5772499606
-965.5772320652
-965.5772503544
-965.5773036645
-965.5771496460
-965.5772214732
-965.5772522543
-965.5770436083
-965.5772168857
-965.5769593722
-965.5771378381
-965.5771745938
-965.5770102926
-965.5771035467
-965.5772018853
-965.5771192137
-965.5771388994
-965.5772661753
-965.5771063189
-965.5771192284
-965.5771550510
-965.5770483972
-965.5772314547
-965.5770657114
-965.5772043397
-965.5771379366
-965.5772014529
-965.5772194982
-965.5769027770
-965.5772120947
-965.5769035191
-965.5771040871
-965.5770858866
-965.5768829133
-965.5771332356
-965.5771668746
-965.5771038830
-965.5771189617
-965.5770746787
-965.5770351321
-965.5771854573
-965.5771177671
-965.5772484351
-965.5772518769
-965.5771846104
-965.5770669911
-965.5771137587
-965.5772266183
-965.5771595835
-965.5768677512
-965.5772554319
-965.5771053832
-965.5771344132
-965.5770835218
-965.5771404900
-965.5771245124
-965.5772615833
-965.5771788010
-965.5772867497
-965.5770842009
-965.5772612399
-965.5770376785
-965.5772264246
-965.5771875905
-965.5772714773
-965.5772465279
-965.5771774435
-965.5772201358
-965.5772427213
-965.5771389978
-965.5772297973
-965.5771290874
-965.5771941997
-965.5772255718
-965.5773062221
-965.5770465958
-965.5771978771
-965.5772324160
-965.5771575452
-965.5771663651
-965.5772281936
-965.5771033095
-965.5771668649
-965.5771860114
-965.5770101711
-965.5771668542
-965.5770709254
-965.5772423840
-965.5770667199
-965.5769047047
-965.5770744161
-965.5770237972
-965.5769870204
-965.5770447375
-965.5770003712
-965.5771143745
-965.5773204890
-965.5770595262
-965.5773402958
-965.5772296841
-965.5770019337
-965.5771462208
-965.5771439585
-965.5771074564
-965.5771553184
-965.5771702109
-965.5772574127
-965.5771476676
-965.5771616538
-965.5772707529
-965.5772202665
-965.5772331295
-965.5772701167
-965.5772288246
-965.5770845433
-965.5771524433
-965.5772519906
-965.5771618504
-965.5772155029
-965.5769881357
-965.5771605852
-965.5772443071
-965.5770534432
-965.5772273290
-965.5772699967
-965.5771415493
-965.5773329246
-965.5772518770
-965.5771853802
-965.5770844124
-965.5770348764
-965.5770699291
-965.5770559897
-965.5772258119
-965.5772244399
-965.5769957168
-965.5770707277
-965.5771136433
-965.5771372871
-965.5770599653
-965.5769474087
-965.5769626959
-965.5771065851
-965.5769366735
-965.5770630417
-965.5769640644
-965.5770377930
-965.5770163769
-965.5771857230
-965.5770820098
-965.5771659485
-965.5771543023
-965.5772290357
-965.5771491842
-965.5772540373
-965.5773410956
-965.5772408846
-965.5771828086
-965.5771096986
-965.5771126475
-965.5768934998
-965.5769913335
-965.5770877836
-965.5771607575
-965.5771554328
-965.5771309744
-965.5771785612
-965.5772201472
-965.5771369226
-965.5771788163
-965.5771390688
-965.5770700431
-965.5768985379
-965.5770672434
-965.5772255482
-965.5770967446
-965.5771210484
-965.5771648214
-965.5771814020
-965.5771432378
-965.5771406421
-965.5771173004
-965.5771785148
-965.5771956168
-965.5771958496
-965.5770673937
-965.5771996688
-965.5772080087
-965.5772115387
-965.5771791051
-965.5768829349
-965.5771687930
-965.5770168327
-965.5770215356
-965.5769695024
-965.5770371330
-965.5772043688
-965.5771225631
-965.5771754652
-965.5772671297
-965.5772511304
-965.5772361604
-965.5772427417
-965.5770355018
-965.5771575490
-965.5770892595
-965.5771806838
-965.5770325748
-965.5771066153
-965.5772424991
-965.5772689176
-965.5771926030
-965.5771385032
-965.5772608069
-965.5770703026
-965.5771135245
-965.5770263668
-965.5772129557
-965.5772502487
-965.5773042742
-965.5771898348
-965.5771012755
-965.5771704349
-965.5771257186
-965.5771680105
-965.5772295871
-965.5772172134
-965.5772017750
-965.5772563709
-965.5772333754
-965.5771258640
-965.5772457969
-965.5772545251
-965.5771847503
-965.5770418070
-965.5771567956
-965.5772128506
-965.5772692892
-965.5770141619
-965.5770540380
-965.5771143885
-965.5769208934
-965.5770126611
-965.5771635455
-965.5772454715
-965.5773008656
-965.5771857259
-965.5772571273
-965.5770847373
-965.5769969619
-965.5771612616
-965.5770929084
-965.5772125984
-965.5771083397
-965.5772314640
-965.5772398196
-965.5771197409
-965.5771040755
-965.5772087025
-965.5771527524
-965.5771502840
-965.5771117154
-965.5770987624
-965.5771453517
-965.5770307664
-965.5769713353
-965.5772995386
-965.5772767194
-965.5771845911
-965.5770465647
-965.5771386117
-965.5771556749
-965.5771962012
-965.5771854579
-965.5772179063
-965.5770556126
-965.5768364754
-965.5771853715
-965.5771947449
-965.5773045518
-965.5771767306
-965.5771299635
-965.5770443536
-965.5769752226
-965.5772078847
-965.5770083005
-965.5771341686
-965.5772166270
-965.5770987180
-965.5772650597
-965.5771849834
-965.5771802599
-965.5770621707
-965.5771916055
-965.5771946092
-965.5770140504
-965.5770668735
-965.5771723769
-965.5771639311
-965.5771372843
-965.5771156306
-965.5771421538
-965.5771994175
-965.5772352377
-965.5772326192
-965.5771778969
-965.5769213716
-965.5770213271
-965.5770603606
-965.5771631917
-965.5772100826
-965.5771369338
-965.5768709884
-965.5770861112
-965.5771216505
-965.5772567571
-965.5771606913
-965.5770795652
-965.5772182715
-965.5771121255
-965.5772127825
-965.5771769011
-965.5772672772
-965.5770798962
-965.5771904893
-965.5771972212
-965.5771224242
-965.5770831675
-965.5770453817
-965.5772480680
-965.5772719301
-965.5771291395
-965.5772018568
-965.5772970001
-965.5772367909
-965.5770425271
-965.5772247662
-965.5771740658
-965.5772524665
-965.5772054260
-965.5771534572
-965.5772076089
-965.5771482483
-965.5771857138
-965.5769186453
-965.5771443897
-965.5772067597
-965.5769078433
-965.5771621785
-965.5769898966
-965.5770420510
-965.5772553087
-965.5770891179
-965.5771283767
-965.5770517258
-965.5770713682
-965.5772218982
-965.5770914064
-965.5771625949
-965.5770600761
-965.5771138337
-965.5771050518
-965.5772722116
-965.5773222988
-965.5770736170
-965.5773686385
-965.5773244428
-965.5770714354
-965.5772464812
-965.5773030983
-965.5770587084
-965.5772848164
-965.5771266136
-965.5771725806
-965.5770149438
-965.5771717203
-965.5772132049
-965.5772762391
-965.5771756769
-965.5770622022
-965.5771628452
-965.5771376452
-965.5771396228
-965.5770347724
-965.5773229406
-965.5771767086
-965.5771080179
-965.5770864566
-965.5770615627
-965.5772177560
-965.5769806152
-965.5770192211
-965.5771261725
-965.5772518394
-965.5771525426
-965.5770625355
-965.5771053743
-965.5770380425
-965.5769904082
-965.5770388890
-965.5772344699
-965.5773310577
-965.5772136460
-965.5770400163
-965.5772350808
-965.5771225037
-965.5772014946
-965.5770460317
-965.5770452556
-965.5772916087
-965.5772420435
-965.5771875089
-965.5769828251
-965.5768945434
-965.5771793220
-965.5770102618
-965.5771673771
-965.5771874469
-965.5771449681
-965.5770144150
-965.5771853331
-965.5771037843
-965.5770922621
-965.5771762741
-965.5771603560
-965.5772134936
-965.5771891575
-965.5772435720
-965.5773346131
-965.5771550268
-965.5771213205
-965.5770887132
-965.5770723980
-965.5771367014
-965.5772482572
-965.5771077570
-965.5770499814
-965.5772217133
-965.5771278770
-965.5770676738
-965.5770746938
-965.5772684877
-965.5772202508
-965.5770759925
-965.5771924492
-965.5771107941
-965.5771260981
-965.5771539058
-965.5772366031
-965.5771753407
-965.5771230729
-965.5770118833
-965.5771415817
-965.5772685225
-965.5772537517
-965.5771476193
-965.5771797237
-965.5772454234
-965.5770196855
-965.5771688025
-965.5772756497
-965.5770211377
-965.5772857472
-965.5771341769
-965.5771311844
-965.5771026530
-965.5771732162
-965.5770433358
-965.5770786159
-965.5772130243
-965.5773096521
-965.5771357906
-965.5772633356
-965.5771999333
-965.5772505220
-965.5771824451
-965.5772402818
-965.5773287494
-965.5771167760
-965.5771184922
-965.5771755630
-965.5771787863
-965.5770034834
-965.5772590094
-965.5771720258
-965.5771417871
-965.5770004546
-965.5771975548
-965.5770778598
-965.5770715912
-965.5769156343
-965.5771369988
-965.5770622273
-965.5770894760
-965.5769972121
-965.5772821457
-965.5770928195
-965.5771343419
-965.5767856555
-965.5772745347
-965.5770853300
-965.5771626603
-965.5772349968
-965.5771664411
-965.5772950434
-965.5769837203
-965.5770844024
-965.5772068276
-965.5771687782
-965.5770664064
-965.5772365605
-965.5771256748
-965.5769873689
-965.5770840305
-965.5770122612
-965.5771615135
-965.5771755695
-965.5772341216
-965.5772507654
-965.5770189269
-965.5771714952
-965.5772146283
-965.5770754809
-965.5771779748
-965.5771574517
-965.5772505974
-965.5770470616
-965.5770004798
-965.5772654967
-965.5772489492
-965.5770913671
-965.5771223963
-965.5771138378
-965.5769681410
-965.5773098702
-965.5769238780
-965.5771622773
-965.5771028680
-965.5770830462
-965.5771299907
-965.5771807801
-965.5771720063
-965.5771573417
-965.5771616904
-965.5772021208
-965.5771843926
-965.5772099144
-965.5771065229
-965.5771234207
-965.5771385769
-965.5770327067
-965.5772473262
-965.5771819214
-965.5772280671
-965.5770178180
-965.5771098356
-965.5769798438
-965.5772333015
-965.5770798440
-965.5771385437
-965.5771315202
-965.5770893820
-965.5773309432
-965.5771858756
-965.5770177848
-965.5772969153
-965.5771257064
-965.5771113398
-965.5772059926
-965.5771542911
-965.5772548380
-965.5773552414
-965.5771425794
-965.5771876944
-965.5770711185
-965.5771716709
-965.5770951169
-965.5771250538
-965.5771170717
-965.5771465728
-965.5770479104
-965.5771474847
-965.5771388272
-965.5773214264
-965.5771054424
-965.5772435402
-965.5771917219
-965.5771291178
-965.5771892396
-965.5771981073
-965.5773125883
-965.5770055166
-965.5771992399
-965.5771186733
-965.5770531158
-965.5770243972
-965.5772611607
-965.5771312939
-965.5773233424
-965.5771530957
-965.5769822225
-965.5771471073
-965.5770239192
-965.5771995335
-965.5772449055
-965.5772187510
-965.5772243802
-965.5772455832
-965.5773214458
-965.5772244245
-965.5772484596
-965.5770079645
-965.5772688519
-965.5769824560
-965.5771078367
-965.5771622122
-965.5772040445
-965.5771365478
-965.5771690383
-965.5770777571
-965.5772793957
-965.5772881904
-965.5770397435
-965.5771071510
-965.5770425397
-965.5771711250
-965.5770759947
-965.5770684369
-965.5771974976
-965.5770030295
-965.5773453082
-965.5772028184
-965.5772088170
-965.5770513903
-965.5771105876
-965.5771674205
-965.5772469961
-965.5771373445
-965.5772640413
-965.5770716048
-965.5772285611
-965.5769586824
-965.5772160692
-965.5771642120
-965.5767954828
-965.5771240068
-965.5769997117
-965.5771754433
-965.5770417339
-965.5770535938
-965.5772335987
-965.5771350666
-965.5771178831
-965.5771739799
-965.5772843879
-965.5771327784
-965.5773012913
-965.5771724195
-965.5772427099
-965.5772398617
-965.5771154404
-965.5771145921
-965.5771939775
-965.5769666312
-965.5772462795
-965.5771568730
-965.5772102475
-965.5771054918
-965.5770304885
-965.5769124167
-965.5770978795
-965.5771937623
-965.5772044706
-965.5772469760
-965.5773366731
-965.5771953820
-965.5771920499
-965.5773017889
-965.5772391226
-965.5771387268
-965.5771200104
-965.5771605851
-965.5770425616
-965.5770417362
-965.5771228420
-965.5772267480
-965.5772655653
-965.5771389724
-965.5771104596
-965.5771014568
-965.5770963265
-965.5770402268
-965.5771303496
-965.5771720393
-965.5772297456
-965.5771820791
-965.5771388536
-965.5773111300
-965.5772594137
-965.5770398708
-965.5770555032
-965.5771953637
-965.5771190770
-965.5770673583
-965.5771739162
-965.5771006883
-965.5771620115
-965.5771371428
-965.5772836331
-965.5772279494
-965.5772527537
-965.5773120167
-965.5770874479
-965.5771181765
-965.5770788232
-965.5772563111
-965.5771605282
-965.5771893771
-965.5771681902
-965.5771213057
-965.5770434870
-965.5769207039
-965.5772500163
-965.5770233289
-965.5770493035
-965.5771352896
-965.5769562576
-965.5772103328
-965.5772024901
-965.5771799358
-965.5772100640
-965.5772653950
-965.5772995522
-965.5772621822
-965.5772113474
-965.5770943796
-965.5773022514
-965.5771942388
-965.5772250081
-965.5771591728
-965.5772164736
-965.5771285189
-965.5771636310
-965.5772027961
-965.5770958675
-965.5772960172
-965.5772580356
-965.5771694046
-965.5771305724
-965.5771221188
-965.5771885833
-965.5772683147
-965.5772633472
-965.5772248700
-965.5771292454
-965.5771488828
-965.5772864886
-965.5770425340
-965.5771224121
-965.5770965644
-965.5770527487
-965.5771845240
-965.5771267039
-965.5771347055
-965.5772440767
-965.5772065664
-965.5772529934
-965.5769704375
-965.5772326661
-965.5770359586
-965.5771480892
-965.5773127123
-965.5770245227
-965.5772223194
-965.5772708277
-965.5770790997
-965.5770881793
-965.5773000765
-965.5771397970
-965.5773055139
-965.5770073750
-965.5771184542
-965.5771697338
-965.5771138642
-965.5770505813
-965.5771308502
-965.5773041586
-965.5771572768
-965.5772354982
-965.5769579267
-965.5771408688
-965.5771137376
-965.5770857682
-965.5772598484
-965.5772101913
-965.5772212208
-965.5771735997
-965.5771554451
-965.5771361516
-965.5770691983
-965.5771826813
-965.5772593954
-965.5769547186
-965.5773107633
-965.5772006083
-965.5770644649
-965.5769336889
-965.5772698480
-965.5772338989
-965.5771446895
-965.5769935630
-965.5770485880
-965.5771771942
-965.5770482708
-965.5771852552
-965.5771960388
-965.5770740214
-965.5769514273
-965.5772242118
-965.5770796611
-965.5772031149
-965.5771500333
-965.5770825067
-965.5772434922
-965.5771196983
-965.5771836628
-965.5770678960
-965.5770202259
-965.5772769584
-965.5770848084
-965.5770498195
-965.5770571935
-965.5772031349
-965.5771211868
-965.5772562278
-965.5771006850
-965.5771346791
-965.5772115834
-965.5770637662
-965.5770050316
-965.5771994980
-965.5770969947
-965.5771052319
-965.5770943170
-965.5771296804
-965.5771317347
-965.5771822497
-965.5770145487
-965.5771948437
-965.5769793177
-965.5769014914
-965.5772288306
-965.5772484537
-965.5770326018
-965.5771990844
-965.5772352434
-965.5771911445
-965.5770384317
-965.5772646695
-965.5771371639
-965.5772120376
-965.5772887783
-965.5771167342
-965.5772159397
-965.5772627497
-965.5770955300
-965.5769941629
-965.5770454787
-965.5770808410
-965.5771016285
-965.5771885277
-965.5770964101
-965.5771216544
-965.5771930234
-965.5772560681
-965.5771256150
-965.5771250965
-965.5772110784
-965.5772334186
-965.5770647744
-965.5770527439
-965.5771478824
-965.5772536565
-965.5769979964
-965.5771042027
-965.5770535481
-965.5772598356
-965.5773137135
-965.5771976782
-965.5772033927
-965.5772078307
-965.5772137434
-965.5770115118
-965.5772038463
-965.5771751221
-965.5773024022
-965.5771556494
-965.5771566764
-965.5771577753
-965.5772354088
-965.5769633683
-965.5771401033
-965.5771067979
-965.5769558979
-965.5768368595
-965.5772144828
-965.5772552730
-965.5771575729
-965.5771904261
-965.5772703279
-965.5771426309
-965.5772064892
-965.5770683088
-965.5771665969
-965.5769622938
-965.5771595592
-965.5771064395
-965.5772647834
-965.5773003781
-965.5769358846
-965.5770581046
-965.5771636759
-965.5772125678
-965.5772999395
-965.5773318842
-965.5771263068
-965.5771184256
-965.5771454681
-965.5771307818
-965.5771842064
-965.5771415485
-965.5771393763
-965.5771683508
-965.5771449902
-965.5770504525
-965.5772270212
-965.5772233342
-965.5771610086
-965.5772726869
-965.5771309067
-965.5772109582
-965.5770964874
-965.5772674729
-965.5771036035
-965.5772677348
-965.5770988461
-965.5770404761
-965.5771563115
-965.5770796187
-965.5769770269
-965.5771420348
-965.5771243379
-965.5771896747
-965.5772335830
-965.5770969103
-965.5770982975
-965.5771833616
-965.5772178258
-965.5770637627
-965.5770620178
-965.5772106770
-965.5769918152
-965.5770138865
-965.5770236770
-965.5772107854
-965.5770391922
-965.5772957259
-965.5772059199
-965.5772791050
-965.5771736837
-965.5770420226
-965.5770981265
-965.5771620121
-965.5771350584
-965.5772437036
-965.5772271701
-965.5773071637
-965.5772781827
-965.5772500227
-965.5771271024
-965.5772322923
-965.5771099217
-965.5770844567
-965.5772083334
-965.5772421363
-965.5772187329
-965.5771911108
-965.5772150668
-965.5773376568
-965.5772681215
-965.5767963927
-965.5767747335
-965.5771251238
-965.5772945083
-965.5773027366
-965.5771114135
-965.5771361255
-965.5771106525
-965.5772152282
-965.5772268012
-965.5771527794
-965.5771949690
-965.5772219336
-965.5772392392
-965.5772242079
-965.5771048490
-965.5770424444
-965.5771429982
-965.5770867335
-965.5768411006
-965.5772502299
-965.5771691900
-965.5772168800
-965.5770627945
-965.5769365218
-965.5771268112
-965.5771141203
-965.5773142542
-965.5772069111
-965.5771294906
-965.5772625595
-965.5770300396
-965.5771876657
-965.5772495166
-965.5770593952
-965.5770021703
-965.5772452573
-965.5771993422
-965.5770732612
-965.5772534679
-965.5772676690
-965.5772690263
-965.5771723816
-965.5770930067
-965.5771513812
-965.5770799734
-965.5770817773
-965.5770287052
-965.5771857317
-965.5770030884
-965.5771097220
-965.5772428405
-965.5770048873
-965.5769975724
-965.5772215729
-965.5772179635
-965.5772399903
-965.5772697145
-965.5771350960
-965.5771493996
-965.5771238478
-965.5771522905
-965.5771689404
-965.5771930669
-965.5771630034
-965.5770859401
-965.5771813502
-965.5772442245
-965.5772987024
-965.5771668029
-965.5771869524
-965.5769773629
-965.5772184257
-965.5772392126
-965.5771945219
-965.5772640591
-965.5770654506
-965.5772702204
-965.5772056812
-965.5770816484
-965.5770718018
-965.5770366827
-965.5772148229
-965.5771552444
-965.5772208665
-965.5773649982
-965.5772831775
-965.5771875224
-965.5772222573
-965.5772195449
-965.5770839399
-965.5771119244
-965.5772046818
-965.5771964461
-965.5772651165
-965.5769525769
-965.5772175221
-965.5772273595
-965.5772007116
-965.5772146838
-965.5770914737
-965.5770441113
-965.5773059483
-965.5770894997
-965.5771232928
-965.5771739782
-965.5772667567
-965.5769972130
-965.5768828117
-965.5772773125
-965.5770376183
-965.5771795213
-965.5771037083
-965.5770524338
-965.5770446249
-965.5770610490
-965.5770263109
-965.5772230235
-965.5769527889
-965.5771123159
-965.5771374594
-965.5771465329
-965.5767900367
-965.5769977112
-965.5772197477
-965.5771344240
-965.5771602047
-965.5772700287
-965.5771599611
-965.5772854026
-965.5772651494
-965.5772897771
-965.5771729059
-965.5769985175
-965.5771713907
-965.5772598831
-965.5771524955
-965.5771660402
-965.5770826068
-965.5770457627
-965.5771291069
-965.5772689301
-965.5771321981
-965.5771561365
-965.5772182906
-965.5772228066
-965.5771835781
-965.5769976598
-965.5770306471
-965.5771622538
-965.5770755195
-965.5773182348
-965.5769321349
-965.5771176550
-965.5770804415
-965.5771895001
-965.5772202440
-965.5772613540
-965.5770190926
-965.5770540344
-965.5771590369
-965.5772733308
-965.5771701195
-965.5771464906
-965.5770946843
-965.5771926386
-965.5770900176
-965.5773448238
-965.5772594460
-965.5771285466
-965.5771573660
-965.5771755570
-965.5772606896
-965.5771053018
-965.5771719183
-965.5772183908
-965.5772550718
-965.5772961551
-965.5771963405
-965.5771783149
-965.5772200506
-965.5770651215
-965.5772585625
-965.5771410662
-965.5770223191
-965.5770655160
-965.5770633321
-965.5772756833
-965.5772219911
-965.5772344740
-965.5772200947
-965.5771471428
-965.5770008390
-965.5771850977
-965.5772905565
-965.5772792094
-965.5772271797
-965.5769639118
-965.5772432562
-965.5770590647
-965.5770838118
-965.5771068474
-965.5771602688
-965.5771783449
-965.5771798678
-965.5770482097
-965.5770924926
-965.5772111055
-965.5770900102
-965.5772768982
-965.5771535273
-965.5771759549
-965.5772618816
-965.5772322385
-965.5771950823
-965.5771844925
-965.5769882407
-965.5771561973
-965.5772500542
-965.5771148872
-965.5772860884
-965.5770739609
-965.5771126511
-965.5769891329
-965.5771106689
-965.5771365463
-965.5773542849
-965.5772038758
-965.5770665663
-965.5770605490
-965.5770991083
-965.5772496427
-965.5771195116
-965.5772528475
-965.5770250686
-965.5772352840
-965.5771555470
-965.5770620560
-965.5771867009
-965.5771173803
-965.5770948431
-965.5770235057
-965.5772598135
-965.5772024031
-965.5771515955
-965.5772643718
-965.5771047626
-965.5772371699
-965.5771744397
-965.5769694436
-965.5770781772
-965.5769694947
-965.5770855522
-965.5772514124
-965.5770320746
-965.5771472859
-965.5772463694
-965.5773089158
-965.5771155088
-965.5771714750
-965.5771419711
-965.5772091535
-965.5770646023
-965.5771591289
-965.5770700641
-965.5773095677
-965.5770387315
-965.5770166582
-965.5772315498
-965.5771953938
-965.5772226082
-965.5771427120
-965.5771205182
-965.5772439336
-965.5771549707
-965.5772205221
-965.5772556066
-965.5772103921
-965.5771004429
-965.5772251112
-965.5771596641
-965.5769058003
-965.5769974949
-965.5772715136
-965.5772905528
-965.5769396441
-965.5771257936
-965.5772959571
-965.5772698231
-965.5772257045
-965.5771190926
-965.5769162903
-965.5769804112
-965.5770977206
-965.5772935514
-965.5772691462
-965.5771991226
-965.5771596893
-965.5772748384
-965.5771360021
-965.5768931322
-965.5771933961
-965.5772336409
-965.5771480766
-965.5771540907
-965.5772727053
-965.5773019841
-965.5771387527
-965.5771267557
-965.5770970420
-965.5772693758
-965.5772063666
-965.5771133653
-965.5771501892
-965.5771649766
-965.5771635317
-965.5772882820
-965.5771003808
-965.5772341324
-965.5770931875
-965.5771560383
-965.5770705692
-965.5772107833
-965.5771857519
-965.5770144087
-965.5771110765
-965.5770663373
-965.5770835128
-965.5771741489
-965.5771113075
-965.5771729006
-965.5772274309
-965.5771325064
-965.5769608127
-965.5770506428
-965.5770713509
-965.5770048191
-965.5772010223
-965.5772166297
-965.5771761279
-965.5772978575
-965.5769652179
-965.5772111722
-965.5771035255
-965.5771204003
-965.5772708374
-965.5771929623
-965.5771602746
-965.5770247172
-965.5770578967
-965.5771336945
-965.5771284720
-965.5772358020
-965.5766992083
-965.5772797394
-965.5771457641
-965.5770555111
-965.5771384029
-965.5770502319
-965.5767044750
-965.5771998879
-965.5770765715
-965.5769654431
-965.5770781716
-965.5770901258
-965.5771961154
-965.5772187846
-965.5771429102
-965.5770632535
-965.5771346944
-965.5772319080
-965.5772016479
-965.5771000886
-965.5770800784
-965.5771480518
-965.5772831947
-965.5770802640
-965.5771745184
-965.5770780287
-965.5770666721
-965.5771024456
-965.5772663926
-965.5769337399
-965.5772155683
-965.5771824763
-965.5771978191
-965.5771916416
-965.5773120551
-965.5771786621
-965.5772750508
-965.5771756706
-965.5771964548
-965.5770876564
-965.5771527283
-965.5771358700
-965.5771970698
-965.5772495775
-965.5770802255
-965.5770490061
-965.5771286527
-965.5772524280
-965.5770755340
-965.5772712128
-965.5770905208
-965.5772900345
-965.5769495690
-965.5772385664
-965.5770816628
-965.5771029104
-965.5770913389
-965.5771540765
-965.5771374115
-965.5771069037
-965.5769232815
-965.5771063795
-965.5772005628
-965.5770884786
-965.5770417075
-965.5771721951
-965.5771835814
-965.5771209016
-965.5771983786
-965.5771806479
-965.5771321022
-965.5772608413
-965.5773156638
-965.5771621898
-965.5771093292
-965.5772395607
-965.5771141968
-965.5771264772
-965.5771796404
-965.5772832801
-965.5771934065
-965.5770138263
-965.5771220096
-965.5770323013
-965.5772395854
-965.5771671218
-965.5770074975
-965.5772051130
-965.5772470582
-965.5770135371
-965.5772204152
-965.5770207359
-965.5771681438
-965.5771711673
-965.5770403079
-965.5770540965
-965.5772642956
-965.5772781838
-965.5772229190
-965.5772649983
-965.5770581667
-965.5772254441
-965.5771206195
-965.5770751190
-965.5771285710
-965.5771369565
-965.5769768888
-965.5771458375
-965.5772059634
-965.5773229136
-965.5771465856
-965.5771526048
-965.5771710675
-965.5771142136
-965.5772209448
-965.5772060592
-965.5772604646
-965.5772265462
-965.5771159630
-965.5772254784
-965.5771566348
-965.5771030812
-965.5770040344
-965.5769672300
-965.5771451662
-965.5769702153
-965.5772433620
-965.5772096829
-965.5771772474
-965.5769976341
-965.5771364579
-965.5770200957
-965.5772801632
-965.5771354230
-965.5771807268
-965.5772414402
-965.5772511220
-965.5772822214
-965.5771960249
-965.5771985616
-965.5772607114
-965.5772107136
-965.5771958050
-965.5768886702
-965.5770880489
-965.5771600848
-965.5771360984
-965.5770952443
-965.5771145661
-965.5771863953
-965.5771538845
-965.5772192661
-965.5769626598
-965.5770934643
-965.5772915383
-965.5771045547
-965.5772478530
-965.5772152661
-965.5771615152
-965.5769874281
-965.5772041823
-965.5768974381
-965.5770891908
-965.5771124257
-965.5772816021
-965.5769898788
-965.5771884176
-965.5771828529
-965.5772722374
-965.5769646399
-965.5772139628
-965.5772831831
-965.5771867809
-965.5772743336
-965.5770721080
-965.5772173426
-965.5771829791
-965.5771873492
-965.5771140506
-965.5771934499
-965.5769644893
-965.5772127882
-965.5771211010
-965.5770849175
-965.5772399253
-965.5771596883
-965.5771321786
-965.5772170317
-965.5768697537
-965.5771540486
-965.5773349716
-965.5771384482
-965.5771617613
-965.5770519745
-965.5770386257
-965.5770642056
-965.5773068771
-965.5772501544
-965.5771969608
-965.5772824576
-965.5768839721
-965.5772218333
-965.5770363917
-965.5769380984
-965.5772382949
-965.5770857348
-965.5769967277
-965.5772936519
-965.5771538867
-965.5771364433
-965.5771494700
-965.5769448332
-965.5771433160
-965.5772678894
-965.5772330324
-965.5771652290
-965.5771381071
-965.5772073183
-965.5771901634
-965.5771644514
-965.5770576517
-965.5771268970
-965.5770330412
-965.5771060159
-965.5771597190
-965.5771540314
-965.5771692600
-965.5771872676
-965.5771297494
-965.5772602774
-965.5771726631
-965.5771671130
-965.5770574210
-965.5770998487
-965.5773094422
-965.5771193469
-965.5770580487
-965.5770422643
-965.5771642985
-965.5772327561
-965.5772250416
-965.5771114717
-965.5768660777
-965.5771646118
-965.5772126397
-965.5772530655
-965.5772317603
-965.5770307489
-965.5772291496
-965.5771054030
-965.5771470391
-965.5771196670
-965.5773112406
-965.5772150917
-965.5771421909
-965.5772585837
-965.5771546794
-965.5771384009
-965.5771307974
-965.5770916469
-965.5772717721
-965.5772186924
-965.5771667521
-965.5772824617
-965.5771923303
-965.5770504583
-965.5770606756
-965.5772581343
-965.5771686698
-965.5770713182
-965.5771786402
-965.5770777959
-965.5771399453
-965.5772432824
-965.5770371038
-965.5770451647
-965.5772249233
-965.5771891432
-965.5771376268
-965.5772288200
-965.5772277480
-965.5772869497
-965.5771260755
-965.5771691726
-965.5771718359
-965.5770603038
-965.5771971467
-965.5772686153
-965.5771666745
-965.5771976918
-965.5773012052
-965.5770728731
-965.5769224159
-965.5770565269
-965.5769919220
-965.5772387840
-965.5772892289
-965.5771996961
-965.5773265395
-965.5772447247
-965.5771810614
-965.5772236109
-965.5772632800
-965.5772809012
-965.5772322266
-965.5770373420
-965.5772720622
-965.5772308714
-965.5771628582
-965.5772537030
-965.5770456398
-965.5772222781
-965.5770377960
-965.5770567337
-965.5771428346
-965.5770488556
-965.5770669548
-965.5772433630
-965.5771145075
-965.5770059366
-965.5770448031
-965.5772117641
-965.5769417640
-965.5769785495
-965.5771108521
-965.5772859281
-965.5772463526
-965.5771813412
-965.5771931780
-965.5772328590
-965.5771571715
-965.5771729235
-965.5770795769
-965.5770547446
-965.5771266873
-965.5770778197
-965.5772118562
-965.5772443345
-965.5772152500
-965.5770619520
-965.5771612011
-965.5771578819
-965.5772173257
-965.5771236387
-965.5773015978
-965.5772713242
-965.5771038170
-965.5772296375
-965.5769331110
-965.5771595495
-965.5770778997
-965.5769444429
-965.5770288388
-965.5771458756
-965.5771305128
-965.5770638648
-965.5772117565
-965.5771540194
-965.5771161243
-965.5771297253
-965.5771390700
-965.5772696964
-965.5772635106
-965.5771523681
-965.5771440026
-965.5771992036
-965.5772711962
-965.5771798064
-965.5771720482
-965.5768986138
-965.5771181535
-965.5770439645
-965.5771332365
-965.5769979797
-965.5771610835
-965.5771858862
-965.5772521696
-965.5773008694
-965.5772208099
-965.5771011446
-965.5771794208
-965.5771335996
-965.5771676544
-965.5772731846
-965.5770541054
-965.5770174406
-965.5771507390
-965.5772405296
-965.5770845446
-965.5771289297
-965.5770760198
-965.5770501923
-965.5770349940
-965.5771948072
-965.5772909392
-965.5772227482
-965.5771206790
-965.5772408070
-965.5772477768
-965.5771960037
-965.5772363946
-965.5770072439
-965.5770488438
-965.5771582491
-965.5772690770
-965.5770196558
-965.5771272450
-965.5771762674
-965.5771115822
-965.5771237133
-965.5769248548
-965.5771518579
-965.5770912732
-965.5769636199
-965.5770954754
-965.5770980196
-965.5771069475
-965.5771859460
-965.5772390724
-965.5771438504
-965.5770789783
-965.5771204558
-965.5769845365
-965.5772782700
-965.5771953178
-965.5770916614
-965.5772811744
-965.5772308773
-965.5772978758
-965.5769611526
-965.5769788204
-965.5772581097
-965.5771417856
-965.5771415612
-965.5772441678
-965.5771972591
-965.5771029512
-965.5772567659
-965.5772332874
-965.5771084125
-965.5772127341
-965.5769721452
-965.5771282622
-965.5771830358
-965.5772111602
-965.5772566943
-965.5772726862
-965.5772808728
-965.5772591157
-965.5771923245
-965.5772541712
-965.5769933954
-965.5772562105
-965.5771465589
-965.5772050817
-965.5771867606
-965.5771315360
-965.5771142374
-965.5769180391
-965.5772602904
-965.5771585147
-965.5772131973
-965.5771263556
-965.5770993930
-965.5771117418
-965.5770246514
-965.5771552026
-965.5771693267
-965.5771148663
-965.5769787640
-965.5769945336
-965.5770077669
-965.5770185254
-965.5771347111
-965.5772010387
-965.5769490888
-965.5772767425
-965.5772493508
-965.5770950327
-965.5771571870
-965.5772617019
-965.5771789124
-965.5770677212
-965.5771271018
-965.5771512040
-965.5770830304
-965.5771714162
-965.5772714324
-965.5773028752
-965.5770512213
-965.5771267522
-965.5768373607
-965.5771439608
-965.5770600815
-965.5772609741
-965.5769425593
-965.5771166630
-965.5772711843
-965.5771453755
-965.5772238333
-965.5770679587
-965.5771987802
-965.5773344883
-965.5771024892
-965.5772996017
-965.5772344809
-965.5773173843
-965.5771929354
-965.5771444034
-965.5770740924
-965.5772720491
-965.5772081292
-965.5770442188
-965.5772710094
-965.5772536791
-965.5773090479
-965.5772133948
-965.5772281813
-965.5772136805
-965.5772612382
-965.5770757306
-965.5770591634
-965.5772124402
-965.5771382131
-965.5770869824
-965.5772261123
-965.5771805221
-965.5771028412
-965.5772112089
-965.5771830043
-965.5770152603
-965.5770949710
-965.5772341712
-965.5771362606
-965.5771731877
-965.5772514826
-965.5768422509
-965.5772147434
-965.5770489987
-965.5772953473
-965.5770573507
-965.5772251353
-965.5770897204
-965.5772115751
-965.5771179164
-965.5772130535
-965.5772486876
-965.5771043322
-965.5770634058
-965.5771241033
-965.5771734552
-965.5771764315
-965.5770906390
-965.5772058679
-965.5771300423
-965.5771845400
-965.5771666793
-965.5771054666
-965.5772188782
-965.5767911857
-965.5772668152
-965.5772078207
-965.5772864110
-965.5770905169
-965.5772795982
-965.5771574001
-965.5771071126
-965.5768349552
-965.5771324730
-965.5770693627
-965.5771235085
-965.5769816198
-965.5770841981
-965.5771080822
-965.5770749879
-965.5771456025
-965.5770979885
-965.5772712968
-965.5772382279
-965.5772972859
-965.5771473475
-965.5772249798
-965.5771798362
-965.5772686897
-965.5771887737
-965.5771516878
-965.5771353607
-965.5771515858
-965.5771317632
-965.5771378807
-965.5771948979
-965.5772124557
-965.5773501108
-965.5771328685
-965.5771739120
-965.5773227022
-965.5771858402
-965.5771138512
-965.5770618146
-965.5772261246
-965.5772065077
-965.5772998539
-965.5772133528
-965.5772292164
-965.5772147294
-965.5771387141
-965.5769932654
-965.5772750618
-965.5771632228
-965.5770803111
-965.5772194536
-965.5770167074
-965.5770920404
-965.5770483621
-965.5772745828
-965.5772373798
-965.5771294708
-965.5771406327
-965.5771627922
-965.5770933676
-965.5772234575
-965.5772140656
-965.5773035158
-965.5771382268
-965.5772077037
-965.5770789397
-965.5771080386
-965.5773232900
-965.5772090899
-965.5770369150
-965.5772755128
-965.5770887288
-965.5773255711
-965.5772605132
-965.5770337017
-965.5771543161
-965.5771321777
-965.5771130734
-965.5772878784
-965.5772100272
-965.5772149089
-965.5770026121
-965.5770282657
-965.5772124831
-965.5772818734
-965.5770131024
-965.5770966501
-965.5770693601
-965.5772874131
-965.5771670745
-965.5772322094
-965.5771322021
-965.5770606103
-965.5772535611
-965.5771881136
-965.5771498628
-965.5769858080
-965.5770981499
-965.5772738694
-965.5771738950
-965.5770054367
-965.5772721137
-965.5771650109
-965.5771752453
-965.5772796493
-965.5771152155
-965.5770429804
-965.5770374269
-965.5771527380
-965.5771769478
-965.5769991440
-965.5770958553
-965.5772373093
-965.5772514554
-965.5772117904
-965.5772404432
-965.5772286063
-965.5772532604
-965.5772931591
-965.5772546707
-965.5771771568
-965.5771681911
-965.5770447076
-965.5772284906
-965.5770531919
-965.5771290916
-965.5772189519
-965.5771422355
-965.5772631978
-965.5772110086
-965.5772648300
-965.5770968824
-965.5771870384
-965.5773048905
-965.5771476566
-965.5772013679
-965.5770727177
-965.5771236271
-965.5772185112
-965.5771624578
-965.5771008791
-965.5772942720
-965.5771883304
-965.5771355902
-965.5770693736
-965.5771453724
-965.5771282741
-965.5772198666
-965.5771460773
-965.5769953953
-965.5769543426
-965.5770548689
-965.5772298934
-965.5771261061
-965.5772363870
-965.5768863490
-965.5770527068
-965.5770389812
-965.5770482754
-965.5771658768
-965.5770451657
-965.5771500678
-965.5771839463
-965.5770582642
-965.5770993301
-965.5771521213
-965.5772081157
-965.5771968951
-965.5771940647
-965.5773033889
-965.5770790544
-965.5771720268
-965.5771834367
-965.5771337411
-965.5771737580
-965.5771533112
-965.5772369751
-965.5772671304
-965.5771954651
-965.5773052917
-965.5771362706
-965.5771996869
-965.5771673697
-965.5771730967
-965.5771027687
-965.5772042028
-965.5769360595
-965.5772101927
-965.5772451985
-965.5771414471
-965.5772518134
-965.5772340254
-965.5771944483
-965.5772208095
-965.5771135263
-965.5771969019
-965.5771637229
-965.5772289809
-965.5772257570
-965.5771702843
-965.5771527500
-965.5771872516
-965.5771994781
-965.5770443131
-965.5773110945
-965.5771662374
-965.5770791159
-965.5771083851
-965.5772109164
-965.5770700268
-965.5772040111
-965.5769865313
-965.5771896119
-965.5772092689
-965.5772797368
-965.5772000928
-965.5771189752
-965.5771957430
-965.5770110406
-965.5769741532
-965.5771862456
-965.5772864475
-965.5771675550
-965.5772330637
-965.5771309457
-965.5772178588
-965.5770591638
-965.5771128127
-965.5772844604
-965.5772317090
-965.5770179717
-965.5771658752
-965.5771853605
-965.5771837802
-965.5772020099
-965.5771557677
-965.5770790773
-965.5771647064
-965.5771218677
-965.5771516298
-965.5771627185
-965.5770641849
-965.5770052402
-965.5771453459
-965.5770248320
-965.5772540443
-965.5771635920
-965.5770204005
-965.5773489945
-965.5771404146
-965.5771805157
-965.5772326717
-965.5771721624
-965.5771102263
-965.5771535565
-965.5771749986
-965.5772156943
-965.5772482249
-965.5772044560
-965.5772673660
-965.5771269498
-965.5771766342
-965.5771561948
-965.5770756921
-965.5772250456
-965.5772387973
-965.5770825789
-965.5766797569
-965.5772188197
-965.5772494800
-965.5771180120
-965.5771624308
-965.5771667155
-965.5772353229
-965.5772877663
-965.5771664905
-965.5770342416
-965.5771958899
-965.5770533017
-965.5769477230
-965.5771386481
-965.5771232022
-965.5771918547
-965.5772303448
-965.5771625900
-965.5771202029
-965.5770558562
-965.5771868924
-965.5772931143
-965.5772047734
-965.5772249051
-965.5772879183
-965.5769643783
-965.5773050902
-965.5770013887
-965.5772879717
-965.5771405506
-965.5771283386
-965.5771140222
-965.5771105449
-965.5770269619
-965.5770422169
-965.5770531423
-965.5771092825
-965.5770249911
-965.5772293703
-965.5771354779
-965.5772509508
-965.5770834400
-965.5770699043
-965.5769847509
-965.5771197996
-965.5772743409
-965.5772183561
-965.5769508592
-965.5770432960
-965.5772308878
-965.5772532337
-965.5771857419
-965.5772573472
-965.5768921405
-965.5771862128
-965.5771299037
-965.5771294466
-965.5770436065
-965.5769430708
-965.5772396488
-965.5769072403
-965.5771570945
-965.5771578079
-965.5770775026
-965.5773203116
-965.5769800885
-965.5772360123
-965.5772405222
-965.5771446634
-965.5771799593
-965.5771227907
-965.5770914480
-965.5770294196
-965.5772318600
-965.5771265286
-965.5770920903
-965.5770548411
-965.5771617699
-965.5771800682
-965.5772584172
-965.5771829347
-965.5771204152
-965.5771275694
-965.5771593885
-965.5771503254
-965.5770831240
-965.5770943880
-965.5770922630
-965.5772461160
-965.5770776024
-965.5771748270
-965.5771071514
-965.5770327912
-965.5771057440
-965.5771192283
-965.5772413373
-965.5771374986
-965.5770749083
-965.5771689350
-965.5773385179
-965.5772602736
-965.5771659988
-965.5771337096
-965.5770216411
-965.5771057430
-965.5771418449
-965.5772897817
-965.5771547480
-965.5772867510
-965.5772496903
-965.5771049954
-965.5770101968
-965.5771762516
-965.5772487490
-965.5771074021
-965.5772643823
-965.5769144391
-965.5772345857
-965.5771063129
-965.5771625282
-965.5771742674
-965.5772238146
-965.5771594019
-965.5772228849
-965.5772299648
-965.5770276098
-965.5771325581
-965.5768793638
-965.5771095152
-965.5772470871
-965.5770279424
-965.5771251053
-965.5771387552
-965.5771580890
-965.5771581737
-965.5772001438
-965.5770292511
-965.5772053238
-965.5768834010
-965.5771493888
-965.5770550950
-965.5772186894
-965.5771422093
-965.5772945513
-965.5770942808
-965.5772145978
-965.5770895063
-965.5771681078
-965.5771833881
-965.5770117009
-965.5770694022
-965.5770519361
-965.5770321406
-965.5769113025
-965.5773461908
-965.5772352647
-965.5771681749
-965.5770849174
-965.5771504487
-965.5772463249
-965.5772006919
-965.5771264276
-965.5771244319
-965.5772212378
-965.5771627192
-965.5770827479
-965.5771922212
-965.5772836922
-965.5771991230
-965.5773115775
-965.5772573131
-965.5772479344
-965.5771764928
-965.5772148517
-965.5771956745
-965.5770498393
-965.5773048773
-965.5771565298
-965.5769537539
-965.5771211311
-965.5772090858
-965.5772533738
-965.5772121762
-965.5770275665
-965.5770727574
-965.5771638899
-965.5772293758
-965.5772355073
-965.5769308756
-965.5771235998
-965.5772082654
-965.5773068518
-965.5770911666
-965.5772504657
-965.5772173460
-965.5771448088
-965.5771569802
-965.5771894149
-965.5770092867
-965.5772769102
-965.5770522744
-965.5771641381
-965.5772175065
-965.5771579147
-965.5771255746
-965.5772220880
-965.5771415345
-965.5771083458
-965.5771671814
-965.5771669420
-965.5770900865
-965.5771067589
-965.5771815016
-965.5771875281
-965.5772540224
-965.5769513283
-965.5773031739
-965.5771005322
-965.5771921723
-965.5770700476
-965.5771307258
-965.5771378122
-965.5771714480
-965.5770958804
-965.5771116140
-965.5773481575
-965.5770793777
-965.5770530122
-965.5772070450
-965.5770484655
-965.5772106486
-965.5772539821
-965.5770368746
-965.5771003948
-965.5771423750
-965.5772034207
-965.5771752270
-965.5771259259
-965.5772432375
-965.5771735201
-965.5769556562
-965.5771428955
-965.5772053080
-965.5771541687
-965.5772602137
-965.5770890540
-965.5771732193
-965.5771947796
-965.5772499165
-965.5771697418
-965.5772912799
-965.5770226997
-965.5771873385
-965.5771998360
-965.5771756039
-965.5771597038
-965.5770331306
-965.5772084484
-965.5771748720
-965.5771370931
-965.5771808267
-965.5771193627
-965.5770472161
-965.5770989781
-965.5768533658
-965.5772604930
-965.5771361920
-965.5771132398
-965.5769916432
-965.5771897262
-965.5772121382
-965.5770626596
-965.5771895067
-965.5771392645
-965.5771427199
-965.5770813360
-965.5771864615
-965.5770872423
-965.5770467047
-965.5770538393
-965.5770647702
-965.5770797843
-965.5770430291
-965.5772048458
-965.5772095499
-965.5771349531
-965.5772050859
-965.5771173050
-965.5769216783
-965.5769238134
-965.5769261900
-965.5769240974
-965.5769241918
-965.5769255532
-965.5769243405
-965.5769225619
-965.5769263836
-965.5769254749
-965.5769250375
-965.5769248885
-965.5769229915
-965.5769248508
-965.5769258168
-965.5769245586
-965.5769264545
-965.5769236614
-965.5769239664
-965.5769236863
-965.5769257093
-965.5769231046
-965.5769262413
-965.5769243121
-965.5769234617
-965.5769269876
-965.5769258333
-965.5769252109
-965.5769246952
-965.5769279567
-965.5769224330
-965.5769246140
-965.5769231197
-965.5769245549
-965.5769243695
-965.5769236008
-965.5769238779
-965.5769265220
-965.5769228368
-965.5769215272
-965.5769227855
-965.5769243159
-965.5769254056
-965.5769248276
-965.5769232361
-965.5769245892
-965.5769260919
-965.5769236281
-965.5769253897
-965.5769251165
-965.5769259020
-965.5769246211
-965.5769241473
-965.5769248871
-965.5769221169
-965.5769245062
-965.5769263363
-965.5769212771
-965.5769242294
-965.5769267717
-965.5769245235
-965.5769246203
-965.5769246822
-965.5769258759
-965.5769223449
-965.5769272887
-965.5769227979
-965.5769269043
-965.5769242650
-965.5769233273
-965.5769234652
-965.5769227644
-965.5769248220
-965.5769242066
-965.5769230525
-965.5769256840
-965.5769251231
-965.5769251764
-965.5769251940
-965.5769237796
-965.5769252279
-965.5769216383
-965.5769223431
-965.5769254972
-965.5769239705
-965.5769254092
-965.5769260171
-965.5769242207
-965.5769238224
-965.5769248683
-965.5769222650
-965.5769229807
-965.5769264146
-965.5769242320
-965.5769224530
-965.5769213973
-965.5769254639
-965.5769234371
-965.5769242629
-965.5769228547