-3124.2657776012
-3124.2657697367
-3124.2645651374
-3124.2637189789
-3124.2621476832
-3124.2646580936
-3124.2627162201
-3124.2632408196
-3124.2641430690
-3124.2622317168
-3124.2629732938
-3124.2629445797
-3124.2624748197
-3124.2643999075
-3124.2633287025
-3124.2643044994
-3124.2639948561
-3124.2636571538
-3124.2626386099
-3124.2628189072
-3124.2642388929
-3124.2633985280
-3124.2631550735
-3124.2655163014
-3124.2656464827
-3124.2654609237
-3124.2655508168
-3124.2655757516
-3124.2656401715
-3124.2656736319
-3124.2655802191
-3124.2655975492
-3124.2590071857
-3124.2603836447
-3124.2596767597
-3124.2621551181
-3124.2595802662
-3124.2656656993
-3124.2656109001
-3124.2657200917
-3124.2657597342
-3124.2657212965
-3124.2656511172
-3124.2656318522
-3124.2655341076
-3124.2655023125
-3124.2655577289
-3124.2654871647
-3124.2655290986
-3124.2656889849
-3124.2655812022
-3124.2655751405
-3124.2656509378
-3124.2654707591
-3124.2655936570
-3124.2655301520
-3124.2654744754
-3124.2655720866
-3124.2653741489
-3124.2655143723
-3124.2655291032
-3124.2657445038
-3124.2656576432
-3124.2655065778
-3124.2656513907
-3124.2656823049
-3124.2656161618
-3124.2656423352
-3124.2655338939
-3124.2654747439
-3124.2654903180
-3124.2655736880
-3124.2657674977
-3124.2657745260
-3124.2657914005
-3124.2657716843
-3124.2657711238
-3124.2657751061
-3124.2657797886
-3124.2657758976
-3124.2657774361
-3124.2657794882
-3124.2657712423
-3124.2657798549
-3124.2657743698
-3124.2657625539
-3124.2657789869
-3124.2657710543
-3124.2657721151
-3124.2657785612
-3124.2657762141
-3124.2657747333
-3124.2655901708
-3124.2655312677
-3124.2654946618
-3124.2656533615
-3124.2654428853
-3124.2656534403
-3124.2653472204
-3124.2657080110
-3124.2656354135
-3124.2656631472
-3124.2656400211
-3124.2655207951
-3124.2655016201
-3124.2656396206
-3124.2656235421
-3124.2653360858
-3124.2657700389
-3124.2657829848
-3124.2656572105
-3124.2656883612
-3124.2655426740
-3124.2655577933
-3124.2656640020
-3124.2653591310
-3124.2656576634
-3124.2655763799
-3124.2655227266
-3124.2655694895
-3124.2656103346
-3124.2655199022
-3124.2656641999
-3124.2656157823
-3124.2654131460
-3124.2655765015
-3124.2655801653
-3124.2656333834
-3124.2656299475
-3124.2655483519
-3124.2656176096
-3124.2655452495
-3124.2655253650
-3124.2656265909
-3124.2655081659
-3124.2656300261
-3124.2656260395
-3124.2656480980
-3124.2656185556
-3124.2655470291
-3124.2656149891
-3124.2655403081
-3124.2655821226
-3124.2655004248
-3124.2655513253
-3124.2655970146
-3124.2654602615
-3124.2654881250
-3124.2655499095
-3124.2655984619
-3124.2656910878
-3124.2655937594
-3124.2655765669
-3124.2654812826
-3124.2656394950
-3124.2656501460
-3124.2655066409
-3124.2655407772
-3124.2654923881
-3124.2655777514
-3124.2655807024
-3124.2654881976
-3124.2655125581
-3124.2655778362
-3124.2655739828
-3124.2652798923
-3124.2654998756
-3124.2655778989
-3124.2655491113
-3124.2654704704
-3124.2655910918
-3124.2655752648
-3124.2654760635
-3124.2656945533
-3124.2656196864
-3124.2656629163
-3124.2655278482
-3124.2655039434
-3124.2656388395
-3124.2655859949
-3124.2655767322
-3124.2655732892
-3124.2655616826
-3124.2656047588
-3124.2655255543
-3124.2655318904
-3124.2656350335
-3124.2655963783
-3124.2655366026
-3124.2654480020
-3124.2656171217
-3124.2656096474
-3124.2656019989
-3124.2655931449
-3124.2655406857
-3124.2654664535
-3124.2654286126
-3124.2656325162
-3124.2655440811
-3124.2656438505
-3124.2655016727
-3124.2655084899
-3124.2656326185
-3124.2656058033
-3124.2655785141
-3124.2655555890
-3124.2655969188
-3124.2655340065
-3124.2656903130
-3124.2657100546
-3124.2656836090
-3124.2656183888
-3124.2656266062
-3124.2656038237
-3124.2655682015
-3124.2656707313
-3124.2656001507
-3124.2656200971
-3124.2655391488
-3124.2654793537
-3124.2655993675
-3124.2656197185
-3124.2657474180
-3124.2655576329
-3124.2654853999
-3124.2655015834
-3124.2655747441
-3124.2654779949
-3124.2656689748
-3124.2656087130
-3124.2655260331
-3124.2655928562
-3124.2655498905
-3124.2656231380
-3124.2655655653
-3124.2655673472
-3124.2656222837
-3124.2655500551
-3124.2656994349
-3124.2656877060
-3124.2656310709
-3124.2655614813
-3124.2655006426
-3124.2656291090
-3124.2655724719
-3124.2655905888
-3124.2656285288
-3124.2655881898
-3124.2655836930
-3124.2655220657
-3124.2656626689
-3124.2656845459
-3124.2655725585
-3124.2654984957
-3124.2655258089
-3124.2655450101
-3124.2654934202
-3124.2655085219
-3124.2657729653
-3124.2655330703
-3124.2656490829
-3124.2655759480
-3124.2656384669
-3124.2655750158
-3124.2655667786
-3124.2655881116
-3124.2653566141
-3124.2655954552
-3124.2656851546
-3124.2655879350
-3124.2654600644
-3124.2656105284
-3124.2656118315
-3124.2656587246
-3124.2654678681
-3124.2655599095
-3124.2656088986
-3124.2655482602
-3124.2655939685
-3124.2656090862
-3124.2655925801
-3124.2656251818
-3124.2656386902
-3124.2656254082
-3124.2655675024
-3124.2655010376
-3124.2655626500
-3124.2656359935
-3124.2653629236
-3124.2655065138
-3124.2656325388
-3124.2655483334
-3124.2656153650
-3124.2655082386
-3124.2655590869
-3124.2655062522
-3124.2656233618
-3124.2656547353
-3124.2655465363
-3124.2655979333
-3124.2655371240
-3124.2655287267
-3124.2655645509
-3124.2655833585
-3124.2655756461
-3124.2655610522
-3124.2655079327
-3124.2655131039
-3124.2655822042
-3124.2655593756
-3124.2655624372
-3124.2656469325
-3124.2656739637
-3124.2655851340
-3124.2654709802
-3124.2656055598
-3124.2656324342
-3124.2655159375
-3124.2655097577
-3124.2655145678
-3124.2656426692
-3124.2656658790
-3124.2655794025
-3124.2655759318
-3124.2656613407
-3124.2655667702
-3124.2656072629
-3124.2655097836
-3124.2654013038
-3124.2655527787
-3124.2655479362
-3124.2655079677
-3124.2656276983
-3124.2655651242
-3124.2655498655
-3124.2655593194
-3124.2657762051
-3124.2654873153
-3124.2655655214
-3124.2655573916
-3124.2654554697
-3124.2654628407
-3124.2656775806
-3124.2654777615
-3124.2654318153
-3124.2657701306
-3124.2656538014
-3124.2655725352
-3124.2655452289
-3124.2656040688
-3124.2655503595
-3124.2655654774
-3124.2655553848
-3124.2654294402
-3124.2654552032
-3124.2655037731
-3124.2655050127
-3124.2655295735
-3124.2654830896
-3124.2656136441
-3124.2655624400
-3124.2654264809
-3124.2655496699
-3124.2656203765
-3124.2654432970
-3124.2654907502
-3124.2655689808
-3124.2657764896
-3124.2654485881
-3124.2655865635
-3124.2655740401
-3124.2654091250
-3124.2655075786
-3124.2654487303
-3124.2654783919
-3124.2654387316
-3124.2656018669
-3124.2656007592
-3124.2657761616
-3124.2655756573
-3124.2655738872
-3124.2655772846
-3124.2656430308
-3124.2655485832
-3124.2656412369
-3124.2655167543
-3124.2655385372
-3124.2655260976
-3124.2655099059
-3124.2656448465
-3124.2655971887
-3124.2656019858
-3124.2656075268
-3124.2656222716
-3124.2655522467
-3124.2654107032
-3124.2656145354
-3124.2655850748
-3124.2654871711
-3124.2656075494
-3124.2654696144
-3124.2655629642
-3124.2657809705
-3124.2657102970
-3124.2655399720
-3124.2655371594
-3124.2655602567
-3124.2654857279
-3124.2654072939
-3124.2656100467
-3124.2655961943
-3124.2656837783
-3124.2655910673
-3124.2655666291
-3124.2655445535
-3124.2654891230
-3124.2655497414
-3124.2656170828
-3124.2656433286
-3124.2656494517
-3124.2656502382
-3124.2656044399
-3124.2656544202
-3124.2656762811
-3124.2656912777
-3124.2655394659
-3124.2654572530
-3124.2655914182
-3124.2655538192
-3124.2655021674
-3124.2654876242
-3124.2655950863
-3124.2655692762
-3124.2656549227
-3124.2655882409
-3124.2656190673
-3124.2655551037
-3124.2656762864
-3124.2654829507
-3124.2654900095
-3124.2655723977
-3124.2655675280
-3124.2654904583
-3124.2656626025
-3124.2655573274
-3124.2656583531
-3124.2654196384
-3124.2655724842
-3124.2656107320
-3124.2655907282
-3124.2656278132
-3124.2654357188
-3124.2655133690
-3124.2655797641
-3124.2656450852
-3124.2654595805
-3124.2654858572
-3124.2656835657
-3124.2655713216
-3124.2656462343
-3124.2656231061
-3124.2656148305
-3124.2656315018
-3124.2656667282
-3124.2655387203
-3124.2655948171
-3124.2657751801
-3124.2655578190
-3124.2653993061
-3124.2654373029
-3124.2656006800
-3124.2655130208
-3124.2656517910
-3124.2656067725
-3124.2656172907
-3124.2654993087
-3124.2656214111
-3124.2656935879
-3124.2655684993
-3124.2656483219
-3124.2654998077
-3124.2655609051
-3124.2654936703
-3124.2655445996
-3124.2655029765
-3124.2656058071
-3124.2655440950
-3124.2655328765
-3124.2654283765
-3124.2656214632
-3124.2655712195
-3124.2655457452
-3124.2656963034
-3124.2657772976
-3124.2656429512
-3124.2654023152
-3124.2655718769
-3124.2655598331
-3124.2655384041
-3124.2654170743
-3124.2657021632
-3124.2656365357
-3124.2654146806
-3124.2655831397
-3124.2655800686
-3124.2656195434
-3124.2655639186
-3124.2655977200
-3124.2655552172
-3124.2655400392
-3124.2656867081
-3124.2655202057
-3124.2655955477
-3124.2655884968
-3124.2654621309
-3124.2654954167
-3124.2655757020
-3124.2657717988
-3124.2653956089
-3124.2655796628
-3124.2655548618
-3124.2653757888
-3124.2655869065
-3124.2655758444
-3124.2656357214
-3124.2656057838
-3124.2656347058
-3124.2654909812
-3124.2655830155
-3124.2655013709
-3124.2654719260
-3124.2654859755
-3124.2656126178
-3124.2657153076
-3124.2656256506
-3124.2656385736
-3124.2655351130
-3124.2657430156
-3124.2656472435
-3124.2655548372
-3124.2656234917
-3124.2657799255
-3124.2656453951
-3124.2655205783
-3124.2657717253
-3124.2656404182
-3124.2655600204
-3124.2655480307
-3124.2654222471
-3124.2656022054
-3124.2655966714
-3124.2655577184
-3124.2656794835
-3124.2656293391
-3124.2654795601
-3124.2655008945
-3124.2654814064
-3124.2656084098
-3124.2654509561
-3124.2656112698
-3124.2655420971
-3124.2654964642
-3124.2656897664
-3124.2655231381
-3124.2656412723
-3124.2656097683
-3124.2656600965
-3124.2654953824
-3124.2657730857
-3124.2653971559
-3124.2655578892
-3124.2656502654
-3124.2656058680
-3124.2655779021
-3124.2655950369
-3124.2656311501
-3124.2655215107
-3124.2655256875
-3124.2655409546
-3124.2656482547
-3124.2655976288
-3124.2656858755
-3124.2655730836
-3124.2655403675
-3124.2656097207
-3124.2656082417
-3124.2656050375
-3124.2655093000
-3124.2656201810
-3124.2655744152
-3124.2655827550
-3124.2655682638
-3124.2654725166
-3124.2656126630
-3124.2655280457
-3124.2653601055
-3124.2655037210
-3124.2655793343
-3124.2653460162
-3124.2656339029
-3124.2655513065
-3124.2655210371
-3124.2654885214
-3124.2655623763
-3124.2654553674
-3124.2656413134
-3124.2655651592
-3124.2655424916
-3124.2655095843
-3124.2656055604
-3124.2657126807
-3124.2654875631
-3124.2656314688
-3124.2657320255
-3124.2655927877
-3124.2655242069
-3124.2655468362
-3124.2656681323
-3124.2655035094
-3124.2655245225
-3124.2654916675
-3124.2655582475
-3124.2655186370
-3124.2656063322
-3124.2655273361
-3124.2655801214
-3124.2656618731
-3124.2656661637
-3124.2654899918
-3124.2655372733
-3124.2655993584
-3124.2655214452
-3124.2655938000
-3124.2655966690
-3124.2656590300
-3124.2655956346
-3124.2653867062
-3124.2654543697
-3124.2656701262
-3124.2655746423
-3124.2655204086
-3124.2655915917
-3124.2656970590
-3124.2655835848
-3124.2655886304
-3124.2656007613
-3124.2655536416
-3124.2655334397
-3124.2656319244
-3124.2655104605
-3124.2654363631
-3124.2655037292
-3124.2655764634
-3124.2656076368
-3124.2654680126
-3124.2655126295
-3124.2655558910
-3124.2655941824
-3124.2656073065
-3124.2655770973
-3124.2654386066
-3124.2655647275
-3124.2656296407
-3124.2655426046
-3124.2656338704
-3124.2656085189
-3124.2655749903
-3124.2655496524
-3124.2656452302
-3124.2655252447
-3124.2654641633
-3124.2653818332
-3124.2656493766
-3124.2656206243
-3124.2654781396
-3124.2656324632
-3124.2655302611
-3124.2653870820
-3124.2654865421
-3124.2655686578
-3124.2655990051
-3124.2653908499
-3124.2656732403
-3124.2655636582
-3124.2655901402
-3124.2655643001
-3124.2656384685
-3124.2655228218
-3124.2655432393
-3124.2654806510
-3124.2654892960
-3124.2655260650
-3124.2656083852
-3124.2655115931
-3124.2655709189
-3124.2656143719
-3124.2655259953
-3124.2657742706
-3124.2655980434
-3124.2656337038
-3124.2655482830
-3124.2657830841
-3124.2655930030
-3124.2655625381
-3124.2655726278
-3124.2656165897
-3124.2656078040
-3124.2655179410
-3124.2656475790
-3124.2655102155
-3124.2656189284
-3124.2654896488
-3124.2655139737
-3124.2656047426
-3124.2655128637
-3124.2653575074
-3124.2655627860
-3124.2655967536
-3124.2655615400
-3124.2654235634
-3124.2656328592
-3124.2656745494
-3124.2655134019
-3124.2653996700
-3124.2655958611
-3124.2656279534
-3124.2655325896
-3124.2656600442
-3124.2655713265
-3124.2654849269
-3124.2655807803
-3124.2655264445
-3124.2656330373
-3124.2656733845
-3124.2655347897
-3124.2656729458
-3124.2655057335
-3124.2655858300
-3124.2655058761
-3124.2656326024
-3124.2655503992
-3124.2656269567
-3124.2655506764
-3124.2655556161
-3124.2655606906
-3124.2655479528
-3124.2654077195
-3124.2655752238
-3124.2655365575
-3124.2655229859
-3124.2653745324
-3124.2654871228
-3124.2654719108
-3124.2656124876
-3124.2655026051
-3124.2655141526
-3124.2654918053
-3124.2656099005
-3124.2656243450
-3124.2656608857
-3124.2657362226
-3124.2654822221
-3124.2656873593
-3124.2656170743
-3124.2656087261
-3124.2656554379
-3124.2654708206
-3124.2656018012
-3124.2657346403
-3124.2656299847
-3124.2656264061
-3124.2655855262
-3124.2655243568
-3124.2654806852
-3124.2655632955
-3124.2655211618
-3124.2655759244
-3124.2656650213
-3124.2655051953
-3124.2655580019
-3124.2654856425
-3124.2656946016
-3124.2654398731
-3124.2654802744
-3124.2655185607
-3124.2655241941
-3124.2656044531
-3124.2654645835
-3124.2655424722
-3124.2656466138
-3124.2656121053
-3124.2655564321
-3124.2655915455
-3124.2656224634
-3124.2656233990
-3124.2656061980
-3124.2656146842
-3124.2656157838
-3124.2656189463
-3124.2655803882
-3124.2655520144
-3124.2656108128
-3124.2655534940
-3124.2656568353
-3124.2655659046
-3124.2655177640
-3124.2655397985
-3124.2654467151
-3124.2657691090
-3124.2653628935
-3124.2655683629
-3124.2655531572
-3124.2653201788
-3124.2656523448
-3124.2654969866
-3124.2656719314
-3124.2656554782
-3124.2654876667
-3124.2655591905
-3124.2656697532
-3124.2655775057
-3124.2654605057
-3124.2656920556
-3124.2654654540
-3124.2655426575
-3124.2654594962
-3124.2654237213
-3124.2656678674
-3124.2656748699
-3124.2655308555
-3124.2655148455
-3124.2655957046
-3124.2654739332
-3124.2654959864
-3124.2656277485
-3124.2656452738
-3124.2655743444
-3124.2657079152
-3124.2655445809
-3124.2655671034
-3124.2655325187
-3124.2654527067
-3124.2655290313
-3124.2655817645
-3124.2655516401
-3124.2656826525
-3124.2657661150
-3124.2656044249
-3124.2653688639
-3124.2654980241
-3124.2654969199
-3124.2655755558
-3124.2655752069
-3124.2655459344
-3124.2655482307
-3124.2655417133
-3124.2656657890
-3124.2655509501
-3124.2655832305
-3124.2656283035
-3124.2656493131
-3124.2654860557
-3124.2656437665
-3124.2655006419
-3124.2655273709
-3124.2656252552
-3124.2657159349
-3124.2655605477
-3124.2656565624
-3124.2654581470
-3124.2655965991
-3124.2655733002
-3124.2655703755
-3124.2655394321
-3124.2655402091
-3124.2654330563
-3124.2655046460
-3124.2655161864
-3124.2655571161
-3124.2656158185
-3124.2656574037
-3124.2656679662
-3124.2655018056
-3124.2655813968
-3124.2657738157
-3124.2654798613
-3124.2656255756
-3124.2655556309
-3124.2655058620
-3124.2654715814
-3124.2655955483
-3124.2654257584
-3124.2655933285
-3124.2657165417
-3124.2654135811
-3124.2655891193
-3124.2656010056
-3124.2655353384
-3124.2655758394
-3124.2656111765
-3124.2656892702
-3124.2653691678
-3124.2655490426
-3124.2657757358
-3124.2655904257
-3124.2657673472
-3124.2655191133
-3124.2655742931
-3124.2656589174
-3124.2656435981
-3124.2655989886
-3124.2655036499
-3124.2656453858
-3124.2654903917
-3124.2656657998
-3124.2653926631
-3124.2655373118
-3124.2655099933
-3124.2656433831
-3124.2654554551
-3124.2656045313
-3124.2655707602
-3124.2654662434
-3124.2656068468
-3124.2654930049
-3124.2656377568
-3124.2656988938
-3124.2656037384
-3124.2656556811
-3124.2655124131
-3124.2655456692
-3124.2656905114
-3124.2655673403
-3124.2656455249
-3124.2654996122
-3124.2656406790
-3124.2656553440
-3124.2656489788
-3124.2656096019
-3124.2656272729
-3124.2655787565
-3124.2653751688
-3124.2655341021
-3124.2655823976
-3124.2655651267
-3124.2655585716
-3124.2655839077
-3124.2656442759
-3124.2655847561
-3124.2655527447
-3124.2655480388
-3124.2655622077
-3124.2655019116
-3124.2656821388
-3124.2655893018
-3124.2655942047
-3124.2656304300
-3124.2656560055
-3124.2655575264
-3124.2654906026
-3124.2653925529
-3124.2656366455
-3124.2656271969
-3124.2655599519
-3124.2656439694
-3124.2655624489
-3124.2655969877
-3124.2655929149
-3124.2656170373
-3124.2655801951
-3124.2655440625
-3124.2655900259
-3124.2656040017
-3124.2654977158
-3124.2655746144
-3124.2656712617
-3124.2655775402
-3124.2657048751
-3124.2655991613
-3124.2656259345
-3124.2654938691
-3124.2654730341
-3124.2654734855
-3124.2656128852
-3124.2656517564
-3124.2653404121
-3124.2655622288
-3124.2656004389
-3124.2655037411
-3124.2655669501
-3124.2657536617
-3124.2655520744
-3124.2656052679
-3124.2654742852
-3124.2656131768
-3124.2655635749
-3124.2654095575
-3124.2656300929
-3124.2655320130
-3124.2655470399
-3124.2654345584
-3124.2656607594
-3124.2656306680
-3124.2656033674
-3124.2656010073
-3124.2656146391
-3124.2655241847
-3124.2655047042
-3124.2656839501
-3124.2656449635
-3124.2654677296
-3124.2654759371
-3124.2656873528
-3124.2654225152
-3124.2655260470
-3124.2656574597
-3124.2655106849
-3124.2655742496
-3124.2654863542
-3124.2655597277
-3124.2654239740
-3124.2656640738
-3124.2655810234
-3124.2655455372
-3124.2655843369
-3124.2656838756
-3124.2657027533
-3124.2654857888
-3124.2655999087
-3124.2654884853
-3124.2656745100
-3124.2655066675
-3124.2655994975
-3124.2656702940
-3124.2655516695
-3124.2655933942
-3124.2655175833
-3124.2655228095
-3124.2655594272
-3124.2654628263
-3124.2654116273
-3124.2655466949
-3124.2655568760
-3124.2656499541
-3124.2655821384
-3124.2655903458
-3124.2656382935
-3124.2656389187
-3124.2656850771
-3124.2656503129
-3124.2655611501
-3124.2655181956
-3124.2655602670
-3124.2656828593
-3124.2656054455
-3124.2654984837
-3124.2655606130
-3124.2655112870
-3124.2656002338
-3124.2655813078
-3124.2654798398
-3124.2654724346
-3124.2655684941
-3124.2656470474
-3124.2655881897
-3124.2656421606
-3124.2654378822
-3124.2655619320
-3124.2655859097
-3124.2654564837
-3124.2654733075
-3124.2656220334
-3124.2654394014
-3124.2655273648
-3124.2655698731
-3124.2656232778
-3124.2654988726
-3124.2655775574
-3124.2656262029
-3124.2654653101
-3124.2654466360
-3124.2655016846
-3124.2656654506
-3124.2656207867
-3124.2655948874
-3124.2655164096
-3124.2656004901
-3124.2655809923
-3124.2655937952
-3124.2654923461
-3124.2654269000
-3124.2656569173
-3124.2653779894
-3124.2653729988
-3124.2656066655
-3124.2654586538
-3124.2656067886
-3124.2656743367
-3124.2655653764
-3124.2656428259
-3124.2655580893
-3124.2655958122
-3124.2656197780
-3124.2655555336
-3124.2655857675
-3124.2654911191
-3124.2656826795
-3124.2655277743
-3124.2656237718
-3124.2655990605
-3124.2655774562
-3124.2654969547
-3124.2655862777
-3124.2656557120
-3124.2656764422
-3124.2656568120
-3124.2654980900
-3124.2656342047
-3124.2655951434
-3124.2655871664
-3124.2655019866
-3124.2657307380
-3124.2654179082
-3124.2655428461
-3124.2655812297
-3124.2654634674
-3124.2655387742
-3124.2656863923
-3124.2656472839
-3124.2655062272
-3124.2655526693
-3124.2655338243
-3124.2655211630
-3124.2655706741
-3124.2655588404
-3124.2656063889
-3124.2655907583
-3124.2656455416
-3124.2656275079
-3124.2654380806
-3124.2654647611
-3124.2655189259
-3124.2654751375
-3124.2653902909
-3124.2655457416
-3124.2656100707
-3124.2657338681
-3124.2654911436
-3124.2654031580
-3124.2656118816
-3124.2655282945
-3124.2655442813
-3124.2656917031
-3124.2654163996
-3124.2657748630
-3124.2655347594
-3124.2655632340
-3124.2656393338
-3124.2654996623
-3124.2656364101
-3124.2657810530
-3124.2655731791
-3124.2655072687
-3124.2655967279
-3124.2656987655
-3124.2655669364
-3124.2657755086
-3124.2656094294
-3124.2656424466
-3124.2655524781
-3124.2655703438
-3124.2655822456
-3124.2656496809
-3124.2655580437
-3124.2654127105
-3124.2655601893
-3124.2655534333
-3124.2654546325
-3124.2656316758
-3124.2654985395
-3124.2655963131
-3124.2656321574
-3124.2656188256
-3124.2656594578
-3124.2656046781
-3124.2654782022
-3124.2655834507
-3124.2656010532
-3124.2656400581
-3124.2655568089
-3124.2654544462
-3124.2654443574
-3124.2656364429
-3124.2655680004
-3124.2656075528
-3124.2655827201
-3124.2655512092
-3124.2655514060
-3124.2655827359
-3124.2655493495
-3124.2655082959
-3124.2656744977
-3124.2656169552
-3124.2655184914
-3124.2655089429
-3124.2656134778
-3124.2656246977
-3124.2653345609
-3124.2655684748
-3124.2654492834
-3124.2655187653
-3124.2655411435
-3124.2656089263
-3124.2654127422
-3124.2656324320
-3124.2655276175
-3124.2655710417
-3124.2656658670
-3124.2655445175
-3124.2655786058
-3124.2655643290
-3124.2656668697
-3124.2655362135
-3124.2656002402
-3124.2656368214
-3124.2656612351
-3124.2656064252
-3124.2656775358
-3124.2655071273
-3124.2656874554
-3124.2655935013
-3124.2655488225
-3124.2655548248
-3124.2656657820
-3124.2656080724
-3124.2655530463
-3124.2654373327
-3124.2657102130
-3124.2655528602
-3124.2656827032
-3124.2656280875
-3124.2655986908
-3124.2656136812
-3124.2656118400
-3124.2655486562
-3124.2656544685
-3124.2655923661
-3124.2654938266
-3124.2656105298
-3124.2655440273
-3124.2654583279
-3124.2656740699
-3124.2656276301
-3124.2654127346
-3124.2654679564
-3124.2654852732
-3124.2656545503
-3124.2656128042
-3124.2655630111
-3124.2655611107
-3124.2655714764
-3124.2655453330
-3124.2655435289
-3124.2655177941
-3124.2655345756
-3124.2656532547
-3124.2655214323
-3124.2655978028
-3124.2656275809
-3124.2656372603
-3124.2655975274
-3124.2654409993
-3124.2655896352
-3124.2655210442
-3124.2655431220
-3124.2655010775
-3124.2655679515
-3124.2655886289
-3124.2655212984
-3124.2654885676
-3124.2655323127
-3124.2656380718
-3124.2656178612
-3124.2655816828
-3124.2656760295
-3124.2654856644
-3124.2655860116
-3124.2656087768
-3124.2655401158
-3124.2654257612
-3124.2655362091
-3124.2655966724
-3124.2655743302
-3124.2656460987
-3124.2656354424
-3124.2655202591
-3124.2655151074
-3124.2656040078
-3124.2656116665
-3124.2654554484
-3124.2656015364
-3124.2655038102
-3124.2655189629
-3124.2656494230
-3124.2655235933
-3124.2655984654
-3124.2654662906
-3124.2655882004
-3124.2654079004
-3124.2655937477
-3124.2654960638
-3124.2656655261
-3124.2655647535
-3124.2654915914
-3124.2656029952
-3124.2656394217
-3124.2655501156
-3124.2656256218
-3124.2655235520
-3124.2654418029
-3124.2657202482
-3124.2655546715
-3124.2656104182
-3124.2655318141
-3124.2656609916
-3124.2655930040
-3124.2654811367
-3124.2655916069
-3124.2656369062
-3124.2655860271
-3124.2655920679
-3124.2655524067
-3124.2656166822
-3124.2656805237
-3124.2656891465
-3124.2656232156
-3124.2654059477
-3124.2654781832
-3124.2656027433
-3124.2655477511
-3124.2656147362
-3124.2654576025
-3124.2655227936
-3124.2655191052
-3124.2654952785
-3124.2656570293
-3124.2655925169
-3124.2657716655
-3124.2656749647
-3124.2654543507
-3124.2656754463
-3124.2655214201
-3124.2655308464
-3124.2655127726
-3124.2655601324
-3124.2655393062
-3124.2656637223
-3124.2656055679
-3124.2656779616
-3124.2655861503
-3124.2655348926
-3124.2655919896
-3124.2655511412
-3124.2654528641
-3124.2655221263
-3124.2655495527
-3124.2655152092
-3124.2655022453
-3124.2656422039
-3124.2655836383
-3124.2655209111
-3124.2655247260
-3124.2657235078
-3124.2655516080
-3124.2656294308
-3124.2654479467
-3124.2654444876
-3124.2656429128
-3124.2655939819
-3124.2655923952
-3124.2656016088
-3124.2656715637
-3124.2656108694
-3124.2655794025
-3124.2656457506
-3124.2656350411
-3124.2655147447
-3124.2655040577
-3124.2655327791
-3124.2655654424
-3124.2655350616
-3124.2656532625
-3124.2655400871
-3124.2655474321
-3124.2654938223
-3124.2656238849
-3124.2654292143
-3124.2655648854
-3124.2655472988
-3124.2653460772
-3124.2656384256
-3124.2655670750
-3124.2656026232
-3124.2654778658
-3124.2654265072
-3124.2655640353
-3124.2656326583
-3124.2655091925
-3124.2657021676
-3124.2655034768
-3124.2656339631
-3124.2655909102
-3124.2656480457
-3124.2655640715
-3124.2656634100
-3124.2656303804
-3124.2655451672
-3124.2653540341
-3124.2655665633
-3124.2655899463
-3124.2656227297
-3124.2654467379
-3124.2654584229
-3124.2655069907
-3124.2653579954
-3124.2655620264
-3124.2656469767
-3124.2656387324
-3124.2656818128
-3124.2656126510
-3124.2654681202
-3124.2654561473
-3124.2656040298
-3124.2654923894
-3124.2656307087
-3124.2655344595
-3124.2656737438
-3124.2655485210
-3124.2655722765
-3124.2655149824
-3124.2656904861
-3124.2655322345
-3124.2655379379
-3124.2657711234
-3124.2654726618
-3124.2655461453
-3124.2656855052
-3124.2655717438
-3124.2656570051
-3124.2656849817
-3124.2655876388
-3124.2655254935
-3124.2656137909
-3124.2657356782
-3124.2655694093
-3124.2655768709
-3124.2655185065
-3124.2656827431
-3124.2655607193
-3124.2655472786
-3124.2654208179
-3124.2655358409
-3124.2655737799
-3124.2655472977
-3124.2656583402
-3124.2654422038
-3124.2655025212
-3124.2655527062
-3124.2655340235
-3124.2656499210
-3124.2655424464
-3124.2655402457
-3124.2654758115
-3124.2654677835
-3124.2656086821
-3124.2655207042
-3124.2655234769
-3124.2656302472
-3124.2654796507
-3124.2656004658
-3124.2656171351
-3124.2654278719
-3124.2655124763
-3124.2655975856
-3124.2656471387
-3124.2656467073
-3124.2656588508
-3124.2654848178
-3124.2655274351
-3124.2654888995
-3124.2655307454
-3124.2655084317
-3124.2653919503
-3124.2655173175
-3124.2655754695
-3124.2655185390
-3124.2656152114
-3124.2655605115
-3124.2655585014
-3124.2656755704
-3124.2656448254
-3124.2655858687
-3124.2655029498
-3124.2653598021
-3124.2656513069
-3124.2655958915
-3124.2655498001
-3124.2655797231
-3124.2655124295
-3124.2656860796
-3124.2655024953
-3124.2655577982
-3124.2656758526
-3124.2656093571
-3124.2654582158
-3124.2655879580
-3124.2655958757
-3124.2656358637
-3124.2655631000
-3124.2655004321
-3124.2655948893
-3124.2654842989
-3124.2655149888
-3124.2655715095
-3124.2655872709
-3124.2655642581
-3124.2653809284
-3124.2656399298
-3124.2656392091
-3124.2654673327
-3124.2655145080
-3124.2655533640
-3124.2655351119
-3124.2657443748
-3124.2654342459
-3124.2655510003
-3124.2654843203
-3124.2656348652
-3124.2656049593
-3124.2656390399
-3124.2656061224
-3124.2653930541
-3124.2655803077
-3124.2655482953
-3124.2655997468
-3124.2656380763
-3124.2656108680
-3124.2655385100
-3124.2656843942
-3124.2655923723
-3124.2655084562
-3124.2655866228
-3124.2655086902
-3124.2655937271
-3124.2656478235
-3124.2654885490
-3124.2656966982
-3124.2655589731
-3124.2657327394
-3124.2655619475
-3124.2655864017
-3124.2656817808
-3124.2655030506
-3124.2655867876
-3124.2657009658
-3124.2655607918
-3124.2655967508
-3124.2655001880
-3124.2655753605
-3124.2655511724
-3124.2655361102
-3124.2655492389
-3124.2656469054
-3124.2655246209
-3124.2655053962
-3124.2655691214
-3124.2654584332
-3124.2654324215
-3124.2655817871
-3124.2657336409
-3124.2656143190
-3124.2655050547
-3124.2656746070
-3124.2656235051
-3124.2655300169
-3124.2656808157
-3124.2655101625
-3124.2655350695
-3124.2657158391
-3124.2656317425
-3124.2655371103
-3124.2656088738
-3124.2657502809
-3124.2655556274
-3124.2657800946
-3124.2655866186
-3124.2655984782
-3124.2655599891
-3124.2656670167
-3124.2656032042
-3124.2655629823
-3124.2656284150
-3124.2656544211
-3124.2655588050
-3124.2654136332
-3124.2655294517
-3124.2654986510
-3124.2656720297
-3124.2655474022
-3124.2656836983
-3124.2656128944
-3124.2654869156
-3124.2655042948
-3124.2655542516
-3124.2655531012
-3124.2656168618
-3124.2656050702
-3124.2655893091
-3124.2654902262
-3124.2655136271
-3124.2654462731
-3124.2656185009
-3124.2653663726
-3124.2655715088
-3124.2654604855
-3124.2655808973
-3124.2655032163
-3124.2653995128
-3124.2656764105
-3124.2656257436
-3124.2654610608
-3124.2655710511
-3124.2655372855
-3124.2655786696
-3124.2655363380
-3124.2656083236
-3124.2656064200
-3124.2655498552
-3124.2656259500
-3124.2655975360
-3124.2654840882
-3124.2655876808
-3124.2655435363
-3124.2655329288
-3124.2655306162
-3124.2655543243
-3124.2655440886
-3124.2656058392
-3124.2655305951
-3124.2656166774
-3124.2655329860
-3124.2654344231
-3124.2656620582
-3124.2656803061
-3124.2655466036
-3124.2654990026
-3124.2655659487
-3124.2655952469
-3124.2655671505
-3124.2654781861
-3124.2655652821
-3124.2655618802
-3124.2654870288
-3124.2657141047
-3124.2656141916
-3124.2656103374
-3124.2654951860
-3124.2656002767
-3124.2655876872
-3124.2656266933
-3124.2655228023
-3124.2656568813
-3124.2654577218
-3124.2653843727
-3124.2656675749
-3124.2656104850
-3124.2655775727
-3124.2654934328
-3124.2655413937
-3124.2654010525
-3124.2656339668
-3124.2655085355
-3124.2655358975
-3124.2653630533
-3124.2654357604
-3124.2655816330
-3124.2656773247
-3124.2655379988
-3124.2657347353
-3124.2656436080
-3124.2654810033
-3124.2656248977
-3124.2655914496
-3124.2655091879
-3124.2657726699
-3124.2655872426
-3124.2656687729
-3124.2655622047
-3124.2656052920
-3124.2654830194
-3124.2656254102
-3124.2654856744
-3124.2656658647
-3124.2655775368
-3124.2656627857
-3124.2655748393
-3124.2655865801
-3124.2653066089
-3124.2655205558
-3124.2656149922
-3124.2654299891
-3124.2655338158
-3124.2655828656
-3124.2655770574
-3124.2655749700
-3124.2655784297
-3124.2656224981
-3124.2654046294
-3124.2654811538
-3124.2655228383
-3124.2655288901
-3124.2656642851
-3124.2655340494
-3124.2656338914
-3124.2655204350
-3124.2654766661
-3124.2655669672
-3124.2655230594
-3124.2655370171
-3124.2656160902
-3124.2655249452
-3124.2655680514
-3124.2656157164
-3124.2654830990
-3124.2655918335
-3124.2656078846
-3124.2657751232
-3124.2655455505
-3124.2654914992
-3124.2655784591
-3124.2654853999
-3124.2655532838
-3124.2655771216
-3124.2656026980
-3124.2656165962
-3124.2655519931
-3124.2656659635
-3124.2655119649
-3124.2656902855
-3124.2656613698
-3124.2657767156
-3124.2655666131
-3124.2655630187
-3124.2655126437
-3124.2656871758
-3124.2655286122
-3124.2656684942
-3124.2655031002
-3124.2655289733
-3124.2654654058
-3124.2655824927
-3124.2655587764
-3124.2655732490
-3124.2655773005
-3124.2656525238
-3124.2656577173
-3124.2655728685
-3124.2654946718
-3124.2656609132
-3124.2656065771
-3124.2656422960
-3124.2656886510
-3124.2652848320
-3124.2656258134
-3124.2655628606
-3124.2656653538
-3124.2654649290
-3124.2655487999
-3124.2655050137
-3124.2655523481
-3124.2655476683
-3124.2655512015
-3124.2655991834
-3124.2654644662
-3124.2654988462
-3124.2655215272
-3124.2654536401
-3124.2655380641
-3124.2655673471
-3124.2655383676
-3124.2655210243
-3124.2655947350
-3124.2656719742
-3124.2656898244
-3124.2657717518
-3124.2655631250
-3124.2655337932
-3124.2656111820
-3124.2656963569
-3124.2656411260
-3124.2654903776
-3124.2656730833
-3124.2657314918
-3124.2657333119
-3124.2656221102
-3124.2656584332
-3124.2655441223
-3124.2655999306
-3124.2655025218
-3124.2654664252
-3124.2656014188
-3124.2656190227
-3124.2655946993
-3124.2656606116
-3124.2654258706
-3124.2654974440
-3124.2655492207
-3124.2656763575
-3124.2655876602
-3124.2655559478
-3124.2654745581
-3124.2655527767
-3124.2655127601
-3124.2655909377
-3124.2656274944
-3124.2657040758
-3124.2655146917
-3124.2655831237
-3124.2656567972
-3124.2655570676
-3124.2656492977
-3124.2657754809
-3124.2654851185
-3124.2655544586
-3124.2655925366
-3124.2655001782
-3124.2656166880
-3124.2656490413
-3124.2656623203
-3124.2654889400
-3124.2655525611
-3124.2656226234
-3124.2656414512
-3124.2654515384
-3124.2656085131
-3124.2655677876
-3124.2655457807
-3124.2656362892
-3124.2655876967
-3124.2657810340
-3124.2655819440
-3124.2655371156
-3124.2655991668
-3124.2655222310
-3124.2656249160
-3124.2655438065
-3124.2656445553
-3124.2656384916
-3124.2655738001
-3124.2656528604
-3124.2655119722
-3124.2654754089
-3124.2657428832
-3124.2655613435
-3124.2655948595
-3124.2657773399
-3124.2655581568
-3124.2655152832
-3124.2655806293
-3124.2656240156
-3124.2655366279
-3124.2655363360
-3124.2656352476
-3124.2655348637
-3124.2656304279
-3124.2655185911
-3124.2654487907
-3124.2655304876
-3124.2655425112
-3124.2656312670
-3124.2654885637
-3124.2654003162
-3124.2654339680
-3124.2654944292
-3124.2655487007
-3124.2654559229
-3124.2655525574
-3124.2654744225
-3124.2656685430
-3124.2654615121
-3124.2654496213
-3124.2655889987
-3124.2654776558
-3124.2655705367
-3124.2655887878
-3124.2656482370
-3124.2656363046
-3124.2655706505
-3124.2656334611
-3124.2655974568
-3124.2655185453
-3124.2656070741
-3124.2656101920
-3124.2656144056
-3124.2655274506
-3124.2655903791
-3124.2655856353
-3124.2655717799
-3124.2655027292
-3124.2655166776
-3124.2656027522
-3124.2655966530
-3124.2655236186
-3124.2655995896
-3124.2655621451
-3124.2655286061
-3124.2654752040
-3124.2655193239
-3124.2655998806
-3124.2655073994
-3124.2655792009
-3124.2656507722
-3124.2655323842
-3124.2655171616
-3124.2654496322
-3124.2655030434
-3124.2655512055
-3124.2655072613
-3124.2657777981
-3124.2654881958
-3124.2655565652
-3124.2655095639
-3124.2654098135
-3124.2657698067
-3124.2655812719
-3124.2655657576
-3124.2654744418
-3124.2655758707
-3124.2656033808
-3124.2655420503
-3124.2655459548
-3124.2654147398
-3124.2656140503
-3124.2656121956
-3124.2654746711
-3124.2653739428
-3124.2656586020
-3124.2656098086
-3124.2656869482
-3124.2655563181
-3124.2655079387
-3124.2654942917
-3124.2654118924
-3124.2656231308
-3124.2656584018
-3124.2656017775
-3124.2656241757
-3124.2654388314
-3124.2654165792
-3124.2656518429
-3124.2655814341
-3124.2655934701
-3124.2655211066
-3124.2656614085
-3124.2653864833
-3124.2654080347
-3124.2655489391
-3124.2655815726
-3124.2655080108
-3124.2655871306
-3124.2656473519
-3124.2655870174
-3124.2655273264
-3124.2655399325
-3124.2656238758
-3124.2656333279
-3124.2654515436
-3124.2655471954
-3124.2655760315
-3124.2655504026
-3124.2656464684
-3124.2655627816
-3124.2655667949
-3124.2655157170
-3124.2654736551
-3124.2653995870
-3124.2656417626
-3124.2655355481
-3124.2655196870
-3124.2654805110
-3124.2657104472
-3124.2656510549
-3124.2654170088
-3124.2656034603
-3124.2655512119
-3124.2655098468
-3124.2656787459
-3124.2656166112
-3124.2657735084
-3124.2656152789
-3124.2655559647
-3124.2656485045
-3124.2655391749
-3124.2655842615
-3124.2657077354
-3124.2657050902
-3124.2655482628
-3124.2655742186
-3124.2656598992
-3124.2655883009
-3124.2654811910
-3124.2655829713
-3124.2654724985
-3124.2655382861
-3124.2656216279
-3124.2655825630
-3124.2656307371
-3124.2655188183
-3124.2655125938
-3124.2655113001
-3124.2655345442
-3124.2655079583
-3124.2655527592
-3124.2657828162
-3124.2655647018
-3124.2655668618
-3124.2655402266
-3124.2656122090
-3124.2654615181
-3124.2655585087
-3124.2653492585
-3124.2655008261
-3124.2654341074
-3124.2655340045
-3124.2655326098
-3124.2655699604
-3124.2654987190
-3124.2656628289
-3124.2655350548
-3124.2654545143
-3124.2656312016
-3124.2655693651
-3124.2655384828
-3124.2655730253
-3124.2655113960
-3124.2655634312
-3124.2655945432
-3124.2656871264
-3124.2656257300
-3124.2655745708
-3124.2655593794
-3124.2654731358
-3124.2655600025
-3124.2655757934
-3124.2655764408
-3124.2656113249
-3124.2656791412
-3124.2655100999
-3124.2656138511
-3124.2654477699
-3124.2655951896
-3124.2654713121
-3124.2656437643
-3124.2654864264
-3124.2656335988
-3124.2656873278
-3124.2654575441
-3124.2654512410
-3124.2655971945
-3124.2657380926
-3124.2654767924
-3124.2657295544
-3124.2655820513
-3124.2655646962
-3124.2655806280
-3124.2657741546
-3124.2655761205
-3124.2655634641
-3124.2656045899
-3124.2656228541
-3124.2655640837
-3124.2657714550
-3124.2656525780
-3124.2656330869
-3124.2655734422
-3124.2655415838
-3124.2654813184
-3124.2655844911
-3124.2657350198
-3124.2656013479
-3124.2655284623
-3124.2655207440
-3124.2654846655
-3124.2654787408
-3124.2655729392
-3124.2656000152
-3124.2655659167
-3124.2655981148
-3124.2655756257
-3124.2655072864
-3124.2654854738
-3124.2655188339
-3124.2655915663
-3124.2655425709
-3124.2655663309
-3124.2655273502
-3124.2654474399
-3124.2656819793
-3124.2654524057
-3124.2654596825
-3124.2655278102
-3124.2657748170
-3124.2656221069
-3124.2656518400
-3124.2656125177
-3124.2655989342
-3124.2654318011
-3124.2655533662
-3124.2655728984
-3124.2654786052
-3124.2655139293
-3124.2655897951
-3124.2654186339
-3124.2655927319
-3124.2656534963
-3124.2655896529
-3124.2656047433
-3124.2652940723
-3124.2656527497
-3124.2655671830
-3124.2655018368
-3124.2654781809
-3124.2654892819
-3124.2655372878
-3124.2654969894
-3124.2656521391
-3124.2656210983
-3124.2656525127
-3124.2655040475
-3124.2655082063
-3124.2655560059
-3124.2655879357
-3124.2655878834
-3124.2656205110
-3124.2656197999
-3124.2656318287
-3124.2654801765
-3124.2656241988
-3124.2655755196
-3124.2655453063
-3124.2654763012
-3124.2657720168
-3124.2657449871
-3124.2655037383
-3124.2655562837
-3124.2655832118
-3124.2655280071
-3124.2656040698
-3124.2654588478
-3124.2655687064
-3124.2656354898
-3124.2655429256
-3124.2655815559
-3124.2654219864
-3124.2654757778
-3124.2656499771
-3124.2655541092
-3124.2655336590
-3124.2656853311
-3124.2655460584
-3124.2654446520
-3124.2656490636
-3124.2656546740
-3124.2656204666
-3124.2656394129
-3124.2656841450
-3124.2655975821
-3124.2657033957
-3124.2654784360
-3124.2655458170
-3124.2654903861
-3124.2654881066
-3124.2656449420
-3124.2655898307
-3124.2655128269
-3124.2655314252
-3124.2657121853
-3124.2655340379
-3124.2654819303
-3124.2654482415
-3124.2655929344
-3124.2654964441
-3124.2655711705
-3124.2656178152
-3124.2655728668
-3124.2655514001
-3124.2654156807
-3124.2655297840
-3124.2656008835
-3124.2655893843
-3124.2656928628
-3124.2655978682
-3124.2656230426
-3124.2655735827
-3124.2655664969
-3124.2655819233
-3124.2655149429
-3124.2655552083
-3124.2655936380
-3124.2654945163
-3124.2655579284
-3124.2655468354
-3124.2655087113
-3124.2655380396
-3124.2655757706
-3124.2655919907
-3124.2657788373
-3124.2655564189
-3124.2654932140
-3124.2656671778
-3124.2655273035
-3124.2656270330
-3124.2656021995
-3124.2656035199
-3124.2656574451
-3124.2656138300
-3124.2656308507
-3124.2656089639
-3124.2654770072
-3124.2656114315
-3124.2655284264
-3124.2656225267
-3124.2657225250
-3124.2655856762
-3124.2655441132
-3124.2655702600
-3124.2654021951
-3124.2656088085
-3124.2655494295
-3124.2656111881
-3124.2656463791
-3124.2655902703
-3124.2655867249
-3124.2655252046
-3124.2655786083
-3124.2656157822
-3124.2656161735
-3124.2655140132
-3124.2655054263
-3124.2655237062
-3124.2655932403
-3124.2655714177
-3124.2656119304
-3124.2656258744
-3124.2656858060
-3124.2654096358
-3124.2656632969
-3124.2656117752
-3124.2656071441
-3124.2654323441
-3124.2655845024
-3124.2655732527
-3124.2655125983
-3124.2656957403
-3124.2656277851
-3124.2655724246
-3124.2656031381
-3124.2655654942
-3124.2656772732
-3124.2655632565
-3124.2656044035
-3124.2654791145
-3124.2657151946
-3124.2654303009
-3124.2654982551
-3124.2654935237
-3124.2655998083
-3124.2655222701
-3124.2653701809
-3124.2656044084
-3124.2654397339
-3124.2654642857
-3124.2653810262
-3124.2655691698
-3124.2655821826
-3124.2656405005
-3124.2654837019
-3124.2656129386
-3124.2656832633
-3124.2655153993
-3124.2655463324
-3124.2655296578
-3124.2654611217
-3124.2655603844
-3124.2655953211
-3124.2655109827
-3124.2654568326
-3124.2655878057
-3124.2655643438
-3124.2656389290
-3124.2655601997
-3124.2654064026
-3124.2655957335
-3124.2656316397
-3124.2655420778
-3124.2655780839
-3124.2654754800
-3124.2654973933
-3124.2654642598
-3124.2655751928
-3124.2655888701
-3124.2655240012
-3124.2656971741
-3124.2654946047
-3124.2654678005
-3124.2656199491
-3124.2655685672
-3124.2655196442
-3124.2654662293
-3124.2655446769
-3124.2656938275
-3124.2656358034
-3124.2655388624
-3124.2656475852
-3124.2657206637
-3124.2656243002
-3124.2656513136
-3124.2656370221
-3124.2655375429
-3124.2656503578
-3124.2655911467
-3124.2656156154
-3124.2655880688
-3124.2656327770
-3124.2654821215
-3124.2655767788
-3124.2655426989
-3124.2653859827
-3124.2655335038
-3124.2655690811
-3124.2654541604
-3124.2655962481
-3124.2655977985
-3124.2655223831
-3124.2656500849
-3124.2654779922
-3124.2655917152
-3124.2655965371
-3124.2656391285
-3124.2656080981
-3124.2655586290
-3124.2654219517
-3124.2655466610
-3124.2655236911
-3124.2655414359
-3124.2656762510
-3124.2657826336
-3124.2656519056
-3124.2655483610
-3124.2655156409
-3124.2654820668
-3124.2657016640
-3124.2655214275
-3124.2655762405
-3124.2655531864
-3124.2656236102
-3124.2657064214
-3124.2656827184
-3124.2656801805
-3124.2656609736
-3124.2654359850
-3124.2655832417
-3124.2656658823
-3124.2655990518
-3124.2656408060
-3124.2655645736
-3124.2655948389
-3124.2656534994
-3124.2654456638
-3124.2655906388
-3124.2654949741
-3124.2654957167
-3124.2655820811
-3124.2656032637
-3124.2655840064
-3124.2655067067
-3124.2655852856
-3124.2655481628
-3124.2656587143
-3124.2654851227
-3124.2655663067
-3124.2656837171
-3124.2656784063
-3124.2655883293
-3124.2655538220
-3124.2656097172
-3124.2656409548
-3124.2655198016
-3124.2655694617
-3124.2655972964
-3124.2656155451
-3124.2655821605
-3124.2655644146
-3124.2655946378
-3124.2656160279
-3124.2655279229
-3124.2653271275
-3124.2656169557
-3124.2656883792
-3124.2655043984
-3124.2656007046
-3124.2656274813
-3124.2654526735
-3124.2654855575
-3124.2656648976
-3124.2656832237
-3124.2656198988
-3124.2654488325
-3124.2655915735
-3124.2655664188
-3124.2655012981
-3124.2656719740
-3124.2656107368
-3124.2656334574
-3124.2656389669
-3124.2655448624
-3124.2657779112
-3124.2655285733
-3124.2654646313
-3124.2654792307
-3124.2655928072
-3124.2654852005
-3124.2654951533
-3124.2656210398
-3124.2656234356
-3124.2654729859
-3124.2654708367
-3124.2655407489
-3124.2655523256
-3124.2655987535
-3124.2654393070
-3124.2655781399
-3124.2655818129
-3124.2655642493
-3124.2655783817
-3124.2654447276
-3124.2655735692
-3124.2656577667
-3124.2655024976
-3124.2654994428
-3124.2656941102
-3124.2655332816
-3124.2655578510
-3124.2655539422
-3124.2654706770
-3124.2656247025
-3124.2654830958
-3124.2656698979
-3124.2654846706
-3124.2655095015
-3124.2654793410
-3124.2653863676
-3124.2654908918
-3124.2655814954
-3124.2654573714
-3124.2655707847
-3124.2656394177
-3124.2653911119
-3124.2655812907
-3124.2655880741
-3124.2654991683
-3124.2655691595
-3124.2654403834
-3124.2655919132
-3124.2656026533
-3124.2655298332
-3124.2657751356
-3124.2654601708
-3124.2655268616
-3124.2654054495
-3124.2657123248
-3124.2655794070
-3124.2657016373
-3124.2654806867
-3124.2655491641
-3124.2654836906
-3124.2657186539
-3124.2656859373
-3124.2655291796
-3124.2655967617
-3124.2654931976
-3124.2656118231
-3124.2655862807
-3124.2654849340
-3124.2656344548
-3124.2656434056
-3124.2654752825
-3124.2655060927
-3124.2655978451
-3124.2656860654
-3124.2655722092
-3124.2655563195
-3124.2656559163
-3124.2655755779
-3124.2654419397
-3124.2654769511
-3124.2655538433
-3124.2655224747
-3124.2657202277
-3124.2656229166
-3124.2655550537
-3124.2656256427
-3124.2654801821
-3124.2654910458
-3124.2656270392
-3124.2656492288
-3124.2655832992
-3124.2655511643
-3124.2656170404
-3124.2654564794
-3124.2655880936
-3124.2655215282
-3124.2653879768
-3124.2655917070
-3124.2657223750
-3124.2654243093
-3124.2655888850
-3124.2655360559
-3124.2654450618
-3124.2657419080
-3124.2655505018
-3124.2655515442
-3124.2655351569
-3124.2656392594
-3124.2654353112
-3124.2654287181
-3124.2655588621
-3124.2655484296
-3124.2656496855
-3124.2656295927
-3124.2655650440
-3124.2655490190
-3124.2656323970
-3124.2655728907
-3124.2654556111
-3124.2655454378
-3124.2656024969
-3124.2655568460
-3124.2655135073
-3124.2656122148
-3124.2655648800
-3124.2657714149
-3124.2654461491
-3124.2655531248
-3124.2657784001
-3124.2654738936
-3124.2655892325
-3124.2656724554
-3124.2656264546
-3124.2656224240
-3124.2656526057
-3124.2656025496
-3124.2655758043
-3124.2655962447
-3124.2655631501
-3124.2655737615
-3124.2655384961
-3124.2655833209
-3124.2655374148
-3124.2656181879
-3124.2656134826
-3124.2656003118
-3124.2653856027
-3124.2655302392
-3124.2656791307
-3124.2655198297
-3124.2656410888
-3124.2655655143
-3124.2655469458
-3124.2656276433
-3124.2655170318
-3124.2655928837
-3124.2656064372
-3124.2656320337
-3124.2655458654
-3124.2655767068
-3124.2656915533
-3124.2655463328
-3124.2655247488
-3124.2655103052
-3124.2655187329
-3124.2654818977
-3124.2656534063
-3124.2654917621
-3124.2656161348
-3124.2655351753
-3124.2655029724
-3124.2655093412
-3124.2655946711
-3124.2655225812
-3124.2655700890
-3124.2655853495
-3124.2655511876
-3124.2655802094
-3124.2656289620
-3124.2654992215
-3124.2654892982
-3124.2655312228
-3124.2654474932
-3124.2655640948
-3124.2655633408
-3124.2654809833
-3124.2655609449
-3124.2656640809
-3124.2655303378
-3124.2655521694
-3124.2656021926
-3124.2656467266
-3124.2655675989
-3124.2655560254
-3124.2656923341
-3124.2655425190
-3124.2654473046
-3124.2656171282
-3124.2656237938
-3124.2654394534
-3124.2655472288
-3124.2655142187
-3124.2655618029
-3124.2654312837
-3124.2655782861
-3124.2655444786
-3124.2656151235
-3124.2656991786
-3124.2656341523
-3124.2656242255
-3124.2656248664
-3124.2657733074
-3124.2656304526
-3124.2655832626
-3124.2654976398
-3124.2655985722
-3124.2654397543
-3124.2656076664
-3124.2655665625
-3124.2656653807
-3124.2656806983
-3124.2656447406
-3124.2655595414
-3124.2655797047
-3124.2656756209
-3124.2654795385
-3124.2655351200
-3124.2655494331
-3124.2655553941
-3124.2655821078
-3124.2656121159
-3124.2656880381
-3124.2656391625
-3124.2655051658
-3124.2654807271
-3124.2654673553
-3124.2657768650
-3124.2655614906
-3124.2655808528
-3124.2656872005
-3124.2653620636
-3124.2656052168
-3124.2655128067
-3124.2656180879
-3124.2655666374
-3124.2656007672
-3124.2654623708
-3124.2656137788
-3124.2654898721
-3124.2656072211
-3124.2655869634
-3124.2655071165
-3124.2656175187
-3124.2656362626
-3124.2655713814
-3124.2657061180
-3124.2655636009
-3124.2656282835
-3124.2655885455
-3124.2655846857
-3124.2655940491
-3124.2654779565
-3124.2656532709
-3124.2655166145
-3124.2655497803
-3124.2654966993
-3124.2657776429
-3124.2655237824
-3124.2654866522
-3124.2656186759
-3124.2656825265
-3124.2655506424
-3124.2655831411
-3124.2655908217
-3124.2654470051
-3124.2654634323
-3124.2655667536
-3124.2656758461
-3124.2654855055
-3124.2655628687
-3124.2655956065
-3124.2656184199
-3124.2655203302
-3124.2654965129
-3124.2654772602
-3124.2656979572
-3124.2656659356
-3124.2655390524
-3124.2655508426
-3124.2654387091
-3124.2655019579
-3124.2656549301
-3124.2656728129
-3124.2655755848
-3124.2656242502
-3124.2655441357
-3124.2656511661
-3124.2655603974
-3124.2655526265
-3124.2656039168
-3124.2655128796
-3124.2655985693
-3124.2654888790
-3124.2656904814
-3124.2656294148
-3124.2657798254
-3124.2655402393
-3124.2655355292
-3124.2655784832
-3124.2657767208
-3124.2656685831
-3124.2654696154
-3124.2655817969
-3124.2655164312
-3124.2656213661
-3124.2654354914
-3124.2655698424
-3124.2654665760
-3124.2656736219
-3124.2656773489
-3124.2657670672
-3124.2656380020
-3124.2655613771
-3124.2655763581
-3124.2655889168
-3124.2656259149
-3124.2655468177
-3124.2656407205
-3124.2657187549
-3124.2654073461
-3124.2656488268
-3124.2655680370
-3124.2655955843
-3124.2655478139
-3124.2655935745
-3124.2655625596
-3124.2656035321
-3124.2655494207
-3124.2655155262
-3124.2656168218
-3124.2655936700
-3124.2654945923
-3124.2656042626
-3124.2655509562
-3124.2655599622
-3124.2655771635
-3124.2656504579
-3124.2654155683
-3124.2655491575
-3124.2656471168
-3124.2655212661
-3124.2657542286
-3124.2655528062
-3124.2654802637
-3124.2655860280
-3124.2656248848
-3124.2655004637
-3124.2656426476
-3124.2654970479
-3124.2655620448
-3124.2655660335
-3124.2655257566
-3124.2654926201
-3124.2656120779
-3124.2656137110
-3124.2656139746
-3124.2656277613
-3124.2656471281
-3124.2655225983
-3124.2656542308
-3124.2655893312
-3124.2654467270
-3124.2655429597
-3124.2655649475
-3124.2654358188
-3124.2654647483
-3124.2654231290
-3124.2656412500
-3124.2655404463
-3124.2655055668
-3124.2656460682
-3124.2655718205
-3124.2655978469
-3124.2656416532
-3124.2656212226
-3124.2653918957
-3124.2654926222
-3124.2656566963
-3124.2654944146
-3124.2656748623
-3124.2656706351
-3124.2655352908
-3124.2657764493
-3124.2655160013
-3124.2656061217
-3124.2655069318
-3124.2656246397
-3124.2655535856
-3124.2655393922
-3124.2656227391
-3124.2656120512
-3124.2654431873
-3124.2655580100
-3124.2656438575
-3124.2656363382
-3124.2655114787
-3124.2655133938
-3124.2655277718
-3124.2656520813
-3124.2655660667
-3124.2655835147
-3124.2655363571
-3124.2655385528
-3124.2655050922
-3124.2655230353
-3124.2655816354
-3124.2656014138
-3124.2654708418
-3124.2654553835
-3124.2657781037
-3124.2656727438
-3124.2655299753
-3124.2656508718
-3124.2655362378
-3124.2655846726
-3124.2654618407
-3124.2655914535
-3124.2657773128
-3124.2654741445
-3124.2656288795
-3124.2655537309
-3124.2655744389
-3124.2654604567
-3124.2656261762
-3124.2655142410
-3124.2655166787
-3124.2655906617
-3124.2654590882
-3124.2656372251
-3124.2656039439
-3124.2656331277
-3124.2655721504
-3124.2656820602
-3124.2656145448
-3124.2655123503
-3124.2655873057
-3124.2655009801
-3124.2656506167
-3124.2655215354
-3124.2654740110
-3124.2655560962
-3124.2654330970
-3124.2655039140
-3124.2655012518
-3124.2657750466
-3124.2654771935
-3124.2655135307
-3124.2657789288
-3124.2656159766
-3124.2655797466
-3124.2656485433
-3124.2655390224
-3124.2655497303
-3124.2654508209
-3124.2656320265
-3124.2654555971
-3124.2656659755
-3124.2656161051
-3124.2655921487
-3124.2655451170
-3124.2654098406
-3124.2655223376
-3124.2653927461
-3124.2655641462
-3124.2655384236
-3124.2655860225
-3124.2656261876
-3124.2655547492
-3124.2655680199
-3124.2654376588
-3124.2654592895
-3124.2655642719
-3124.2654326704
-3124.2655263562
-3124.2655978651
-3124.2656843847
-3124.2656025346
-3124.2656792506
-3124.2655637040
-3124.2655282973
-3124.2654664795
-3124.2656370130
-3124.2656633540
-3124.2655081608
-3124.2655504850
-3124.2657754452
-3124.2656325070
-3124.2654133103
-3124.2654903279
-3124.2654936053
-3124.2656268732
-3124.2654229280
-3124.2655619413
-3124.2655756034
-3124.2656327927
-3124.2656167322
-3124.2655148417
-3124.2656161958
-3124.2656163173
-3124.2655517485
-3124.2655955796
-3124.2654860382
-3124.2655113631
-3124.2654070887
-3124.2656508228
-3124.2656335775
-3124.2655878187
-3124.2656961928
-3124.2654981346
-3124.2655946641
-3124.2654689060
-3124.2655425621
-3124.2656196121
-3124.2655207107
-3124.2655698040
-3124.2654630692
-3124.2655436442
-3124.2656803997
-3124.2653929303
-3124.2654352707
-3124.2655699975
-3124.2655600144
-3124.2655500138
-3124.2655409732
-3124.2656445282
-3124.2657025578
-3124.2654948930
-3124.2653644090
-3124.2655296692
-3124.2656761147
-3124.2655818050
-3124.2655411561
-3124.2656001494
-3124.2656336283
-3124.2656925331
-3124.2656750862
-3124.2655126151
-3124.2654479105
-3124.2655929100
-3124.2655210165
-3124.2655411595
-3124.2655176607
-3124.2655874647
-3124.2654632890
-3124.2656328934
-3124.2656034001
-3124.2655698776
-3124.2656201078
-3124.2654682474
-3124.2655309805
-3124.2655395851
-3124.2655869089
-3124.2655888959
-3124.2656574903
-3124.2655444774
-3124.2655323421
-3124.2655556541
-3124.2655765989
-3124.2654601010
-3124.2656469282
-3124.2655478952
-3124.2656386711
-3124.2654862675
-3124.2656883863
-3124.2655854339
-3124.2655301188
-3124.2656470382
-3124.2656200659
-3124.2655644480
-3124.2656095142
-3124.2655218643
-3124.2655654888
-3124.2655936038
-3124.2655557126
-3124.2655818263
-3124.2655247351
-3124.2655919734
-3124.2655692937
-3124.2657237657
-3124.2655360723
-3124.2655469551
-3124.2656038787
-3124.2656185312
-3124.2656119733
-3124.2655504250
-3124.2654589251
-3124.2654835654
-3124.2655886188
-3124.2656332391
-3124.2653758030
-3124.2655149778
-3124.2654720001
-3124.2655398166
-3124.2654079311
-3124.2655979248
-3124.2655175803
-3124.2657738191
-3124.2654999851
-3124.2656347223
-3124.2656962487
-3124.2655585756
-3124.2655452257
-3124.2655830066
-3124.2655892917
-3124.2654824196
-3124.2655720966
-3124.2655846553
-3124.2655614049
-3124.2654848716
-3124.2655077082
-3124.2656860108
-3124.2654906689
-3124.2656381919
-3124.2655575721
-3124.2656398112
-3124.2654595068
-3124.2657032886
-3124.2655823500
-3124.2654968910
-3124.2656004862
-3124.2656344990
-3124.2656313343
-3124.2656162578
-3124.2654825630
-3124.2656278349
-3124.2655997199
-3124.2656513951
-3124.2655433467
-3124.2656904326
-3124.2656041499
-3124.2654761456
-3124.2654996164
-3124.2655295113
-3124.2656446739
-3124.2655918091
-3124.2655427299
-3124.2656031696
-3124.2656212890
-3124.2656279943
-3124.2656260672
-3124.2656317317
-3124.2655852060
-3124.2657717343
-3124.2657766602
-3124.2654516112
-3124.2656034202
-3124.2655393288
-3124.2655291750
-3124.2653396652
-3124.2656555873
-3124.2655558634
-3124.2655902768
-3124.2653595909
-3124.2655130475
-3124.2655221256
-3124.2656402966
-3124.2654794122
-3124.2654446642
-3124.2655130148
-3124.2657797534
-3124.2654774206
-3124.2655948614
-3124.2656977269
-3124.2654481722
-3124.2653615088
-3124.2655283729
-3124.2654899969
-3124.2655080417
-3124.2655899437
-3124.2656073195
-3124.2657095230
-3124.2655681838
-3124.2657779632
-3124.2656484484
-3124.2654574298
-3124.2655735652
-3124.2655626396
-3124.2655447568
-3124.2655286992
-3124.2656391473
-3124.2654134435
-3124.2656152122
-3124.2655457703
-3124.2656915258
-3124.2657638511
-3124.2654024063
-3124.2655285155
-3124.2654140401
-3124.2655559156
-3124.2655449382
-3124.2654901297
-3124.2656093894
-3124.2655325167
-3124.2655657763
-3124.2654941969
-3124.2656355256
-3124.2656528184
-3124.2655697699
-3124.2653928016
-3124.2655689168
-3124.2656160384
-3124.2655673742
-3124.2654588531
-3124.2656227733
-3124.2653450121
-3124.2655670174
-3124.2656550534
-3124.2654154932
-3124.2656605593
-3124.2655620797
-3124.2654822703
-3124.2654972208
-3124.2655201257
-3124.2656137846
-3124.2653605193
-3124.2655398835
-3124.2655190456
-3124.2656244202
-3124.2655177301
-3124.2656435883
-3124.2655740054
-3124.2656353733
-3124.2656274613
-3124.2654280407
-3124.2654281876
-3124.2655223574
-3124.2655303033
-3124.2657148031
-3124.2655942813
-3124.2655867110
-3124.2654972447
-3124.2656297220
-3124.2655391947
-3124.2655238698
-3124.2655130781
-3124.2654909813
-3124.2655935498
-3124.2654774695
-3124.2656816472
-3124.2656095433
-3124.2654860125
-3124.2654820084
-3124.2655723661
-3124.2655431017
-3124.2655209164
-3124.2655375181
-3124.2655679097
-3124.2654937470
-3124.2656624168
-3124.2655870333
-3124.2656105589
-3124.2656342576
-3124.2654033655
-3124.2654647357
-3124.2656111578
-3124.2655015187
-3124.2654482729
-3124.2656611881
-3124.2655839701
-3124.2655467484
-3124.2655612363
-3124.2656232488
-3124.2655753912
-3124.2656585727
-3124.2655771570
-3124.2656081618
-3124.2657772342
-3124.2655661469
-3124.2655215770
-3124.2655615441
-3124.2655186908
-3124.2656107423
-3124.2656401934
-3124.2653820346
-3124.2655509893
-3124.2656845014
-3124.2655437957
-3124.2655740370
-3124.2656084395
-3124.2655008754
-3124.2655394143
-3124.2655087525
-3124.2654918822
-3124.2656198671
-3124.2655227850
-3124.2654913685
-3124.2655749023
-3124.2655283173
-3124.2654968450
-3124.2655670425
-3124.2655600940
-3124.2655921867
-3124.2654526454
-3124.2655940619
-3124.2656629570
-3124.2654943041
-3124.2655098219
-3124.2655184834
-3124.2655590487
-3124.2656057285
-3124.2654446601
-3124.2655317872
-3124.2657118683
-3124.2654645045
-3124.2653893381
-3124.2656162580
-3124.2654388490
-3124.2656761968
-3124.2654682040
-3124.2656549997
-3124.2653927576
-3124.2655840381
-3124.2655317393
-3124.2656602666
-3124.2655800948
-3124.2656194388
-3124.2655427212
-3124.2657692511
-3124.2654938629
-3124.2654527808
-3124.2655172209
-3124.2655121789
-3124.2655169661
-3124.2655982706
-3124.2656504861
-3124.2654868975
-3124.2655065438
-3124.2655767739
-3124.2654690805
-3124.2654642139
-3124.2656185985
-3124.2654462860
-3124.2655421971
-3124.2655270686
-3124.2655469926
-3124.2655728076
-3124.2656503880
-3124.2655660730
-3124.2655306072
-3124.2657814804
-3124.2657081404
-3124.2654995508
-3124.2656842947
-3124.2654151922
-3124.2656500675
-3124.2654962232
-3124.2655500051
-3124.2656262523
-3124.2655540526
-3124.2656220281
-3124.2654882187
-3124.2653958382
-3124.2655948486
-3124.2654451642
-3124.2656827547
-3124.2655708776
-3124.2655985070
-3124.2656524940
-3124.2655854600
-3124.2655227641
-3124.2656082845
-3124.2654835157
-3124.2655398704
-3124.2656307445
-3124.2656069400
-3124.2655084212
-3124.2655917296
-3124.2655340096
-3124.2655473988
-3124.2657826724
-3124.2656017117
-3124.2654400778
-3124.2655898956
-3124.2655736841
-3124.2656193924
-3124.2656007350
-3124.2655718587
-3124.2655426159
-3124.2655392588
-3124.2654681884
-3124.2654755079
-3124.2655721532
-3124.2655647070
-3124.2655866113
-3124.2656311670
-3124.2654923253
-3124.2654891518
-3124.2656291217
-3124.2655488359
-3124.2655748782
-3124.2656958022
-3124.2654842892
-3124.2655637568
-3124.2657020650
-3124.2655425098
-3124.2655523524
-3124.2656998193
-3124.2655887166
-3124.2656089091
-3124.2656299845
-3124.2655307068
-3124.2655108514
-3124.2655100176
-3124.2656650061
-3124.2655725154
-3124.2655741996
-3124.2656299297
-3124.2654590246
-3124.2656784728
-3124.2656599449
-3124.2655725876
-3124.2655870626
-3124.2655544145
-3124.2656017157
-3124.2654939860
-3124.2654919903
-3124.2656807713
-3124.2655412703
-3124.2655582777
-3124.2657816089
-3124.2655356726
-3124.2655497960
-3124.2654791286
-3124.2656457878
-3124.2654551339
-3124.2655067226
-3124.2655855619
-3124.2656318800
-3124.2655689018
-3124.2656426433
-3124.2654825507
-3124.2655490379
-3124.2656107406
-3124.2655397289
-3124.2655080358
-3124.2655664945
-3124.2655442644
-3124.2657759171
-3124.2653901129
-3124.2655174925
-3124.2654758133
-3124.2656242414
-3124.2655922583
-3124.2656187127
-3124.2656214873
-3124.2657771948
-3124.2655073786
-3124.2655915878
-3124.2655612553
-3124.2655661162
-3124.2656595350
-3124.2655662457
-3124.2655398874
-3124.2655554524
-3124.2656203511
-3124.2656266294
-3124.2655069957
-3124.2656325881
-3124.2655361776
-3124.2656043596
-3124.2655910983
-3124.2655343128
-3124.2656352335
-3124.2655384128
-3124.2656318060
-3124.2655819529
-3124.2655897126
-3124.2654548903
-3124.2655355733
-3124.2655619456
-3124.2656315645
-3124.2654219407
-3124.2655145609
-3124.2657006750
-3124.2654838664
-3124.2655719964
-3124.2656320496
-3124.2657151082
-3124.2654862319
-3124.2655739057
-3124.2655317585
-3124.2656042288
-3124.2655787379
-3124.2656949802
-3124.2656087674
-3124.2655653314
-3124.2654952857
-3124.2656216670
-3124.2654371738
-3124.2655196246
-3124.2655534572
-3124.2654769386
-3124.2654303699
-3124.2655579404
-3124.2655996132
-3124.2656357825
-3124.2656589451
-3124.2654072465
-3124.2655089415
-3124.2655688892
-3124.2654533801
-3124.2655344456
-3124.2655617165
-3124.2656795148
-3124.2654985726
-3124.2656246562
-3124.2655219567
-3124.2657158918
-3124.2656024365
-3124.2655397942
-3124.2655514946
-3124.2656477721
-3124.2655983350
-3124.2655534089
-3124.2656139081
-3124.2654379588
-3124.2655708345
-3124.2656863981
-3124.2655339991
-3124.2655883851
-3124.2652963446
-3124.2655423813
-3124.2655720900
-3124.2656690139
-3124.2656065900
-3124.2655945082
-3124.2655173450
-3124.2656273397
-3124.2654979724
-3124.2656150064
-3124.2655718572
-3124.2655982847
-3124.2655050753
-3124.2654031207
-3124.2656514048
-3124.2656593263
-3124.2655445644
-3124.2653758214
-3124.2655562976
-3124.2655843943
-3124.2654568904
-3124.2657770842
-3124.2655973641
-3124.2655201447
-3124.2656570359
-3124.2656611246
-3124.2654809000
-3124.2656212677
-3124.2655767046
-3124.2655270052
-3124.2655381793
-3124.2656020161
-3124.2655905825
-3124.2655482332
-3124.2656627758
-3124.2655434180
-3124.2654473619
-3124.2656000145
-3124.2655299336
-3124.2655154271
-3124.2656531920
-3124.2656666914
-3124.2654817709
-3124.2654873965
-3124.2656118611
-3124.2654580368
-3124.2655612957
-3124.2655374599
-3124.2656514793
-3124.2656015839
-3124.2656042402
-3124.2656554981
-3124.2656328008
-3124.2656433525
-3124.2654584509
-3124.2654707666
-3124.2655507739
-3124.2656455154
-3124.2655396613
-3124.2654484810
-3124.2655686373
-3124.2656023146
-3124.2654824494
-3124.2655398481
-3124.2655758731
-3124.2655444115
-3124.2655400747
-3124.2656217329
-3124.2655444782
-3124.2656203847
-3124.2655591731
-3124.2656333346
-3124.2656528065
-3124.2655611170
-3124.2654522564
-3124.2655384715
-3124.2655498983
-3124.2655263426
-3124.2655627406
-3124.2655118867
-3124.2655565851
-3124.2656069465
-3124.2653205866
-3124.2657804656
-3124.2654849660
-3124.2655109610
-3124.2656247155
-3124.2654261297
-3124.2655671565
-3124.2655741905
-3124.2655690410
-3124.2655543295
-3124.2656630650
-3124.2655074235
-3124.2656053021
-3124.2655506020
-3124.2656288859
-3124.2655905084
-3124.2655960845
-3124.2654921243
-3124.2655111055
-3124.2655405509
-3124.2656614070
-3124.2656351137
-3124.2656228876
-3124.2656440452
-3124.2656657948
-3124.2656388556
-3124.2657322255
-3124.2655242036
-3124.2656716128
-3124.2656802275
-3124.2654839628
-3124.2655370780
-3124.2655859926
-3124.2655713954
-3124.2655447488
-3124.2654968732
-3124.2654022115
-3124.2656646835
-3124.2656254447
-3124.2657130357
-3124.2655056751
-3124.2655759879
-3124.2656365202
-3124.2655243153
-3124.2655413045
-3124.2655682709
-3124.2657190291
-3124.2654276913
-3124.2655876801
-3124.2655388197
-3124.2654843211
-3124.2657324570
-3124.2655830592
-3124.2655907354
-3124.2655060725
-3124.2654245197
-3124.2656582913
-3124.2656191547
-3124.2655033607
-3124.2656576329
-3124.2656738436
-3124.2655787494
-3124.2655720748
-3124.2656290091
-3124.2656082199
-3124.2656620155
-3124.2656791529
-3124.2655068965
-3124.2655711725
-3124.2655491519
-3124.2654544884
-3124.2656060718
-3124.2653994933
-3124.2655305561
-3124.2656172945
-3124.2655313314
-3124.2655753505
-3124.2656701617
-3124.2655396266
-3124.2654992382
-3124.2655647768
-3124.2656174599
-3124.2654656025
-3124.2655024665
-3124.2657049685
-3124.2656426815
-3124.2654887424
-3124.2654963072
-3124.2655452317
-3124.2654765441
-3124.2654891698
-3124.2656428132
-3124.2654569646
-3124.2656178773
-3124.2655695132
-3124.2656276213
-3124.2656021744
-3124.2655535506
-3124.2655690190
-3124.2655062793
-3124.2655328912
-3124.2655146077
-3124.2656444906
-3124.2655152881
-3124.2656901330
-3124.2655049246
-3124.2656156633
-3124.2654655620
-3124.2655314664
-3124.2656376949
-3124.2655247382
-3124.2655529935
-3124.2656312841
-3124.2654626816
-3124.2654323041
-3124.2653064567
-3124.2655814703
-3124.2654787572
-3124.2655992813
-3124.2655107365
-3124.2655517552
-3124.2655472069
-3124.2655878600
-3124.2655359087
-3124.2654561694
-3124.2655623238
-3124.2655869610
-3124.2655529835
-3124.2655393886
-3124.2655775273
-3124.2656338612
-3124.2656781587
-3124.2656290148
-3124.2656394099
-3124.2655099900
-3124.2654944459
-3124.2655110919
-3124.2655950148
-3124.2655473740
-3124.2656042741
-3124.2655713102
-3124.2656427693
-3124.2656411361
-3124.2655249639
-3124.2655293039
-3124.2653859801
-3124.2655776676
-3124.2655547998
-3124.2655741422
-3124.2656154548
-3124.2657710015
-3124.2653100861
-3124.2654700208
-3124.2654140025
-3124.2656339337
-3124.2656366591
-3124.2654933796
-3124.2655594721
-3124.2654401813
-3124.2656680458
-3124.2656551241
-3124.2655914702
-3124.2654269103
-3124.2655431137
-3124.2653824753
-3124.2655239058
-3124.2655914841
-3124.2654973158
-3124.2655752709
-3124.2654856586
-3124.2655214882
-3124.2654067913
-3124.2653930348
-3124.2656417963
-3124.2655311578
-3124.2654477949
-3124.2655268621
-3124.2655598618
-3124.2656766368
-3124.2655980528
-3124.2655534275
-3124.2655244709
-3124.2656300956
-3124.2657256015
-3124.2657803971
-3124.2654540656
-3124.2655233297
-3124.2655614125
-3124.2655361850
-3124.2654325163
-3124.2655458409
-3124.2656707303
-3124.2656777666
-3124.2656209883
-3124.2655755866
-3124.2657021891
-3124.2655470585
-3124.2655611939
-3124.2653964576
-3124.2654527573
-3124.2655615497
-3124.2656022928
-3124.2654720090
-3124.2655886005
-3124.2654705592
-3124.2655986583
-3124.2654388755
-3124.2655860188
-3124.2656241392
-3124.2654339195
-3124.2654923497
-3124.2653805706
-3124.2656595337
-3124.2655608420
-3124.2655498926
-3124.2656840092
-3124.2653646833
-3124.2656278049
-3124.2656957602
-3124.2653772525
-3124.2654928650
-3124.2654375515
-3124.2654755871
-3124.2656342592
-3124.2657779395
-3124.2655811565
-3124.2656205490
-3124.2655221250
-3124.2654937848
-3124.2655960469
-3124.2655049090
-3124.2655702213
-3124.2656190960
-3124.2656069156
-3124.2655169762
-3124.2655114631
-3124.2654809955
-3124.2655785458
-3124.2655192091
-3124.2655778986
-3124.2655836736
-3124.2655632004
-3124.2656899519
-3124.2656398507
-3124.2655050089
-3124.2655762249
-3124.2655647592
-3124.2656402049
-3124.2655930989
-3124.2655654670
-3124.2656606969
-3124.2655759129
-3124.2656363358
-3124.2655678871
-3124.2655345082
-3124.2655626088
-3124.2656312064
-3124.2657149013
-3124.2656191484
-3124.2655394491
-3124.2655560819
-3124.2656125640
-3124.2656229556
-3124.2654755931
-3124.2654591748
-3124.2654899993
-3124.2656141817
-3124.2655103611
-3124.2655527679
-3124.2654140412
-3124.2655410936
-3124.2654709216
-3124.2654846189
-3124.2656063155
-3124.2655253067
-3124.2654811213
-3124.2655913507
-3124.2653155383
-3124.2656017166
-3124.2656223476
-3124.2656521988
-3124.2655190557
-3124.2656130768
-3124.2655738984
-3124.2656099116
-3124.2656627269
-3124.2655806534
-3124.2656580409
-3124.2656439788
-3124.2656860160
-3124.2656356136
-3124.2655863087
-3124.2655990113
-3124.2656212242
-3124.2654816057
-3124.2655349628
-3124.2655291326
-3124.2655876602
-3124.2654820122
-3124.2657801541
-3124.2656269524
-3124.2655876567
-3124.2655443492
-3124.2655516996
-3124.2655550253
-3124.2655468009
-3124.2656382938
-3124.2655789152
-3124.2654607922
-3124.2656890155
-3124.2655655148
-3124.2655766843
-3124.2655523128
-3124.2656591504
-3124.2654074229
-3124.2656435312
-3124.2656137034
-3124.2655299399
-3124.2653988402
-3124.2655829499
-3124.2654806242
-3124.2654640570
-3124.2654626041
-3124.2656315314
-3124.2656805144
-3124.2656655781
-3124.2654711960
-3124.2656162400
-3124.2656044705
-3124.2655635129
-3124.2656065289
-3124.2655653932
-3124.2656024297
-3124.2656336778
-3124.2655932161
-3124.2655705061
-3124.2655544974
-3124.2656254745
-3124.2655889812
-3124.2654936195
-3124.2657083602
-3124.2655977503
-3124.2655248087
-3124.2656165911
-3124.2656953849
-3124.2654842093
-3124.2654732722
-3124.2655403326
-3124.2656738731
-3124.2656323888
-3124.2655250889
-3124.2655436709
-3124.2655953374
-3124.2653875432
-3124.2656101335
-3124.2654504658
-3124.2655972472
-3124.2656981005
-3124.2655387533
-3124.2654023501
-3124.2655609564
-3124.2654080676
-3124.2653563561
-3124.2656173910
-3124.2655888357
-3124.2656975622
-3124.2654596593
-3124.2656312194
-3124.2655286993
-3124.2656679244
-3124.2656733760
-3124.2656604809
-3124.2655401777
-3124.2656227971
-3124.2654900813
-3124.2657019220
-3124.2655874921
-3124.2655403110
-3124.2655965707
-3124.2656012265
-3124.2655800521
-3124.2655332572
-3124.2653339679
-3124.2656596446
-3124.2655406083
-3124.2655476840
-3124.2654411850
-3124.2657018656
-3124.2655250337
-3124.2656415896
-3124.2655307685
-3124.2656289019
-3124.2653990551
-3124.2655157788
-3124.2656503405
-3124.2653281283
-3124.2655904775
-3124.2656436561
-3124.2654657759
-3124.2654479001
-3124.2656491876
-3124.2654751956
-3124.2656071427
-3124.2656549600
-3124.2654731540
-3124.2655000147
-3124.2656409251
-3124.2656728857
-3124.2655317547
-3124.2656246082
-3124.2656105486
-3124.2655089389
-3124.2655898917
-3124.2655328598
-3124.2655390435
-3124.2655743180
-3124.2656182067
-3124.2655582456
-3124.2654634027
-3124.2656538759
-3124.2655624935
-3124.2654985425
-3124.2655556622
-3124.2656146227
-3124.2654850736
-3124.2655314281
-3124.2656682662
-3124.2656206659
-3124.2656420592
-3124.2654034959
-3124.2655018420
-3124.2655033753
-3124.2655333014
-3124.2656148677
-3124.2657528510
-3124.2656500532
-3124.2656787244
-3124.2656051711
-3124.2654205104
-3124.2654294059
-3124.2654674528
-3124.2656159919
-3124.2655091949
-3124.2656471697
-3124.2653976234
-3124.2654899556
-3124.2655590855
-3124.2656442671
-3124.2655467733
-3124.2654015477
-3124.2654637985
-3124.2655432982
-3124.2653894599
-3124.2656615508
-3124.2655486938
-3124.2655352476
-3124.2656443582
-3124.2655642372
-3124.2655041338
-3124.2655879767
-3124.2655269909
-3124.2655520328
-3124.2655235527
-3124.2655544358
-3124.2655843340
-3124.2655565617
-3124.2654266800
-3124.2655585754
-3124.2655589171
-3124.2656731530
-3124.2655475044
-3124.2655829331
-3124.2655179285
-3124.2655314832
-3124.2656015836
-3124.2655956507
-3124.2656255366
-3124.2655691411
-3124.2657796267
-3124.2656301800
-3124.2655840069
-3124.2655640377
-3124.2655615916
-3124.2655269835
-3124.2657806116
-3124.2655757582
-3124.2654734842
-3124.2654137452
-3124.2656674297
-3124.2656692435
-3124.2656199814
-3124.2655615157
-3124.2655106220
-3124.2654357501
-3124.2655195419
-3124.2655573229
-3124.2655554342
-3124.2655412447
-3124.2656559651
-3124.2655426602
-3124.2656593774
-3124.2656399787
-3124.2655233864
-3124.2654520174
-3124.2656827376
-3124.2654001023
-3124.2655671174
-3124.2656346623
-3124.2655436697
-3124.2656006717
-3124.2654183831
-3124.2656222726
-3124.2655956253
-3124.2656105419
-3124.2655959059
-3124.2655900268
-3124.2655251438
-3124.2657749770
-3124.2655270415
-3124.2655158900
-3124.2655360812
-3124.2655348769
-3124.2657726978
-3124.2656203792
-3124.2656505266
-3124.2656334069
-3124.2654823398
-3124.2655027524
-3124.2655321577
-3124.2656172222
-3124.2655087190
-3124.2655516956
-3124.2656356088
-3124.2655139353
-3124.2656172775
-3124.2657271445
-3124.2654982756
-3124.2655450033
-3124.2656526066
-3124.2654329844
-3124.2656085768
-3124.2657436388
-3124.2655253794
-3124.2654897136
-3124.2655887829
-3124.2655198886
-3124.2656579515
-3124.2654887209
-3124.2655781245
-3124.2655643861
-3124.2656046333
-3124.2655388130
-3124.2655314073
-3124.2656111541
-3124.2655690721
-3124.2655437315
-3124.2656622705
-3124.2657256537
-3124.2656398401
-3124.2656947806
-3124.2657687638
-3124.2655580218
-3124.2655588791
-3124.2656321464
-3124.2655326484
-3124.2655288967
-3124.2655458430
-3124.2655900356
-3124.2657704357
-3124.2655056828
-3124.2656384677
-3124.2654186142
-3124.2656020103
-3124.2654873272
-3124.2655149415
-3124.2655688857
-3124.2656343879
-3124.2655161003
-3124.2654888518
-3124.2655972343
-3124.2654388218
-3124.2655282945
-3124.2655167365
-3124.2655521694
-3124.2656224344
-3124.2653959824
-3124.2654942918
-3124.2655823543
-3124.2654797395
-3124.2656761233
-3124.2656519455
-3124.2655785916
-3124.2655553774
-3124.2655951558
-3124.2655292118
-3124.2654536126
-3124.2656443444
-3124.2654105824
-3124.2655763634
-3124.2656362733
-3124.2656624952
-3124.2654354765
-3124.2655522106
-3124.2656084590
-3124.2655680972
-3124.2656095488
-3124.2654732266
-3124.2655615510
-3124.2655511780
-3124.2656508018
-3124.2654286892
-3124.2656078228
-3124.2656187194
-3124.2655442376
-3124.2656108687
-3124.2654814746
-3124.2654672878
-3124.2653883894
-3124.2655160440
-3124.2654368797
-3124.2655520596
-3124.2655906868
-3124.2655442788
-3124.2656350487
-3124.2656513722
-3124.2654320246
-3124.2654977212
-3124.2655757846
-3124.2655220960
-3124.2655336450
-3124.2657024643
-3124.2655425450
-3124.2654648549
-3124.2655676594
-3124.2655363207
-3124.2655116208
-3124.2654811616
-3124.2655964960
-3124.2655673841
-3124.2656634580
-3124.2655479054
-3124.2656321834
-3124.2654101823
-3124.2655948627
-3124.2656534185
-3124.2655817664
-3124.2655117152
-3124.2654553836
-3124.2656220393
-3124.2656080063
-3124.2657689539
-3124.2656320769
-3124.2656694969
-3124.2655936481
-3124.2655870514
-3124.2656477045
-3124.2656397442
-3124.2655725896
-3124.2655912798
-3124.2655475022
-3124.2657786654
-3124.2656310304
-3124.2656014753
-3124.2656359480
-3124.2654705697
-3124.2655022628
-3124.2656637506
-3124.2656598543
-3124.2656218534
-3124.2656628456
-3124.2655834889
-3124.2655935205
-3124.2656652466
-3124.2656830670
-3124.2655123134
-3124.2655799949
-3124.2656073909
-3124.2656818549
-3124.2654875820
-3124.2656152546
-3124.2657760344
-3124.2656114555
-3124.2656050209
-3124.2656026881
-3124.2655491880
-3124.2655817216
-3124.2654775175
-3124.2656774926
-3124.2655554351
-3124.2656181582
-3124.2655507568
-3124.2654664486
-3124.2655405105
-3124.2655395606
-3124.2655502619
-3124.2655682261
-3124.2655048411
-3124.2656362569
-3124.2655003512
-3124.2655898352
-3124.2656097314
-3124.2654707488
-3124.2656203378
-3124.2656421116
-3124.2655901929
-3124.2655394697
-3124.2655138012
-3124.2654542119
-3124.2656346705
-3124.2655490954
-3124.2655136836
-3124.2655552362
-3124.2654461856
-3124.2655373295
-3124.2654783732
-3124.2655221242
-3124.2656180349
-3124.2655014931
-3124.2654011322
-3124.2655176564
-3124.2655631651
-3124.2655464380
-3124.2656410247
-3124.2654911008
-3124.2655808810
-3124.2656314150
-3124.2654914678
-3124.2655644062
-3124.2655627438
-3124.2655252943
-3124.2656493134
-3124.2654714252
-3124.2654231257
-3124.2655473092
-3124.2656172966
-3124.2655243352
-3124.2654841138
-3124.2654692169
-3124.2654278616
-3124.2656245207
-3124.2655798822
-3124.2656018697
-3124.2656056563
-3124.2657324842
-3124.2656214259
-3124.2654638735
-3124.2655351036
-3124.2655968404
-3124.2655604296
-3124.2656176114
-3124.2655948940
-3124.2655810692
-3124.2655911841
-3124.2655217966
-3124.2656284858
-3124.2657750457
-3124.2655006220
-3124.2655798698
-3124.2655860686
-3124.2656555021
-3124.2656240699
-3124.2656989234
-3124.2654686763
-3124.2655885626
-3124.2655629320
-3124.2654965981
-3124.2654951410
-3124.2655943010
-3124.2655360422
-3124.2655677055
-3124.2656689840
-3124.2654464565
-3124.2655276229
-3124.2655750628
-3124.2655194290
-3124.2655363852
-3124.2655237212
-3124.2654507812
-3124.2655661472
-3124.2655769914
-3124.2654930691
-3124.2654465707
-3124.2654960611
-3124.2656198039
-3124.2654187039
-3124.2654652808
-3124.2654984077
-3124.2656631184
-3124.2655840048
-3124.2654277943
-3124.2657798157
-3124.2656303974
-3124.2655062332
-3124.2655984133
-3124.2656804741
-3124.2653934718
-3124.2655855858
-3124.2655645428
-3124.2655833532
-3124.2655804576
-3124.2655718803
-3124.2655394005
-3124.2655151860
-3124.2655840841
-3124.2656597843
-3124.2655689499
-3124.2655800828
-3124.2656057897
-3124.2655473701
-3124.2657479219
-3124.2655269079
-3124.2655200192
-3124.2654553171
-3124.2656319383
-3124.2655516152
-3124.2655505637
-3124.2655687664
-3124.2656068194
-3124.2656485664
-3124.2656361131
-3124.2655431203
-3124.2655352996
-3124.2655573204
-3124.2654907256
-3124.2655727728
-3124.2656400193
-3124.2657146730
-3124.2654181122
-3124.2655158014
-3124.2656650517
-3124.2656055443
-3124.2655777102
-3124.2655775054
-3124.2655950677
-3124.2656630809
-3124.2654977751
-3124.2654784324
-3124.2656160039
-3124.2655844158
-3124.2654998675
-3124.2657683857
-3124.2656062567
-3124.2655481381
-3124.2656112072
-3124.2656361151
-3124.2654588994
-3124.2655874659
-3124.2655070661
-3124.2657725310
-3124.2656217786
-3124.2654835015
-3124.2655272898
-3124.2654196393
-3124.2654831491
-3124.2654266985
-3124.2656237798
-3124.2657677111
-3124.2657056503
-3124.2655555967
-3124.2656094098
-3124.2654365086
-3124.2655119701
-3124.2656764084
-3124.2654765443
-3124.2656741810
-3124.2654780004
-3124.2655322045
-3124.2655748597
-3124.2656150098
-3124.2657140458
-3124.2656119072
-3124.2654370498
-3124.2655296179
-3124.2654663511
-3124.2656121207
-3124.2655620379
-3124.2656217332
-3124.2655117514
-3124.2655392823
-3124.2655451709
-3124.2655707304
-3124.2656186557
-3124.2654947931
-3124.2654884901
-3124.2655708167
-3124.2655842211
-3124.2656288635
-3124.2655736403
-3124.2655753889
-3124.2655427852
-3124.2655848702
-3124.2654188211
-3124.2653339041
-3124.2655384865
-3124.2654817451
-3124.2656056562
-3124.2656133310
-3124.2654380723
-3124.2656702720
-3124.2655476633
-3124.2655689264
-3124.2654659807
-3124.2656347724
-3124.2657761059
-3124.2656495672
-3124.2655753598
-3124.2656352488
-3124.2655812951
-3124.2654604055
-3124.2655970083
-3124.2655773754
-3124.2655330218
-3124.2655054061
-3124.2653916224
-3124.2656718042
-3124.2655515101
-3124.2656299300
-3124.2657209602
-3124.2656148231
-3124.2656398727
-3124.2657300690
-3124.2654645913
-3124.2655952784
-3124.2655411366
-3124.2654915033
-3124.2656411318
-3124.2654993332
-3124.2656371542
-3124.2656411962
-3124.2655444771
-3124.2655071760
-3124.2656758472
-3124.2656894427
-3124.2655664486
-3124.2655326572
-3124.2656418592
-3124.2654903585
-3124.2656365935
-3124.2656380059
-3124.2656817740
-3124.2656470236
-3124.2654689945
-3124.2655028876
-3124.2655492076
-3124.2654873508
-3124.2656716914
-3124.2655345000
-3124.2655443097
-3124.2655353519
-3124.2655339614
-3124.2655366849
-3124.2654090011
-3124.2655926142
-3124.2657060493
-3124.2656918307
-3124.2655789705
-3124.2655019835
-3124.2655205947
-3124.2655428268
-3124.2656264257
-3124.2655909500
-3124.2657768838
-3124.2655759989
-3124.2654182952
-3124.2653909214
-3124.2656568763
-3124.2655018653
-3124.2655636259
-3124.2656306160
-3124.2655626019
-3124.2655990128
-3124.2655128342
-3124.2656797137
-3124.2655657688
-3124.2655874288
-3124.2656209876
-3124.2656531940
-3124.2656006352
-3124.2655352809
-3124.2657778001
-3124.2655473849
-3124.2655765695
-3124.2655947250
-3124.2656790533
-3124.2655384629
-3124.2655185277
-3124.2655907179
-3124.2656688636
-3124.2656019791
-3124.2657774488
-3124.2656775253
-3124.2655315222
-3124.2655322441
-3124.2656790715
-3124.2656034252
-3124.2656207927
-3124.2656183907
-3124.2654699242
-3124.2656116642
-3124.2654811402
-3124.2655074586
-3124.2656204271
-3124.2656446026
-3124.2655598294
-3124.2654798785
-3124.2655569757
-3124.2656577199
-3124.2655445278
-3124.2655788197
-3124.2654468372
-3124.2655831415
-3124.2656431257
-3124.2655293306
-3124.2655846289
-3124.2655882007
-3124.2655413498
-3124.2655454433
-3124.2654648999
-3124.2655275405
-3124.2656326312
-3124.2657668643
-3124.2654635883
-3124.2656027190
-3124.2656100314
-3124.2656111660
-3124.2655533814
-3124.2654544184
-3124.2656304140
-3124.2656178920
-3124.2655629891
-3124.2654099650
-3124.2656294975
-3124.2656685876
-3124.2655878196
-3124.2654693187
-3124.2655798170
-3124.2656806682
-3124.2655457263
-3124.2654834029
-3124.2655528289
-3124.2655392934
-3124.2655522770
-3124.2655476584
-3124.2654217475
-3124.2655737380
-3124.2654540804
-3124.2656608658
-3124.2657770687
-3124.2654657576
-3124.2656211263
-3124.2656416514
-3124.2655939012
-3124.2655668437
-3124.2655649598
-3124.2656096182
-3124.2656691588
-3124.2655463190
-3124.2655439146
-3124.2656046298
-3124.2655435605
-3124.2654943684
-3124.2655059800
-3124.2655842789
-3124.2655418472
-3124.2655917989
-3124.2654856707
-3124.2656442163
-3124.2654791799
-3124.2655896736
-3124.2655866683
-3124.2655580916
-3124.2655256199
-3124.2654548255
-3124.2655507572
-3124.2656588289
-3124.2655971015
-3124.2656274863
-3124.2655731613
-3124.2655035375
-3124.2656021910
-3124.2654879626
-3124.2655264215
-3124.2655485600
-3124.2655763444
-3124.2655919118
-3124.2656319472
-3124.2654222715
-3124.2656396061
-3124.2654368695
-3124.2657261051
-3124.2656718106
-3124.2655129805
-3124.2656880671
-3124.2656388467
-3124.2656208108
-3124.2657748967
-3124.2655483655
-3124.2655677744
-3124.2655075042
-3124.2655874255
-3124.2655734193
-3124.2656100993
-3124.2655250721
-3124.2654537169
-3124.2656019925
-3124.2656581364
-3124.2654735030
-3124.2655853173
-3124.2656172125
-3124.2653505079
-3124.2655395135
-3124.2655292360
-3124.2657234211
-3124.2652904826
-3124.2656535056
-3124.2655129762
-3124.2655650407
-3124.2655621625
-3124.2655628662
-3124.2656818794
-3124.2656546824
-3124.2656004993
-3124.2655394304
-3124.2656991911
-3124.2656026852
-3124.2657070549
-3124.2655533980
-3124.2656803031
-3124.2654001201
-3124.2656288391
-3124.2656250474
-3124.2656374509
-3124.2655701818
-3124.2656688486
-3124.2655679584
-3124.2655300567
-3124.2655527993
-3124.2655451160
-3124.2655873538
-3124.2654712357
-3124.2656507473
-3124.2654126972
-3124.2656492007
-3124.2655803603
-3124.2655684337
-3124.2657298771
-3124.2656336780
-3124.2655003457
-3124.2657702158
