-15801.7167988308
-15801.7170111099
-15801.7167763924
-15801.7161880825
-15801.7171126608
-15801.7166114547
-15801.7174725752
-15801.7174695539
-15801.7174828674
-15801.7175307663
-15801.7174323709
-15801.7174183588
-15801.7174820133
-15801.7174593270
-15801.7174241698
-15801.7174347883
-15801.7174557476
-15801.7174317046
-15801.7174443184
-15801.7174455714
-15801.7174222332
-15801.7174304086
-15801.7174294890
-15801.7174753981
-15801.7174386865
-15801.7175543750
-15801.7174216165
-15801.7154993262
-15801.7169237509
-15801.7165943383
-15801.7172104385
-15801.7155124507
-15801.7162113441
-15801.7154854199
-15801.7170199754
-15801.7169722518
-15801.7170726773
-15801.7164294766
-15801.7174839002
-15801.7164106098
-15801.7162458291
-15801.7157852534
-15801.7173889955
-15801.7167917572
-15801.7163295459
-15801.7166643400
-15801.7157134330
-15801.7167299272
-15801.7157499500
-15801.7163867944
-15801.7127701836
-15801.7164016328
-15801.7162076253
-15801.7169385820
-15801.7174314084
-15801.7174262357
-15801.7175113570
-15801.7173967280
-15801.7174299879
-15801.7174483441
-15801.7174115998
-15801.7174286064
-15801.7174773288
-15801.7174566495
-15801.7174428996
-15801.7174539680
-15801.7174295899
-15801.7174003921
-15801.7173963415
-15801.7175214026
-15801.7174436932
-15801.7175034700
-15801.7174373950
-15801.7174597605
-15801.7174078952
-15801.7174304469
-15801.7175167558
-15801.7174923678
-15801.7174427667
-15801.7174431763
-15801.7174721885
-15801.7174411608
-15801.7174450334
-15801.7174148628
-15801.7174394908
-15801.7174498538
-15801.7174432596
-15801.7174435885
-15801.7175225615
-15801.7174503924
-15801.7174127645
-15801.7174309329
-15801.7174246772
-15801.7174421894
-15801.7174322456
-15801.7174658243
-15801.7174679266
-15801.7175539977
-15801.7174621998
-15801.7168907457
-15801.7171025270
-15801.7169821147
-15801.7168888511
-15801.7167409582
-15801.7169589138
-15801.7170749084
-15801.7170131556
-15801.7170093424
-15801.7169392867
-15801.7171564071
-15801.7169032875
-15801.7168801552
-15801.7170302086
-15801.7169307622
-15801.7169220870
-15801.7168101484
-15801.7169863467
-15801.7169754250
-15801.7170178901
-15801.7164865916
-15801.7169057931
-15801.7174244747
-15801.7160142681
-15801.7156678056
-15801.7149913033
-15801.7149657038
-15801.7154775335
-15801.7168837649
-15801.7159028627
-15801.7157014990
-15801.7154684378
-15801.7159246240
-15801.7128026281
-15801.7148551989
-15801.7169473430
-15801.7140969760
-15801.7161363958
-15801.7151807205
-15801.7157653696
-15801.7155028600
-15801.7170825752
-15801.7148702190
-15801.7151912080
-15801.7148477887
-15801.7158093433
-15801.7153487061
-15801.7148332904
-15801.7166594595
-15801.7155014931
-15801.7155559073
-15801.7168899916
-15801.7168609536
-15801.7168473138
-15801.7168949286
-15801.7167581768
-15801.7168926724
-15801.7169928586
-15801.7169160057
-15801.7169169137
-15801.7169314999
-15801.7168903297
-15801.7169531845
-15801.7167634321
-15801.7171006215
-15801.7168015875
-15801.7169197225
-15801.7169456538
-15801.7171581699
-15801.7167948028
-15801.7171245957
-15801.7169786783
-15801.7169022753
-15801.7174819997
-15801.7170476521
-15801.7167103534
-15801.7170069644
-15801.7170209359
-15801.7169559545
-15801.7169417519
-15801.7166963988
-15801.7170240138
-15801.7169189037
-15801.7170923106
-15801.7167914730
-15801.7171312159
-15801.7169288814
-15801.7171662301
-15801.7168177130
-15801.7167620860
-15801.7167372396
-15801.7166948439
-15801.7169876998
-15801.7168151017
-15801.7169137619
-15801.7167123471
-15801.7169499197
-15801.7168256527
-15801.7174831781
-15801.7169472254
-15801.7168247466
-15801.7169679294
-15801.7169088008
-15801.7169243549
-15801.7174777892
-15801.7167148039
-15801.7169579328
-15801.7165234497
-15801.7169941825
-15801.7169448894
-15801.7169426206
-15801.7168349942
-15801.7169311357
-15801.7170167830
-15801.7169373539
-15801.7169682016
-15801.7168346930
-15801.7165675360
-15801.7170244888
-15801.7168957069
-15801.7169522004
-15801.7170023344
-15801.7170926635
-15801.7169829562
-15801.7169357246
-15801.7171283113
-15801.7168932368
-15801.7169653619
-15801.7166816728
-15801.7167966742
-15801.7169717367
-15801.7168045681
-15801.7169952847
-15801.7170106946
-15801.7169999277
-15801.7169170742
-15801.7171035571
-15801.7168961204
-15801.7168857889
-15801.7170386124
-15801.7169828382
-15801.7168269603
-15801.7169306382
-15801.7169690175
-15801.7170120173
-15801.7168792236
-15801.7174056527
-15801.7167066422
-15801.7169951432
-15801.7169673019
-15801.7170826491
-15801.7168160208
-15801.7171072485
-15801.7168726620
-15801.7169495757
-15801.7168976160
-15801.7168451515
-15801.7167249743
-15801.7170219721
-15801.7169120447
-15801.7170191249
-15801.7172633588
-15801.7169487166
-15801.7168994809
-15801.7170151076
-15801.7169341124
-15801.7170232724
-15801.7170292678
-15801.7168413540
-15801.7170333531
-15801.7167565844
-15801.7169101077
-15801.7167375533
-15801.7170249253
-15801.7171055942
-15801.7167940859
-15801.7174801119
-15801.7169000084
-15801.7167186216
-15801.7171707429
-15801.7169050268
-15801.7169404699
-15801.7170885324
-15801.7169255141
-15801.7168397312
-15801.7169879547
-15801.7169445341
-15801.7170047158
-15801.7164383788
-15801.7168291891
-15801.7169301624
-15801.7168893692
-15801.7169039132
-15801.7170261371
-15801.7167423549
-15801.7169192772
-15801.7169818121
-15801.7169871622
-15801.7169289282
-15801.7169666646
-15801.7170264891
-15801.7169619501
-15801.7168396997
-15801.7167787846
-15801.7169002956
-15801.7171191386
-15801.7170537401
-15801.7169283936
-15801.7170198468
-15801.7166942081
-15801.7168882307
-15801.7169417464
-15801.7169620665
-15801.7169080584
-15801.7170358902
-15801.7170283103
-15801.7170314793
-15801.7167861573
-15801.7169524578
-15801.7168703819
-15801.7168358728
-15801.7168433155
-15801.7168068816
-15801.7167487572
-15801.7169045264
-15801.7169888212
-15801.7168866298
-15801.7168465711
-15801.7169086097
-15801.7169852151
-15801.7169207026
-15801.7169570292
-15801.7170905454
-15801.7167376214
-15801.7169452736
-15801.7170171026
-15801.7169287657
-15801.7165818375
-15801.7168973578
-15801.7170243808
-15801.7169412204
-15801.7169251948
-15801.7168721423
-15801.7171660876
-15801.7167845786
-15801.7168972368
-15801.7169564292
-15801.7169340228
-15801.7169588432
-15801.7172109663
-15801.7170952432
-15801.7173153136
-15801.7168916925
-15801.7168958679
-15801.7170840651
-15801.7166137349
-15801.7169611913
-15801.7168021456
-15801.7169398131
-15801.7169677243
-15801.7170164596
-15801.7170690655
-15801.7168667898
-15801.7168520408
-15801.7168948691
-15801.7174825515
-15801.7169568105
-15801.7170872467
-15801.7168190561
-15801.7171351049
-15801.7169617814
-15801.7167130024
-15801.7169518183
-15801.7170195485
-15801.7169576920
-15801.7169773129
-15801.7169814349
-15801.7169053493
-15801.7168294022
-15801.7169387411
-15801.7165836306
-15801.7168385732
-15801.7169491004
-15801.7168194255
-15801.7169309187
-15801.7169421679
-15801.7169620106
-15801.7170387740
-15801.7169201090
-15801.7168890196
-15801.7170078428
-15801.7169622405
-15801.7168846626
-15801.7170215102
-15801.7169329953
-15801.7168492518
-15801.7169312179
-15801.7168743916
-15801.7169279330
-15801.7169591996
-15801.7169135108
-15801.7169657402
-15801.7169790420
-15801.7169649696
-15801.7168251581
-15801.7169478781
-15801.7174827175
-15801.7167296663
-15801.7169845683
-15801.7168875644
-15801.7170407917
-15801.7169726039
-15801.7169139987
-15801.7169716999
-15801.7171169448
-15801.7170193447
-15801.7170270560
-15801.7168796378
-15801.7169954471
-15801.7169892558
-15801.7170365344
-15801.7169529445
-15801.7168977188
-15801.7168762446
-15801.7169874145
-15801.7168403347
-15801.7171422710
-15801.7170740924
-15801.7169521586
-15801.7169492222
-15801.7169955460
-15801.7169160415
-15801.7168385430
-15801.7169697086
-15801.7169943809
-15801.7169140941
-15801.7169677663
-15801.7169899889
-15801.7168607093
-15801.7168962436
-15801.7170141241
-15801.7169088675
-15801.7169334712
-15801.7168737303
-15801.7167597744
-15801.7169166201
-15801.7169271419
-15801.7170632707
-15801.7169188286
-15801.7168433445
-15801.7169682494
-15801.7170359311
-15801.7170266043
-15801.7168810541
-15801.7169726468
-15801.7168950758
-15801.7170942030
-15801.7169302805
-15801.7169741555
-15801.7169722756
-15801.7169721599
-15801.7166519685
-15801.7169694217
-15801.7167544037
-15801.7170207869
-15801.7169611095
-15801.7168174290
-15801.7168902135
-15801.7168965459
-15801.7168205483
-15801.7168799267
-15801.7168847305
-15801.7171474877
-15801.7169640488
-15801.7168745830
-15801.7170381868
-15801.7168129361
-15801.7168850645
-15801.7175519344
-15801.7169623688
-15801.7169432328
-15801.7169701252
-15801.7169656597
-15801.7169584678
-15801.7170650031
-15801.7170559696
-15801.7168767349
-15801.7166593512
-15801.7170125696
-15801.7172723740
-15801.7168535281
-15801.7169343557
-15801.7169030864
-15801.7167321188
-15801.7169583107
-15801.7169513875
-15801.7169127763
-15801.7170158486
-15801.7170211708
-15801.7170058568
-15801.7170449536
-15801.7170079356
-15801.7169407882
-15801.7171463702
-15801.7169394827
-15801.7172402952
-15801.7168459570
-15801.7167801768
-15801.7169815187
-15801.7170049179
-15801.7167091433
-15801.7169246557
-15801.7167509253
-15801.7169805296
-15801.7167740304
-15801.7169309869
-15801.7169087926
-15801.7168549956
-15801.7168790704
-15801.7169310680
-15801.7169435202
-15801.7169388968
-15801.7169235169
-15801.7168820977
-15801.7167705911
-15801.7169392807
-15801.7167624156
-15801.7167983904
-15801.7169701782
-15801.7169904379
-15801.7168868308
-15801.7169189558
-15801.7167971916
-15801.7169780067
-15801.7170040747
-15801.7168907540
-15801.7169826660
-15801.7170786132
-15801.7169210119
-15801.7170004106
-15801.7168948731
-15801.7174822843
-15801.7170913694
-15801.7167828906
-15801.7169612907
-15801.7169789023
-15801.7169168933
-15801.7169122062
-15801.7169091247
-15801.7167563435
-15801.7170871443
-15801.7171068822
-15801.7164805590
-15801.7169131060
-15801.7169279990
-15801.7170167916
-15801.7169146722
-15801.7166574370
-15801.7169322961
-15801.7168205541
-15801.7169110475
-15801.7166199437
-15801.7168301636
-15801.7170995726
-15801.7169491203
-15801.7168887584
-15801.7170685647
-15801.7169597375
-15801.7163206907
-15801.7169926893
-15801.7169077719
-15801.7170155855
-15801.7167071777
-15801.7168177192
-15801.7168559019
-15801.7167789589
-15801.7167810691
-15801.7169276972
-15801.7169358560
-15801.7171070692
-15801.7170490407
-15801.7169690186
-15801.7170181305
-15801.7169313649
-15801.7170891028
-15801.7169333546
-15801.7167668421
-15801.7169722479
-15801.7171271551
-15801.7169220288
-15801.7165538705
-15801.7165014082
-15801.7170041908
-15801.7169229444
-15801.7170232476
-15801.7167823839
-15801.7169224610
-15801.7169954292
-15801.7169978631
-15801.7168120238
-15801.7169868333
-15801.7170944423
-15801.7169116001
-15801.7168943682
-15801.7170149690
-15801.7169097265
-15801.7168943956
-15801.7170535511
-15801.7169973913
-15801.7170344058
-15801.7168887569
-15801.7169217781
-15801.7170683977
-15801.7167733941
-15801.7167975331
-15801.7169873432
-15801.7167922127
-15801.7167932143
-15801.7168897197
-15801.7171289609
-15801.7169590703
-15801.7172500125
-15801.7171538526
-15801.7169252487
-15801.7169294721
-15801.7167744049
-15801.7169535732
-15801.7169415367
-15801.7168371770
-15801.7168227376
-15801.7169391618
-15801.7168819868
-15801.7169053077
-15801.7169727042
-15801.7169998166
-15801.7169571161
-15801.7169632745
-15801.7172536525
-15801.7170156080
-15801.7170167556
-15801.7168080377
-15801.7169444150
-15801.7170904287
-15801.7168319981
-15801.7167020100
-15801.7171494175
-15801.7169950375
-15801.7169064535
-15801.7169935137
-15801.7171169417
-15801.7169894375
-15801.7170344846
-15801.7168316723
-15801.7169273480
-15801.7170250099
-15801.7174836395
-15801.7169565355
-15801.7168431289
-15801.7168201602
-15801.7168353804
-15801.7168903546
-15801.7169216428
-15801.7168900257
-15801.7169331349
-15801.7166795825
-15801.7167249088
-15801.7170317592
-15801.7170913319
-15801.7169127602
-15801.7167318746
-15801.7168340987
-15801.7170065447
-15801.7169702628
-15801.7169395777
-15801.7170940459
-15801.7170234057
-15801.7169852170
-15801.7168924963
-15801.7169151789
-15801.7170168399
-15801.7169970044
-15801.7169953970
-15801.7169546162
-15801.7168194328
-15801.7169588583
-15801.7169085552
-15801.7167130648
-15801.7165331256
-15801.7168543395
-15801.7168973134
-15801.7169592527
-15801.7170562374
-15801.7167232243
-15801.7170653359
-15801.7169072289
-15801.7169842824
-15801.7168264538
-15801.7169290057
-15801.7169129763
-15801.7167755554
-15801.7171417123
-15801.7169660698
-15801.7168870307
-15801.7169450250
-15801.7169094306
-15801.7169931058
-15801.7167360167
-15801.7170279698
-15801.7169884267
-15801.7169384211
-15801.7170301063
-15801.7168978759
-15801.7170438982
-15801.7169502227
-15801.7170241573
-15801.7168765426
-15801.7170192848
-15801.7168722822
-15801.7169332992
-15801.7170100261
-15801.7169488882
-15801.7169525914
-15801.7167763631
-15801.7175551361
-15801.7169673585
-15801.7170201441
-15801.7170669827
-15801.7169679842
-15801.7174785301
-15801.7170813260
-15801.7168990399
-15801.7169750065
-15801.7168711436
-15801.7169105845
-15801.7169067818
-15801.7168578853
-15801.7169498395
-15801.7169808922
-15801.7168620761
-15801.7169569323
-15801.7166978304
-15801.7168908041
-15801.7168945705
-15801.7169216725
-15801.7168289346
-15801.7167837365
-15801.7174785357
-15801.7167078280
-15801.7169627959
-15801.7169585477
-15801.7168269088
-15801.7169385355
-15801.7174370416
-15801.7169573702
-15801.7168921681
-15801.7169101539
-15801.7170215933
-15801.7168968722
-15801.7169932790
-15801.7171102573
-15801.7171522453
-15801.7169779260
-15801.7169248675
-15801.7169259288
-15801.7167207590
-15801.7170267509
-15801.7170290680
-15801.7169841852
-15801.7168029618
-15801.7169911127
-15801.7168956715
-15801.7171043848
-15801.7165665623
-15801.7174786265
-15801.7169903262
-15801.7169958451
-15801.7170177680
-15801.7171828939
-15801.7169031882
-15801.7168868106
-15801.7169528681
-15801.7166558217
-15801.7168432172
-15801.7170095485
-15801.7169548730
-15801.7169169002
-15801.7170268842
-15801.7169704136
-15801.7168761620
-15801.7169547833
-15801.7170008149
-15801.7169310684
-15801.7168035733
-15801.7169853207
-15801.7168918440
-15801.7169507547
-15801.7169390805
-15801.7169329526
-15801.7167078335
-15801.7169614448
-15801.7165578965
-15801.7169209378
-15801.7166928148
-15801.7168751991
-15801.7169009929
-15801.7169263980
-15801.7168023691
-15801.7168347213
-15801.7168206220
-15801.7166925382
-15801.7169176360
-15801.7169594478
-15801.7168932204
-15801.7169429983
-15801.7168025884
-15801.7169593114
-15801.7167621109
-15801.7169777673
-15801.7171387115
-15801.7170049527
-15801.7168737384
-15801.7174855383
-15801.7167332274
-15801.7169141604
-15801.7170367281
-15801.7170320717
-15801.7169834862
-15801.7169780922
-15801.7169147327
-15801.7169269920
-15801.7169624047
-15801.7169667636
-15801.7171176164
-15801.7169683684
-15801.7169915516
-15801.7169059562
-15801.7168460904
-15801.7169282760
-15801.7169808621
-15801.7167421664
-15801.7168371456
-15801.7168965455
-15801.7169125152
-15801.7169799304
-15801.7168080832
-15801.7169831476
-15801.7169263911
-15801.7169663143
-15801.7167500273
-15801.7168430588
-15801.7167716631
-15801.7169996259
-15801.7169130184
-15801.7169445034
-15801.7173500201
-15801.7166015062
-15801.7169665922
-15801.7169693256
-15801.7169522647
-15801.7169219615
-15801.7170283403
-15801.7170606808
-15801.7169029964
-15801.7168527004
-15801.7170901304
-15801.7171063447
-15801.7170065724
-15801.7170192411
-15801.7168237844
-15801.7169306374
-15801.7169150273
-15801.7167271621
-15801.7170168779
-15801.7169901223
-15801.7169278549
-15801.7164538727
-15801.7169330332
-15801.7171307019
-15801.7169461113
-15801.7167796433
-15801.7167702679
-15801.7170035785
-15801.7170180691
-15801.7169265985
-15801.7167986426
-15801.7169942807
-15801.7167773490
-15801.7169655982
-15801.7166168537
-15801.7169059671
-15801.7167012886
-15801.7169667617
-15801.7168376643
-15801.7169206078
-15801.7168269914
-15801.7170659605
-15801.7168879868
-15801.7174831669
-15801.7165418950
-15801.7171155854
-15801.7168947611
-15801.7169876574
-15801.7169955691
-15801.7169674746
-15801.7169586779
-15801.7168170655
-15801.7169023170
-15801.7170317659
-15801.7169300641
-15801.7175533858
-15801.7169261082
-15801.7168820398
-15801.7169479534
-15801.7167539882
-15801.7166492229
-15801.7170009609
-15801.7170112122
-15801.7169472334
-15801.7170396975
-15801.7170305934
-15801.7168035691
-15801.7170845672
-15801.7168922530
-15801.7168812536
-15801.7169452587
-15801.7169570998
-15801.7172188317
-15801.7168431566
-15801.7167277894
-15801.7169638888
-15801.7168503795
-15801.7169659685
-15801.7169151007
-15801.7170755333
-15801.7170096533
-15801.7174856139
-15801.7168253402
-15801.7169126277
-15801.7169699148
-15801.7168858045
-15801.7170036493
-15801.7169386528
-15801.7168886941
-15801.7169246855
-15801.7168176202
-15801.7169132943
-15801.7169381687
-15801.7169148790
-15801.7169906866
-15801.7166272386
-15801.7169857819
-15801.7168866026
-15801.7171081642
-15801.7169063374
-15801.7169632535
-15801.7169052459
-15801.7169934161
-15801.7169303294
-15801.7169787484
-15801.7169347744
-15801.7170172383
-15801.7169161707
-15801.7168803505
-15801.7169319993
-15801.7169879436
-15801.7167716644
-15801.7170135224
-15801.7168833746
-15801.7170268781
-15801.7168850992
-15801.7169292200
-15801.7168098651
-15801.7168180223
-15801.7168783914
-15801.7169970554
-15801.7170449795
-15801.7168190277
-15801.7169581315
-15801.7169868446
-15801.7170777043
-15801.7170366160
-15801.7169819066
-15801.7169083412
-15801.7169663576
-15801.7169026560
-15801.7171152854
-15801.7170642897
-15801.7169355816
-15801.7167251451
-15801.7169574646
-15801.7171041904
-15801.7170329849
-15801.7169872950
-15801.7167698081
-15801.7168733841
-15801.7169781934
-15801.7168983515
-15801.7171087290
-15801.7170298239
-15801.7172686435
-15801.7166854193
-15801.7169301333
-15801.7170077205
-15801.7169724524
-15801.7169222658
-15801.7171039781
-15801.7169366413
-15801.7168553868
-15801.7169673255
-15801.7167309222
-15801.7168951153
-15801.7169406062
-15801.7172314850
-15801.7169745950
-15801.7169600537
-15801.7171545357
-15801.7168199669
-15801.7171496363
-15801.7170040341
-15801.7168566221
-15801.7169219582
-15801.7167365882
-15801.7167406001
-15801.7167592239
-15801.7170215174
-15801.7169358752
-15801.7169335742
-15801.7166782018
-15801.7168978891
-15801.7169985376
-15801.7168814897
-15801.7169424801
-15801.7170152392
-15801.7170346525
-15801.7167836176
-15801.7169987510
-15801.7170186028
-15801.7169785312
-15801.7170318888
-15801.7169663681
-15801.7170303490
-15801.7169607309
-15801.7167418244
-15801.7168628025
-15801.7168714223
-15801.7174798189
-15801.7169508634
-15801.7168441032
-15801.7166775995
-15801.7174847543
-15801.7167347790
-15801.7168246134
-15801.7168055873
-15801.7169424611
-15801.7169678732
-15801.7168826446
-15801.7169896941
-15801.7169539836
-15801.7169787653
-15801.7169893175
-15801.7167781800
-15801.7168412060
-15801.7168164783
-15801.7169662056
-15801.7168921873
-15801.7168070330
-15801.7168383069
-15801.7169313543
-15801.7169336958
-15801.7169477169
-15801.7169161759
-15801.7170154579
-15801.7169649424
-15801.7170233757
-15801.7168992323
-15801.7169766364
-15801.7168801169
-15801.7171053779
-15801.7169641135
-15801.7169594920
-15801.7170009863
-15801.7169363544
-15801.7172951295
-15801.7171488261
-15801.7170604223
-15801.7175521861
-15801.7169480320
-15801.7166883918
-15801.7175553505
-15801.7169444635
-15801.7169494466
-15801.7169404261
-15801.7168792589
-15801.7169132769
-15801.7169452034
-15801.7170048324
-15801.7169054333
-15801.7169424055
-15801.7169402836
-15801.7166007228
-15801.7170481637
-15801.7168930608
-15801.7170273181
-15801.7169236278
-15801.7167942405
-15801.7169084263
-15801.7172312846
-15801.7168748448
-15801.7169832944
-15801.7169507690
-15801.7167140325
-15801.7170257496
-15801.7169448328
-15801.7167276067
-15801.7168637826
-15801.7167159087
-15801.7169876359
-15801.7169676995
-15801.7167315383
-15801.7169099986
-15801.7168997488
-15801.7168538787
-15801.7168986307
-15801.7168095230
-15801.7169651364
-15801.7168969511
-15801.7170362213
-15801.7169186522
-15801.7169690726
-15801.7170187940
-15801.7169934398
-15801.7168902092
-15801.7167834227
-15801.7168440729
-15801.7170274770
-15801.7168482188
-15801.7170076272
-15801.7168256167
-15801.7170299865
-15801.7167694386
-15801.7169572844
-15801.7167828209
-15801.7169591252
-15801.7171790620
-15801.7171992214
-15801.7169759783
-15801.7167705570
-15801.7168174683
-15801.7174813711
-15801.7170095198
-15801.7168779028
-15801.7168289357
-15801.7171831371
-15801.7169609053
-15801.7170141826
-15801.7169736425
-15801.7169266136
-15801.7167444269
-15801.7167269469
-15801.7169341370
-15801.7170115600
-15801.7174823965
-15801.7170175986
-15801.7169351933
-15801.7170223051
-15801.7169674206
-15801.7169587639
-15801.7169346250
-15801.7165067965
-15801.7168247525
-15801.7170281541
-15801.7169469508
-15801.7174815568
-15801.7169236754
-15801.7168777658
-15801.7170235644
-15801.7169140359
-15801.7170961074
-15801.7169721647
-15801.7169444028
-15801.7170832259
-15801.7169287366
-15801.7168793888
-15801.7169656637
-15801.7167129615
-15801.7168856844
-15801.7168403736
-15801.7168007310
-15801.7169810920
-15801.7170960840
-15801.7167068016
-15801.7168636542
-15801.7168562494
-15801.7170990387
-15801.7167336480
-15801.7165728582
-15801.7168763587
-15801.7168186669
-15801.7170513909
-15801.7169382795
-15801.7170758203
-15801.7170916659
-15801.7168019959
-15801.7169373374
-15801.7170291014
-15801.7168777101
-15801.7169695779
-15801.7168360009
-15801.7167729002
-15801.7168241073
-15801.7167872087
-15801.7170280903
-15801.7168952531
-15801.7168655987
-15801.7169785427
-15801.7170429549
-15801.7171837941
-15801.7168465238
-15801.7169170482
-15801.7170153840
-15801.7172168816
-15801.7169189398
-15801.7168757402
-15801.7169059734
-15801.7169529975
-15801.7168404120
-15801.7168755447
-15801.7165732848
-15801.7168463768
-15801.7170831536
-15801.7168197597
-15801.7169144762
-15801.7169672710
-15801.7170282271
-15801.7169193032
-15801.7169165714
-15801.7168717238
-15801.7170026130
-15801.7168915291
-15801.7170112624
-15801.7169718855
-15801.7169458620
-15801.7169296603
-15801.7166823759
-15801.7169712976
-15801.7169439257
-15801.7169619571
-15801.7168897426
-15801.7168079855
-15801.7170044867
-15801.7169400699
-15801.7168356275
-15801.7168741602
-15801.7169562357
-15801.7171123170
-15801.7169686448
-15801.7170218806
-15801.7170222788
-15801.7168861236
-15801.7169238265
-15801.7171550045
-15801.7167967336
-15801.7173549047
-15801.7168089789
-15801.7168093383
-15801.7170674543
-15801.7168344036
-15801.7167144944
-15801.7168801654
-15801.7169416154
-15801.7168776493
-15801.7167423556
-15801.7170120626
-15801.7168589024
-15801.7167495185
-15801.7170117112
-15801.7169741950
-15801.7168869198
-15801.7169960036
-15801.7169323349
-15801.7169112162
-15801.7169328012
-15801.7169739073
-15801.7168731957
-15801.7169382700
-15801.7170084039
-15801.7169739457
-15801.7169090125
-15801.7168831235
-15801.7170149100
-15801.7169277144
-15801.7168680041
-15801.7169171357
-15801.7170022023
-15801.7169410305
-15801.7172154164
-15801.7168955784
-15801.7169759509
-15801.7169519897
-15801.7166174560
-15801.7169538097
-15801.7168148896
-15801.7167797695
-15801.7169693850
-15801.7171590739
-15801.7168405699
-15801.7169430795
-15801.7174817788
-15801.7169454200
-15801.7169082641
-15801.7168459926
-15801.7168164039
-15801.7170611993
-15801.7169732423
-15801.7169383895
-15801.7166854485
-15801.7169678237
-15801.7168760304
-15801.7167458270
-15801.7168905317
-15801.7169517212
-15801.7172711922
-15801.7169592744
-15801.7168732279
-15801.7169973867
-15801.7166012365
-15801.7166914993
-15801.7169164703
-15801.7170200505
-15801.7167868386
-15801.7170120654
-15801.7167551375
-15801.7168013018
-15801.7165648605
-15801.7169752619
-15801.7169167930
-15801.7169757761
-15801.7167514840
-15801.7168932971
-15801.7171115666
-15801.7170019353
-15801.7167037251
-15801.7170033211
-15801.7167088407
-15801.7169317960
-15801.7174806447
-15801.7169411784
-15801.7168998868
-15801.7169471130
-15801.7169290996
-15801.7166337363
-15801.7170244237
-15801.7170694846
-15801.7168762039
-15801.7171036784
-15801.7168606388
-15801.7168096288
-15801.7166339975
-15801.7169388547
-15801.7169560754
-15801.7168577441
-15801.7168531940
-15801.7174822063
-15801.7168133717
-15801.7169428716
-15801.7167447348
-15801.7168949293
-15801.7174832498
-15801.7168968281
-15801.7171828670
-15801.7174844030
-15801.7171453998
-15801.7167545700
-15801.7169277802
-15801.7170058159
-15801.7166671529
-15801.7168867129
-15801.7168917177
-15801.7168918434
-15801.7169257860
-15801.7168961907
-15801.7168267764
-15801.7171116826
-15801.7169352610
-15801.7170699119
-15801.7168654012
-15801.7170334328
-15801.7171079026
-15801.7169655573
-15801.7169367421
-15801.7169648375
-15801.7168316676
-15801.7169842894
-15801.7167923666
-15801.7170333807
-15801.7169240551
-15801.7170030431
-15801.7169188245
-15801.7169714218
-15801.7168101136
-15801.7169168363
-15801.7168724575
-15801.7170279605
-15801.7168761600
-15801.7171130565
-15801.7170904134
-15801.7173476620
-15801.7170082120
-15801.7169585698
-15801.7169800698
-15801.7170638463
-15801.7168509178
-15801.7168601701
-15801.7169645997
-15801.7169112402
-15801.7167890586
-15801.7168711579
-15801.7165210215
-15801.7170289777
-15801.7168732473
-15801.7171057165
-15801.7170217776
-15801.7169295639
-15801.7169680535
-15801.7168445638
-15801.7169554869
-15801.7169293308
-15801.7169086971
-15801.7169016393
-15801.7171098796
-15801.7169527014
-15801.7167959239
-15801.7169151813
-15801.7170332480
-15801.7171165383
-15801.7168338008
-15801.7169139004
-15801.7168854816
-15801.7167081858
-15801.7169001780
-15801.7168806501
-15801.7170067485
-15801.7174801675
-15801.7169346065
-15801.7170148603
-15801.7168961115
-15801.7169692273
-15801.7169188982
-15801.7174823826
-15801.7169548846
-15801.7167447756
-15801.7167317902
-15801.7168484873
-15801.7169850290
-15801.7169247793
-15801.7168290230
-15801.7167922132
-15801.7168546827
-15801.7169065919
-15801.7169410600
-15801.7170897235
-15801.7173848250
-15801.7171440089
-15801.7174822426
-15801.7170075806
-15801.7169093479
-15801.7167721179
-15801.7169394263
-15801.7169426399
-15801.7172223692
-15801.7169594814
-15801.7169720429
-15801.7166152742
-15801.7167493307
-15801.7169801013
-15801.7169286777
-15801.7170771226
-15801.7170278817
-15801.7167650508
-15801.7168919750
-15801.7169903376
-15801.7169001738
-15801.7169045769
-15801.7169506038
-15801.7167172022
-15801.7169608472
-15801.7170051624
-15801.7169163925
-15801.7168724216
-15801.7170809187
-15801.7169371612
-15801.7168555273
-15801.7169290340
-15801.7169256379
-15801.7171020431
-15801.7167914013
-15801.7169295939
-15801.7169523165
-15801.7169591736
-15801.7175554393
-15801.7169104722
-15801.7168899103
-15801.7167061725
-15801.7171161671
-15801.7169498853
-15801.7169927546
-15801.7170229782
-15801.7168046524
-15801.7168306932
-15801.7170875055
-15801.7169518642
-15801.7168053441
-15801.7169472960
-15801.7167267695
-15801.7169419139
-15801.7168948653
-15801.7167394703
-15801.7167194892
-15801.7168805414
-15801.7169350763
-15801.7169705089
-15801.7169611109
-15801.7168240775
-15801.7167758800
-15801.7169901699
-15801.7170047439
-15801.7168546389
-15801.7168912977
-15801.7169772755
-15801.7168726242
-15801.7167624839
-15801.7168324519
-15801.7165771682
-15801.7168897332
-15801.7170081313
-15801.7169420550
-15801.7170271596
-15801.7169590617
-15801.7168972398
-15801.7171141148
-15801.7169570856
-15801.7171133714
-15801.7169122263
-15801.7169063893
-15801.7169852632
-15801.7172564886
-15801.7168516786
-15801.7166492916
-15801.7170165945
-15801.7169880259
-15801.7170331089
-15801.7170050880
-15801.7168782683
-15801.7168351989
-15801.7169435943
-15801.7169877477
-15801.7168939497
-15801.7172164178
-15801.7170508148
-15801.7169379706
-15801.7169769787
-15801.7169610517
-15801.7170148348
-15801.7173055557
-15801.7172582946
-15801.7172316676
-15801.7168448017
-15801.7168920005
-15801.7168049554
-15801.7169743295
-15801.7171998050
-15801.7167538216
-15801.7168465857
-15801.7169415489
-15801.7169311861
-15801.7172752815
-15801.7169386033
-15801.7174858968
-15801.7169686629
-15801.7170132154
-15801.7169323464
-15801.7169658518
-15801.7169777497
-15801.7169200274
-15801.7169315826
-15801.7169816011
-15801.7169950346
-15801.7170676713
-15801.7169948005
-15801.7167220752
-15801.7167705795
-15801.7168604121
-15801.7170038236
-15801.7167514175
-15801.7170690577
-15801.7168460908
-15801.7168157847
-15801.7170036742
-15801.7169536383
-15801.7166818029
-15801.7169402021
-15801.7174823000
-15801.7170314115
-15801.7167045067
-15801.7169388593
-15801.7169211126
-15801.7169877522
-15801.7169657548
-15801.7169582357
-15801.7171172487
-15801.7168021369
-15801.7169605223
-15801.7168735397
-15801.7169245668
-15801.7169462783
-15801.7168199311
-15801.7168505450
-15801.7169221856
-15801.7169175248
-15801.7168816194
-15801.7174804077
-15801.7168302946
-15801.7170280197
-15801.7168848623
-15801.7168793354
-15801.7170305582
-15801.7167639132
-15801.7168190364
-15801.7170230490
-15801.7169334188
-15801.7169851859
-15801.7169391513
-15801.7169953151
-15801.7170718224
-15801.7167754936
-15801.7169665641
-15801.7170264627
-15801.7169160067
-15801.7170755377
-15801.7168383657
-15801.7169893544
-15801.7168400018
-15801.7169228646
-15801.7169955535
-15801.7169525376
-15801.7168411364
-15801.7169532056
-15801.7168921327
-15801.7168750691
-15801.7168010581
-15801.7169704618
-15801.7170962577
-15801.7169579017
-15801.7169388206
-15801.7170289844
-15801.7170944707
-15801.7166677246
-15801.7170981997
-15801.7168548705
-15801.7169632196
-15801.7169958419
-15801.7169732857
-15801.7168266680
-15801.7169248378
-15801.7170268719
-15801.7171845136
-15801.7167707689
-15801.7171479724
-15801.7166617243
-15801.7170971660
-15801.7169044393
-15801.7167485943
-15801.7171019478
-15801.7169282615
-15801.7167535971
-15801.7170553452
-15801.7168338038
-15801.7169548171
-15801.7167783192
-15801.7169444058
-15801.7170644914
-15801.7172963201
-15801.7174817445
-15801.7168242326
-15801.7170618705
-15801.7166771665
-15801.7169995076
-15801.7169703897
-15801.7169464342
-15801.7169417492
-15801.7171196173
-15801.7169480719
-15801.7170212851
-15801.7168474518
-15801.7169969155
-15801.7169675024
-15801.7168261142
-15801.7169134342
-15801.7172656030
-15801.7168710520
-15801.7168736155
-15801.7170272927
-15801.7171694273
-15801.7167208923
-15801.7170394692
-15801.7169786829
-15801.7171195820
-15801.7168855380
-15801.7170497595
-15801.7167498415
-15801.7169582845
-15801.7170069178
-15801.7169797296
-15801.7168639453
-15801.7171371498
-15801.7168710295
-15801.7169623135
-15801.7167178827
-15801.7169133906
-15801.7169812942
-15801.7168889798
-15801.7168040437
-15801.7169483450
-15801.7170037462
-15801.7167696715
-15801.7170255452
-15801.7169996216
-15801.7169696469
-15801.7167328425
-15801.7169179923
-15801.7169472601
-15801.7172568938
-15801.7169754645
-15801.7169366110
-15801.7170249501
-15801.7171292618
-15801.7168991165
-15801.7170214098
-15801.7169204156
-15801.7170663098
-15801.7169108300
-15801.7170094262
-15801.7168867840
-15801.7168137097
-15801.7167980914
-15801.7168869815
-15801.7171072711
-15801.7168981224
-15801.7166812818
-15801.7170866511
-15801.7169566181
-15801.7171288531
-15801.7169710945
-15801.7170924210
-15801.7175530993
-15801.7169695589
-15801.7170537938
-15801.7167331801
-15801.7169931689
-15801.7168709393
-15801.7167431003
-15801.7167701476
-15801.7169794082
-15801.7167491007
-15801.7169895310
-15801.7167210309
-15801.7169821570
-15801.7168119156
-15801.7167198458
-15801.7169336542
-15801.7168710748
-15801.7168942698
-15801.7169282064
-15801.7168831927
-15801.7169378251
-15801.7169901455
-15801.7166760264
-15801.7168348591
-15801.7169019524
-15801.7170229735
-15801.7168715265
-15801.7167902940
-15801.7167937307
-15801.7169843243
-15801.7169946072
-15801.7168772908
-15801.7169530479
-15801.7170273636
-15801.7169393540
-15801.7169658969
-15801.7171564384
-15801.7170206580
-15801.7169187077
-15801.7169367441
-15801.7168014533
-15801.7168035385
-15801.7171335934
-15801.7170015538
-15801.7169379883
-15801.7169491932
-15801.7169942081
-15801.7167597103
-15801.7170243317
-15801.7168833792
-15801.7168491694
-15801.7170100811
-15801.7169205952
-15801.7169249573
-15801.7169079659
-15801.7170204359
-15801.7168484172
-15801.7166839645
-15801.7169335120
-15801.7168815831
-15801.7168790975
-15801.7168629144
-15801.7168320258
-15801.7171547807
-15801.7169621168
-15801.7169092985
-15801.7168723632
-15801.7169663208
-15801.7169828428
-15801.7168740824
-15801.7169889396
-15801.7169810660
-15801.7172076031
-15801.7169233260
-15801.7170066483
-15801.7170162614
-15801.7168942230
-15801.7168450110
-15801.7168300909
-15801.7170319725
-15801.7170208469
-15801.7171857443
-15801.7169342559
-15801.7170211951
-15801.7168047008
-15801.7169936048
-15801.7168334334
-15801.7171097940
-15801.7170129705
-15801.7171021740
-15801.7168396310
-15801.7170234200
-15801.7172001670
-15801.7167362353
-15801.7168882176
-15801.7170170477
-15801.7169183881
-15801.7169874332
-15801.7169619373
-15801.7165418485
-15801.7168484043
-15801.7169271229
-15801.7169331331
-15801.7169167803
-15801.7170245300
-15801.7170030727
-15801.7171046756
-15801.7169256472
-15801.7166978306
-15801.7167313426
-15801.7168827790
-15801.7169806885
-15801.7170144543
-15801.7168734139
-15801.7169006392
-15801.7168858431
-15801.7169656242
-15801.7168768688
-15801.7166544285
-15801.7167071632
-15801.7169694419
-15801.7168781853
-15801.7166688906
-15801.7171039721
-15801.7169143437
-15801.7168720946
-15801.7169981081
-15801.7170208145
-15801.7170069557
-15801.7170125472
-15801.7170026871
-15801.7168839588
-15801.7165881148
-15801.7169261865
-15801.7169929221
-15801.7168293440
-15801.7169516984
-15801.7169788258
-15801.7167997829
-15801.7171227532
-15801.7168442101
-15801.7168787046
-15801.7168844504
-15801.7171148918
-15801.7169693043
-15801.7169131225
-15801.7168799902
-15801.7169845023
-15801.7170975193
-15801.7170843190
-15801.7169720053
-15801.7167590827
-15801.7168990526
-15801.7170168249
-15801.7167003883
-15801.7169077990
-15801.7169099148
-15801.7169562243
-15801.7169636731
-15801.7170206981
-15801.7169517947
-15801.7168766171
-15801.7168885909
-15801.7169383898
-15801.7167759420
-15801.7168975138
-15801.7169029243
-15801.7169147742
-15801.7168785875
-15801.7169909593
-15801.7169358812
-15801.7169151070
-15801.7169231630
-15801.7169119811
-15801.7168997917
-15801.7168930460
-15801.7170138885
-15801.7169694960
-15801.7169277578
-15801.7169219806
-15801.7168834969
-15801.7167824166
-15801.7166765162
-15801.7168809283
-15801.7169240241
-15801.7170196391
-15801.7169830192
-15801.7170346395
-15801.7172588668
-15801.7169628049
-15801.7166692858
-15801.7168288472
-15801.7169935371
-15801.7170238326
-15801.7168147128
-15801.7168624687
-15801.7167014989
-15801.7169791815
-15801.7169349203
-15801.7169188750
-15801.7169424293
-15801.7170074781
-15801.7166416648
-15801.7171149820
-15801.7168650223
-15801.7170894485
-15801.7169433192
-15801.7170196636
-15801.7167957748
-15801.7168380887
-15801.7167806891
-15801.7166340192
-15801.7169863969
-15801.7167977792
-15801.7169657421
-15801.7168180443
-15801.7167730886
-15801.7168461347
-15801.7169281243
-15801.7167237742
-15801.7168652267
-15801.7168113050
-15801.7171866929
-15801.7168480301
-15801.7170008948
-15801.7169897174
-15801.7169062056
-15801.7169475638
-15801.7169241384
-15801.7167923593
-15801.7167786771
-15801.7168482229
-15801.7169701211
-15801.7169726716
-15801.7168794464
-15801.7169451723
-15801.7169494220
-15801.7169521925
-15801.7169813620
-15801.7170441544
-15801.7170228974
-15801.7168272605
-15801.7166939198
-15801.7167883265
-15801.7169277628
-15801.7167446272
-15801.7170584746
-15801.7169247311
-15801.7169461748
-15801.7169234103
-15801.7169802027
-15801.7167600122
-15801.7168694394
-15801.7169842187
-15801.7168343868
-15801.7174832528
-15801.7169409714
-15801.7169077413
-15801.7170076205
-15801.7169526193
-15801.7170153433
-15801.7168079568
-15801.7169290538
-15801.7168859946
-15801.7168958096
-15801.7169741240
-15801.7168726871
-15801.7169791895
-15801.7170183222
-15801.7167873732
-15801.7169408868
-15801.7168457471
-15801.7167422956
-15801.7168839371
-15801.7170625687
-15801.7168350386
-15801.7170712838
-15801.7170080450
-15801.7169441884
-15801.7171114586
-15801.7168775135
-15801.7169691292
-15801.7169785789
-15801.7169276130
-15801.7169171353
-15801.7168625299
-15801.7170179182
-15801.7169114920
-15801.7166937494
-15801.7167456765
-15801.7168819417
-15801.7169309776
-15801.7170197291
-15801.7169549271
-15801.7169705586
-15801.7169716345
-15801.7167392060
-15801.7169993064
-15801.7171378475
-15801.7167539850
-15801.7169099274
-15801.7168974155
-15801.7168445177
-15801.7165615748
-15801.7171028772
-15801.7169608417
-15801.7170129456
-15801.7169086722
-15801.7168722358
-15801.7167662369
-15801.7168080339
-15801.7168857587
-15801.7168005097
-15801.7168773282
-15801.7167942977
-15801.7170468680
-15801.7170762713
-15801.7171828581
-15801.7169946422
-15801.7170203045
-15801.7169790128
-15801.7168926187
-15801.7168002978
-15801.7169492297
-15801.7168519120
-15801.7167210992
-15801.7168006143
-15801.7166455826
-15801.7169464642
-15801.7171499907
-15801.7169433353
-15801.7170152349
-15801.7169710671
-15801.7174852670
-15801.7170093255
-15801.7169995157
-15801.7170213425
-15801.7169471549
-15801.7170276051
-15801.7169454191
-15801.7170222653
-15801.7169340060
-15801.7170389553
-15801.7169588578
-15801.7168046509
-15801.7169259669
-15801.7169569595
-15801.7169148511
-15801.7169106234
-15801.7171180328
-15801.7168874202
-15801.7168142743
-15801.7171895129
-15801.7170246921
-15801.7168314206
-15801.7172304678
-15801.7171100529
-15801.7168907539
-15801.7167784701
-15801.7168186161
-15801.7167162870
-15801.7170054781
-15801.7169997094
-15801.7169631198
-15801.7168269870
-15801.7167574482
-15801.7170027045
-15801.7168122100
-15801.7170071606
-15801.7169645516
-15801.7167162731
-15801.7169640476
-15801.7167235573
-15801.7168311701
-15801.7170729403
-15801.7170144617
-15801.7168942939
-15801.7167422365
-15801.7170242473
-15801.7169947060
-15801.7170226762
-15801.7170085864
-15801.7168648573
-15801.7169191588
-15801.7168227298
-15801.7170172559
-15801.7167997165
-15801.7169085772
-15801.7169645857
-15801.7169969640
-15801.7169435298
-15801.7169674166
-15801.7169115838
-15801.7169424563
-15801.7165845709
-15801.7168689148
-15801.7167113799
-15801.7169487530
-15801.7169438999
-15801.7170525362
-15801.7169467282
-15801.7169716323
-15801.7170356446
-15801.7167156880
-15801.7170403573
-15801.7167990870
-15801.7169085048
-15801.7168956010
-15801.7170203096
-15801.7171009241
-15801.7169344668
-15801.7169148420
-15801.7168846900
-15801.7169756914
-15801.7169332529
-15801.7169707406
-15801.7170646494
-15801.7168829375
-15801.7169536528
-15801.7169434939
-15801.7168874906
-15801.7168805363
-15801.7168964281
-15801.7170970045
-15801.7169405557
-15801.7169369499
-15801.7169534188
-15801.7170173883
-15801.7170489371
-15801.7168285574
-15801.7168980260
-15801.7169972868
-15801.7167246344
-15801.7168861751
-15801.7170566316
-15801.7168743799
-15801.7169076595
-15801.7168199252
-15801.7169602550
-15801.7167776611
-15801.7170790525
-15801.7169052180
-15801.7169770372
-15801.7168953164
-15801.7170785356
-15801.7169891973
-15801.7168389436
-15801.7169673187
-15801.7169169309
-15801.7167991244
-15801.7171240717
-15801.7170775839
-15801.7170089762
-15801.7170947049
-15801.7170980512
-15801.7169280085
-15801.7170989087
-15801.7171122852
-15801.7172015987
-15801.7166039756
-15801.7169275932
-15801.7168790827
-15801.7165922455
-15801.7169016175
-15801.7169427303
-15801.7168770622
-15801.7169915698
-15801.7169288477
-15801.7168107504
-15801.7169084407
-15801.7169448604
-15801.7169039107
-15801.7169348623
-15801.7169037804
-15801.7168500665
-15801.7171786051
-15801.7169433249
-15801.7168827923
-15801.7169634279
-15801.7171263663
-15801.7170303500
-15801.7169610420
-15801.7175554248
-15801.7170274658
-15801.7169131535
-15801.7168863619
-15801.7169987529
-15801.7169439795
-15801.7169584433
-15801.7167714349
-15801.7169605108
-15801.7169326132
-15801.7168738167
-15801.7170290540
-15801.7167464281
-15801.7169704270
-15801.7170961603
-15801.7175541248
-15801.7169860466
-15801.7169425774
-15801.7168966213
-15801.7167653473
-15801.7167268626
-15801.7167400278
-15801.7169255838
-15801.7169922358
-15801.7169597070
-15801.7168275463
-15801.7168431846
-15801.7170304469
-15801.7169235886
-15801.7168820453
-15801.7169029923
-15801.7169456424
-15801.7170042638
-15801.7169510704
-15801.7168928885
-15801.7169706759
-15801.7169710849
-15801.7164874613
-15801.7167627092
-15801.7170061879
-15801.7168176469
-15801.7169888041
-15801.7167503913
-15801.7169470464
-15801.7169549173
-15801.7165151559
-15801.7170912363
-15801.7170698311
-15801.7169879056
-15801.7168314117
-15801.7169552712
-15801.7168555126
-15801.7169251614
-15801.7170208427
-15801.7168763757
-15801.7168727508
-15801.7167472960
-15801.7167713414
-15801.7169952225
-15801.7168459634
-15801.7169702859
-15801.7171238551
-15801.7169497286
-15801.7169579551
-15801.7169402872
-15801.7171012712
-15801.7168118452
-15801.7174810819
-15801.7167018595
-15801.7168879395
-15801.7170257899
-15801.7170254311
-15801.7170039403
-15801.7169481738
-15801.7171737564
-15801.7169331486
-15801.7168262107
-15801.7168493924
-15801.7169243246
-15801.7167145261
-15801.7168991563
-15801.7168054905
-15801.7169051633
-15801.7167819434
-15801.7169039524
-15801.7167955075
-15801.7169649226
-15801.7169784515
-15801.7169781567
-15801.7171057639
-15801.7168887140
-15801.7170474831
-15801.7168769862
-15801.7169620917
-15801.7170377914
-15801.7169239747
-15801.7167342161
-15801.7167710960
-15801.7171145781
-15801.7169665750
-15801.7169307081
-15801.7168088765
-15801.7168953127
-15801.7170606869
-15801.7169432760
-15801.7169287057
-15801.7170259249
-15801.7167694026
-15801.7169167864
-15801.7167014913
-15801.7169591915
-15801.7169137499
-15801.7168768584
-15801.7171625527
-15801.7169283905
-15801.7170182046
-15801.7169796853
-15801.7171781942
-15801.7168934650
-15801.7169141466
-15801.7169766484
-15801.7170968487
-15801.7169248064
-15801.7168155697
-15801.7169223151
-15801.7169009713
-15801.7170969969
-15801.7168212264
-15801.7168767049
-15801.7169841576
-15801.7167007569
-15801.7169972471
-15801.7169089033
-15801.7167114996
-15801.7168229065
-15801.7169111133
-15801.7169500048
-15801.7171133988
-15801.7169712825
-15801.7169174561
-15801.7168671336
-15801.7171409111
-15801.7168195604
-15801.7169323993
-15801.7170246876
-15801.7170023168
-15801.7169058066
-15801.7169919913
-15801.7169891632
-15801.7171784361
-15801.7169997092
-15801.7168133897
-15801.7170280673
-15801.7169857664
-15801.7170983997
-15801.7170300935
-15801.7169648550
-15801.7168160968
-15801.7168135618
-15801.7169696473
-15801.7169496612
-15801.7168327444
-15801.7169608017
-15801.7168740518
-15801.7167885905
-15801.7168738845
-15801.7170256135
-15801.7169766399
-15801.7170126488
-15801.7167133576
-15801.7169304393
-15801.7169216171
-15801.7170531776
-15801.7171074082
-15801.7175541320
-15801.7168747948
-15801.7166001855
-15801.7169587558
-15801.7169458250
-15801.7171977667
-15801.7168405705
-15801.7170129607
-15801.7169016191
-15801.7169064071
-15801.7169853417
-15801.7169766938
-15801.7170015782
-15801.7169714958
-15801.7171072810
-15801.7169492655
-15801.7169771414
-15801.7168212223
-15801.7169363501
-15801.7167199341
-15801.7171191713
-15801.7169937198
-15801.7169816491
-15801.7170069939
-15801.7167539479
-15801.7171867779
-15801.7169735705
-15801.7167122157
-15801.7169463590
-15801.7167015793
-15801.7168084703
-15801.7170203893
-15801.7168351905
-15801.7171260159
-15801.7169142824
-15801.7168451010
-15801.7171037401
-15801.7170641010
-15801.7168452166
-15801.7171936388
-15801.7168093366
-15801.7169231258
-15801.7169862422
-15801.7170038458
-15801.7167765651
-15801.7171076688
-15801.7168944008
-15801.7167228760
-15801.7168098684
-15801.7169421858
-15801.7169458568
-15801.7170079127
-15801.7167745917
-15801.7170406772
-15801.7169183762
-15801.7168336304
-15801.7170952570
-15801.7168665791
-15801.7169734412
-15801.7168747728
-15801.7168273043
-15801.7169602450
-15801.7170991429
-15801.7167789745
-15801.7168781268
-15801.7169104117
-15801.7170118161
-15801.7169818014
-15801.7169484565
-15801.7172009373
-15801.7169356082
-15801.7165516695
-15801.7169913197
-15801.7166924770
-15801.7168081361
-15801.7169929872
-15801.7169092598
-15801.7169763906
-15801.7170233084
-15801.7167053530
-15801.7169092656
-15801.7169479345
-15801.7169688612
-15801.7168719781
-15801.7169575189
-15801.7169401618
-15801.7168153349
-15801.7168909630
-15801.7169543226
-15801.7167885697
-15801.7171555792
-15801.7167788202
-15801.7168890580
-15801.7170324355
-15801.7168305400
-15801.7174823848
-15801.7169483971
-15801.7167597555
-15801.7169390502
-15801.7174809419
-15801.7169592613
-15801.7171344513
-15801.7171622751
-15801.7168889923
-15801.7169377346
-15801.7168399764
-15801.7170052768
-15801.7169516585
-15801.7169952673
-15801.7168663437
-15801.7170116371
-15801.7170079698
-15801.7169465642
-15801.7170138013
-15801.7169200099
-15801.7169709368
-15801.7169473438
-15801.7169698465
-15801.7170302993
-15801.7172116924
-15801.7170067570
-15801.7168963774
-15801.7169434001
-15801.7168349906
-15801.7170274606
-15801.7169435855
-15801.7170396776
-15801.7170016500
-15801.7170316484
-15801.7172212455
-15801.7169534734
-15801.7169286422
-15801.7174842033
-15801.7170363141
-15801.7171310063
-15801.7168334398
-15801.7171253567
-15801.7167597148
-15801.7170352981
-15801.7168402386
-15801.7170259157
-15801.7168007645
-15801.7170291228
-15801.7169580083
-15801.7170169119
-15801.7171827905
-15801.7171229133
-15801.7170832628
-15801.7167246037
-15801.7167833928
-15801.7168917977
-15801.7170239066
-15801.7168728767
-15801.7170319945
-15801.7169020197
-15801.7168150743
-15801.7169519358
-15801.7169466621
-15801.7168074159
-15801.7168014682
-15801.7169204365
-15801.7169151735
-15801.7170128866
-15801.7169208639
-15801.7169810895
-15801.7169368244
-15801.7170266186
-15801.7169686267
-15801.7167535699
-15801.7170480230
-15801.7169958523
-15801.7168749344
-15801.7170214775
-15801.7168418022
-15801.7169349173
-15801.7168786309
-15801.7168390166
-15801.7170052312
-15801.7172756948
-15801.7169008460
-15801.7169613998
-15801.7169401525
-15801.7169373242
-15801.7169188472
-15801.7167796021
-15801.7169493336
-15801.7167621379
-15801.7170341655
-15801.7167917013
-15801.7167315272
-15801.7171669720
-15801.7169789871
-15801.7167211674
-15801.7168214055
-15801.7170070467
-15801.7172142883
-15801.7167976210
-15801.7170352386
-15801.7169394705
-15801.7169343769
-15801.7169214959
-15801.7168161681
-15801.7169088889
-15801.7168258348
-15801.7170936837
-15801.7167989105
-15801.7168893989
-15801.7171773431
-15801.7170098567
-15801.7169054196
-15801.7170329533
-15801.7169718408
-15801.7168309212
-15801.7168041468
-15801.7169247961
-15801.7167997899
-15801.7169437151
-15801.7168422567
-15801.7167034878
-15801.7170357591
-15801.7169676558
-15801.7169063934
-15801.7169820457
-15801.7171554033
-15801.7171012841
-15801.7169581618
-15801.7169551717
-15801.7169990292
-15801.7169855186
-15801.7169317727
-15801.7170454428
-15801.7170433384
-15801.7169100927
-15801.7173071113
-15801.7168744791
-15801.7168771804
-15801.7168249356
-15801.7169402509
-15801.7167328236
-15801.7167470723
-15801.7168252528
-15801.7169679355
-15801.7168386656
-15801.7169808483
-15801.7169493572
-15801.7170343823
-15801.7169347515
-15801.7169098244
-15801.7169090354
-15801.7169467252
-15801.7168734138
-15801.7170258406
-15801.7170251672
-15801.7169390319
-15801.7169341309
-15801.7167978974
-15801.7169912182
-15801.7171334496
-15801.7169111854
-15801.7169495172
-15801.7169224922
-15801.7167421798
-15801.7168997186
-15801.7166868659
-15801.7170074008
-15801.7169080747
-15801.7170194165
-15801.7169541962
-15801.7174775711
-15801.7168632640
-15801.7169032084
-15801.7169203608
-15801.7168124981
-15801.7170548709
-15801.7170023140
-15801.7171970532
-15801.7168841095
-15801.7167715184
-15801.7169968524
-15801.7170708667
-15801.7167331482
-15801.7168065269
-15801.7169626924
-15801.7170901948
-15801.7170311074
-15801.7169657013
-15801.7168917063
-15801.7169304291
-15801.7174801004
-15801.7169537653
-15801.7169366333
-15801.7169564957
-15801.7169427571
-15801.7168824271
-15801.7167937290
-15801.7165110605
-15801.7170023884
-15801.7168117660
-15801.7169938741
-15801.7168105248
-15801.7168710260
-15801.7170063802
-15801.7169462018
-15801.7169508512
-15801.7169086267
-15801.7169195165
-15801.7170021906
-15801.7169611381
-15801.7171786255
-15801.7169684617
-15801.7167682928
-15801.7167504090
-15801.7169184766
-15801.7171590027
-15801.7169740689
-15801.7169248176
-15801.7170108797
-15801.7169434497
-15801.7169407204
-15801.7168384964
-15801.7169421977
-15801.7171095703
-15801.7171075685
-15801.7169913822
-15801.7167465017
-15801.7168356032
-15801.7174817376
-15801.7168598182
-15801.7169178555
-15801.7169595119
-15801.7168462276
-15801.7169289397
-15801.7167636251
-15801.7170166807
-15801.7169383883
-15801.7170102184
-15801.7168896370
-15801.7168733034
-15801.7170274961
-15801.7169827604
-15801.7169534508
-15801.7167830210
-15801.7169049610
-15801.7171917844
-15801.7174770647
-15801.7171031218
-15801.7169864501
-15801.7168693832
-15801.7167251270
-15801.7167791285
-15801.7168052227
-15801.7170535853
-15801.7166517880
-15801.7169489053
-15801.7169726979
-15801.7170015376
-15801.7169472026
-15801.7174847739
-15801.7169082399
-15801.7169550669
-15801.7171137146
-15801.7168183284
-15801.7169353778
-15801.7169898022
-15801.7169744352
-15801.7174825802
-15801.7169596925
-15801.7170077139
-15801.7168631485
-15801.7169592874
-15801.7170099946
-15801.7169263113
-15801.7167540495
-15801.7170098597
-15801.7169651782
-15801.7164903482
-15801.7169086809
-15801.7167722282
-15801.7167703227
-15801.7170276286
-15801.7169762489
-15801.7169304579
-15801.7168575002
-15801.7168824653
-15801.7168770650
-15801.7168950371
-15801.7168900331
-15801.7169775663
-15801.7169734605
-15801.7169154664
-15801.7169836649
-15801.7169692754
-15801.7170747550
-15801.7170207337
-15801.7168696788
-15801.7171352510
-15801.7167779913
-15801.7168975202
-15801.7169343331
-15801.7168261681
-15801.7168744518
-15801.7168939855
-15801.7169686010
-15801.7169648228
-15801.7167634788
-15801.7169691560
-15801.7167395352
-15801.7170761322
-15801.7167784741
-15801.7169259411
-15801.7169222853
-15801.7169276501
-15801.7169402777
-15801.7167815692
-15801.7166511136
-15801.7169863788
-15801.7170048821
-15801.7171150867
-15801.7169367728
-15801.7169859486
-15801.7168376110
-15801.7170309575
-15801.7169135967
-15801.7169248071
-15801.7169593975
-15801.7174800430
-15801.7169691305
-15801.7169401558
-15801.7168014359
-15801.7167969362
-15801.7168845811
-15801.7169384861
-15801.7168794909
-15801.7169326517
-15801.7170360623
-15801.7167607454
-15801.7170000391
-15801.7168758775
-15801.7170565739
-15801.7167151498
-15801.7171725829
-15801.7170192609
-15801.7168370408
-15801.7170182074
-15801.7169579598
-15801.7168568718
-15801.7169383757
-15801.7167248827
-15801.7169832643
-15801.7169070526
-15801.7169102350
-15801.7167471490
-15801.7170929060
-15801.7168994433
-15801.7169349017
-15801.7169841615
-15801.7168052920
-15801.7169203703
-15801.7170212981
-15801.7169254437
-15801.7168181244
-15801.7169193392
-15801.7168940857
-15801.7171696412
-15801.7163191653
-15801.7169812089
-15801.7170425859
-15801.7170118448
-15801.7174859337
-15801.7169566816
-15801.7169205038
-15801.7169813488
-15801.7169530060
-15801.7168280121
-15801.7169255917
-15801.7168841351
-15801.7170868517
-15801.7169989509
-15801.7168330561
-15801.7168325317
-15801.7170031602
-15801.7168136367
-15801.7168344635
-15801.7170127904
-15801.7168263374
-15801.7169417087
-15801.7168995571
-15801.7167421173
-15801.7169925962
-15801.7169908541
-15801.7172312333
-15801.7166888768
-15801.7167481632
-15801.7170077770
-15801.7172362877
-15801.7169190020
-15801.7166077380
-15801.7169864594
-15801.7169201117
-15801.7170092623
-15801.7171155727
-15801.7168505115
-15801.7167832639
-15801.7169552079
-15801.7169112094
-15801.7169269751
-15801.7169670683
-15801.7168047748
-15801.7168710205
-15801.7169335877
-15801.7174798921
-15801.7167774925
-15801.7167925558
-15801.7171083399
-15801.7169248468
-15801.7169717999
-15801.7168716466
-15801.7167489842
-15801.7169132337
-15801.7169482067
-15801.7171157478
-15801.7170518471
-15801.7168972686
-15801.7170377012
-15801.7168617084
-15801.7169448921
-15801.7170051116
-15801.7170261424
-15801.7169538376
-15801.7169080712
-15801.7168932592
-15801.7171054604
-15801.7168808446
-15801.7170373327
-15801.7169169099
-15801.7170049160
-15801.7169873011
-15801.7169752655
-15801.7167041272
-15801.7170285144
-15801.7168195904
-15801.7171149672
-15801.7173464674
-15801.7167590848
-15801.7169268434
-15801.7169291776
-15801.7169453489
-15801.7168946482
-15801.7168984743
-15801.7166942589
-15801.7168697418
-15801.7172643093
-15801.7168185784
-15801.7169486351
-15801.7168651919
-15801.7168691931
-15801.7168367863
-15801.7169818409
-15801.7165453888
-15801.7169502553
-15801.7169767863
-15801.7170164744
-15801.7168965297
-15801.7170062858
-15801.7170342000
-15801.7169825853
-15801.7170837684
-15801.7172235616
-15801.7169239835
-15801.7170658343
-15801.7169390312
-15801.7169275322
-15801.7167556602
-15801.7168850191
-15801.7169571974
-15801.7169559639
-15801.7169355503
-15801.7169553348
-15801.7167491958
-15801.7171192154
-15801.7169457949
-15801.7169602485
-15801.7170015254
-15801.7170195839
-15801.7167650205
-15801.7169662655
-15801.7174810734
-15801.7170034771
-15801.7171653311
-15801.7166445312
-15801.7168858091
-15801.7171532375
-15801.7169829556
-15801.7172280838
-15801.7170094075
-15801.7170251402
-15801.7169221624
-15801.7170564350
-15801.7168033140
-15801.7168062951
-15801.7169210851
-15801.7169528935
-15801.7168863830
-15801.7170081565
-15801.7168920278
-15801.7169272109
-15801.7168387834
-15801.7171713672
-15801.7169362414
-15801.7167591166
-15801.7168156182
-15801.7168870288
-15801.7169794912
-15801.7168727363
-15801.7170227389
-15801.7174809225
-15801.7170010216
-15801.7169765188
-15801.7175559490
-15801.7168775113
-15801.7169530381
-15801.7174802950
-15801.7170821986
-15801.7169335452
-15801.7170868985
-15801.7169382705
-15801.7170102773
-15801.7170067502
-15801.7171089526
-15801.7170067628
-15801.7172103388
-15801.7171140440
-15801.7169288491
-15801.7171398340
-15801.7171176218
-15801.7166322137
-15801.7168638840
-15801.7169432764
-15801.7168571878
-15801.7169607296
-15801.7169208911
-15801.7167585952
-15801.7168789392
-15801.7170348558
-15801.7169367450
-15801.7169779647
-15801.7170004045
-15801.7167876456
-15801.7170829883
-15801.7169777399
-15801.7167376455
-15801.7169477959
-15801.7174845566
-15801.7174814587
-15801.7168776591
-15801.7168185456
-15801.7168721604
-15801.7169634894
-15801.7168968644
-15801.7169252488
-15801.7169031103
-15801.7169545117
-15801.7168037161
-15801.7167790010
-15801.7169365059
-15801.7168790792
-15801.7169365281
-15801.7168827423
-15801.7168088298
-15801.7170215845
-15801.7169005590
-15801.7168366759
-15801.7171444594
-15801.7174796081
-15801.7170025412
-15801.7170380639
-15801.7167137131
-15801.7169692042
-15801.7169676401
-15801.7163865295
-15801.7169175362
-15801.7166415158
-15801.7169946448
-15801.7170292978
-15801.7169307089
-15801.7170302186
-15801.7168973568
-15801.7168020868
-15801.7169054654
-15801.7169858248
-15801.7167839292
-15801.7172341106
-15801.7168947352
-15801.7168016881
-15801.7169356059
-15801.7167920526
-15801.7167803129
-15801.7169294263
-15801.7175520966
-15801.7167973926
-15801.7169147278
-15801.7170248003
-15801.7169760634
-15801.7170109108
-15801.7168778306
-15801.7170119399
-15801.7166754479
-15801.7169280131
-15801.7167755699
-15801.7169229058
-15801.7167325360
-15801.7170087524
-15801.7170714719
-15801.7169447861
-15801.7169126015
-15801.7174797473
-15801.7170299593
-15801.7169909650
-15801.7169379614
-15801.7168580789
-15801.7171379988
-15801.7168286454
-15801.7166550599
-15801.7170014317
-15801.7169234045
-15801.7169237468
-15801.7170706755
-15801.7171149726
-15801.7168312962
-15801.7168881134
-15801.7168673010
-15801.7169261189
-15801.7170212464
-15801.7169486735
-15801.7167659397
-15801.7169288501
-15801.7169420374
-15801.7170763787
-15801.7169009251
-15801.7170283349
-15801.7168938240
-15801.7168694895
-15801.7169737605
-15801.7170788664
-15801.7170943158
-15801.7169815347
-15801.7168253557
-15801.7167711476
-15801.7169405655
-15801.7169166703
-15801.7167960550
-15801.7169112164
-15801.7169159643
-15801.7169628469
-15801.7169464663
-15801.7169710789
-15801.7169319616
-15801.7169493500
-15801.7171104598
-15801.7169358990
-15801.7168775667
-15801.7169117185
-15801.7169615022
-15801.7167859437
-15801.7169365547
-15801.7169656747
-15801.7169139865
-15801.7167626017
-15801.7170883382
-15801.7168704416
-15801.7169025994
-15801.7169089569
-15801.7169431712
-15801.7168507850
-15801.7167098901
-15801.7169849763
-15801.7167693593
-15801.7172251000
-15801.7169097696
-15801.7168916310
-15801.7170942897
-15801.7169257539
-15801.7168771378
-15801.7171320345
-15801.7169318097
-15801.7170116634
-15801.7169515974
-15801.7169984997
-15801.7171021778
-15801.7169871034
-15801.7167776450
-15801.7169209932
-15801.7169346150
-15801.7169614307
-15801.7170242944
-15801.7167910519
-15801.7169258957
-15801.7170959557
-15801.7169812939
-15801.7169751144
-15801.7170132427
-15801.7169188606
-15801.7170691467
-15801.7169598035
-15801.7169247650
-15801.7169371914
-15801.7168020620
-15801.7170296115
-15801.7169966670
-15801.7170303061
-15801.7168722114
-15801.7168069970
-15801.7170305155
-15801.7170919053
-15801.7169536566
-15801.7166758620
-15801.7169145789
-15801.7170241320
-15801.7170674625
-15801.7168348131
-15801.7169353031
-15801.7167984242
-15801.7167392796
-15801.7169282152
-15801.7166981883
-15801.7168816451
-15801.7169474500
-15801.7169003869
-15801.7169826852
-15801.7170386794
-15801.7169506472
-15801.7169561122
-15801.7169247769
-15801.7168866243
-15801.7169538300
-15801.7170088903
-15801.7169257567
-15801.7169739334
-15801.7167160202
-15801.7170379813
-15801.7170365536
-15801.7170111392
-15801.7169445728
-15801.7169208503
-15801.7169212478
-15801.7167412300
-15801.7167986716
-15801.7169873291
-15801.7169941898
-15801.7169674513
-15801.7165006090
-15801.7168800866
-15801.7170815937
-15801.7169319076
-15801.7167491225
-15801.7169614939
-15801.7170189739
-15801.7169608435
-15801.7169970504
-15801.7168740085
-15801.7169024828
-15801.7167192617
-15801.7169812067
-15801.7167708812
-15801.7167955547
-15801.7170059910
-15801.7171178195
-15801.7170084123
-15801.7168159061
-15801.7169083296
-15801.7170431335
-15801.7167214621
-15801.7170043905
-15801.7168423214
-15801.7167449119
-15801.7169599531
-15801.7168187603
-15801.7170651865
-15801.7172804695
-15801.7175534252
-15801.7169782839
-15801.7169385416
-15801.7170308633
-15801.7167764557
-15801.7170261531
-15801.7169609285
-15801.7169967438
-15801.7168772196
-15801.7169185834
-15801.7170008206
-15801.7170129793
-15801.7168733589
-15801.7169139466
-15801.7170111391
-15801.7167142027
-15801.7168132361
-15801.7168660904
-15801.7170129578
-15801.7168910794
-15801.7168435414
-15801.7169395894
-15801.7169773730
-15801.7171733106
-15801.7169180989
-15801.7169970057
-15801.7167587304
-15801.7169603594
-15801.7168835958
-15801.7173480206
-15801.7168797893
-15801.7169946522
-15801.7170282363
-15801.7170955856
-15801.7167969063
-15801.7169942600
-15801.7168639814
-15801.7169989260
-15801.7167535004
-15801.7168449989
-15801.7167390110
-15801.7169177062
-15801.7169462026
-15801.7168730139
-15801.7170434535
-15801.7171191805
-15801.7171204129
-15801.7166406974
-15801.7168884903
-15801.7169382274
-15801.7171617250
-15801.7169680022
-15801.7169362512
-15801.7168894498
-15801.7169706054
-15801.7169233000
-15801.7170329973
-15801.7169739609
-15801.7170168217
-15801.7168465411
-15801.7168211008
-15801.7169601469
-15801.7167463786
-15801.7169305807
-15801.7169210698
-15801.7168266553
-15801.7166995287
-15801.7169290593
-15801.7169267955
-15801.7169731974
-15801.7168276529
-15801.7169370141
-15801.7169675064
-15801.7174840521
-15801.7170456347
-15801.7169205016
-15801.7168822438
-15801.7168731461
-15801.7169183360
-15801.7170110659
-15801.7170576676
-15801.7167619542
-15801.7168054424
-15801.7171356499
-15801.7168736061
-15801.7169820296
-15801.7170181144
-15801.7168232598
-15801.7169511665
-15801.7169895020
-15801.7169576659
-15801.7168491755
-15801.7170498189
-15801.7167873586
-15801.7171404946
-15801.7169023312
-15801.7169606880
-15801.7169123253
-15801.7170076252
-15801.7170346783
-15801.7167698391
-15801.7168203827
-15801.7166980719
-15801.7168696267
-15801.7167249156
-15801.7170004108
-15801.7172212330
-15801.7169705612
-15801.7168415062
-15801.7168401486
-15801.7175573322
-15801.7169061973
-15801.7170828981
-15801.7169622433
-15801.7169039410
-15801.7168968652
-15801.7171344477
-15801.7169511787
-15801.7169023501
-15801.7169729974
-15801.7170086547
-15801.7169185165
-15801.7170522172
-15801.7169850771
-15801.7169358646
-15801.7170299309
-15801.7171749793
-15801.7169288654
-15801.7169527632
-15801.7169022516
-15801.7172129203
-15801.7168919757
-15801.7169919252
-15801.7169174821
-15801.7167495712
-15801.7168931407
-15801.7168984712
-15801.7169163991
-15801.7166566779
-15801.7169240643
-15801.7170283181
-15801.7169191355
-15801.7171670696
-15801.7169861474
-15801.7169319190
-15801.7167541534
-15801.7169283179
-15801.7169110799
-15801.7170115183
-15801.7169394543
-15801.7170455969
-15801.7168984321
-15801.7169432852
-15801.7168361345
-15801.7170088927
-15801.7169411650
-15801.7168055125
-15801.7170216922
-15801.7170500093
-15801.7170144411
-15801.7168122148
-15801.7169313365
-15801.7166693216
-15801.7167182268
-15801.7169251813
-15801.7168816733
-15801.7169075743
-15801.7167616097
-15801.7168975721
-15801.7170020278
-15801.7171447460
-15801.7169548942
-15801.7170918560
-15801.7167465887
-15801.7170608092
-15801.7168175307
-15801.7167060104
-15801.7168009739
-15801.7167983036
-15801.7170602637
-15801.7171018584
-15801.7174825565
-15801.7169075664
-15801.7169486975
-15801.7169841437
-15801.7170730548
-15801.7168038179
-15801.7169823012
-15801.7166528925
-15801.7169734445
-15801.7168942861
-15801.7171150991
-15801.7169035601
-15801.7169669372
-15801.7169541003
-15801.7170652051
-15801.7170603575
-15801.7170142899
-15801.7169656126
-15801.7167248291
-15801.7167506135
-15801.7169980524
-15801.7169700239
-15801.7172237296
-15801.7168776673
-15801.7169056667
-15801.7167761239
-15801.7168778407
-15801.7170088798
-15801.7169639331
-15801.7170186820
-15801.7170295282
-15801.7168419988
-15801.7170187484
-15801.7169795204
-15801.7169305025
-15801.7168974822
-15801.7169085253
-15801.7170258519
-15801.7168347725
-15801.7175531855
-15801.7169590085
-15801.7174820068
-15801.7168934150
-15801.7170905031
-15801.7169436824
-15801.7171065538
-15801.7170647030
-15801.7167366807
-15801.7169341859
-15801.7169000331
-15801.7169600113
-15801.7167353185
-15801.7168366301
-15801.7171852646
-15801.7169830066
-15801.7169437351
-15801.7174818125
-15801.7169676895
-15801.7171655959
-15801.7170487870
-15801.7170158404
-15801.7169546033
-15801.7169737428
-15801.7168711195
-15801.7169405598
-15801.7172717806
-15801.7169214107
-15801.7170301049
-15801.7169958083
-15801.7169136347
-15801.7168034305
-15801.7169564129
-15801.7169629646
-15801.7170101537
-15801.7171983158
-15801.7169687655
-15801.7168915362
-15801.7169035063
-15801.7170980470
-15801.7170219128
-15801.7169269486
-15801.7169820308
-15801.7167967795
-15801.7169873625
-15801.7170736322
-15801.7169781213
-15801.7169018559
-15801.7169025400
-15801.7169548839
-15801.7165576138
-15801.7168206456
-15801.7169377773
-15801.7169515419
-15801.7169661133
-15801.7169432540
-15801.7167997116
-15801.7168050474
-15801.7169767141
-15801.7169810715
-15801.7169277303
-15801.7170124119
-15801.7169666163
-15801.7170046473
-15801.7170117900
-15801.7169433609
-15801.7169627560
-15801.7168926560
-15801.7167713416
-15801.7174821683
-15801.7169165125
-15801.7169725266
-15801.7169887377
-15801.7169789673
-15801.7168854030
-15801.7170057426
-15801.7169110277
-15801.7170150443
-15801.7171027030
-15801.7170229134
-15801.7167733840
-15801.7170093023
-15801.7169753429
-15801.7168311668
-15801.7170095825
-15801.7166892414
-15801.7169751369
-15801.7169554970
-15801.7167007821
-15801.7169029706
-15801.7169934727
-15801.7169876572
-15801.7169728820
-15801.7169849440
-15801.7169381624
-15801.7169640936
-15801.7170569619
-15801.7169592659
-15801.7169498445
-15801.7170151556
-15801.7169509987
-15801.7170127595
-15801.7169089956
-15801.7169833227
-15801.7170273865
-15801.7170053282
-15801.7168404303
-15801.7170158814
-15801.7169327553
-15801.7169008825
-15801.7169582757
-15801.7167610364
-15801.7169355365
-15801.7168551328
-15801.7170115777
-15801.7166564238
-15801.7167459632
-15801.7168339486
-15801.7175542363
-15801.7168190007
-15801.7174846613
-15801.7169399333
-15801.7169221908
-15801.7169381631
-15801.7168569230
-15801.7167126206
-15801.7169773250
-15801.7171693114
-15801.7167615746
-15801.7169219756
-15801.7170012648
-15801.7170152191
-15801.7166888224
-15801.7167966709
-15801.7170365888
-15801.7170185718
-15801.7169295282
-15801.7170077121
-15801.7170267024
-15801.7169887689
-15801.7168812978
-15801.7170786922
-15801.7169602389
-15801.7168496004
-15801.7167435304
-15801.7170362020
-15801.7169650141
-15801.7170155548
-15801.7169339981
-15801.7169832928
-15801.7168908383
-15801.7169817595
-15801.7169350578
-15801.7170671071
-15801.7169331343
-15801.7170164038
-15801.7169883755
-15801.7168180401
-15801.7168000424
-15801.7169073074
-15801.7170842307
-15801.7169136910
-15801.7168907873
-15801.7169986588
-15801.7169145915
-15801.7169228990
-15801.7169777392
-15801.7169503554
-15801.7169854823
-15801.7169584071
-15801.7168317682
-15801.7170261628
-15801.7167741191
-15801.7169256171
-15801.7168923681
-15801.7167177691
-15801.7165868372
-15801.7167412771
-15801.7169941812
-15801.7168957464
-15801.7169793066
-15801.7169164835
-15801.7169454783
-15801.7169102541
-15801.7170234230
-15801.7168359879
-15801.7169905104
-15801.7169825768
-15801.7170796062
-15801.7169705831
-15801.7169053786
-15801.7167295701
-15801.7168115861
-15801.7169337344
-15801.7170959110
-15801.7168841130
-15801.7168739594
-15801.7169336092
-15801.7168254704
-15801.7169319945
-15801.7168341573
-15801.7172729771
-15801.7169402878
-15801.7173688537
-15801.7167762426
-15801.7167976549
-15801.7169888681
-15801.7169964651
-15801.7174799860
-15801.7169710416
-15801.7169776958
-15801.7169462777
-15801.7169262743
-15801.7169160969
-15801.7169341823
-15801.7170013352
-15801.7167189013
-15801.7169870716
-15801.7168299270
-15801.7167602142
-15801.7169866397
-15801.7167369006
-15801.7171010749
-15801.7170060408
-15801.7171632521
-15801.7168895804
-15801.7169295316
-15801.7168286248
-15801.7167512101
-15801.7168792064
-15801.7167639956
-15801.7169988826
-15801.7170523522
-15801.7169382800
-15801.7168917605
-15801.7170238981
-15801.7169298894
-15801.7168787801
-15801.7170108918
-15801.7170095645
-15801.7169930691
-15801.7166931717
-15801.7170104460
-15801.7167996228
-15801.7169562205
-15801.7168269983
-15801.7169538548
-15801.7168535887
-15801.7171171298
-15801.7168841136
-15801.7168903317
-15801.7168237527
-15801.7169099256
-15801.7168956773
-15801.7167301130
-15801.7168968027
-15801.7169575799
-15801.7169522802
-15801.7172750500
-15801.7169024646
-15801.7165940769
-15801.7170106183
-15801.7170943739
-15801.7168187953
-15801.7169516615
-15801.7167714646
-15801.7169656488
-15801.7166516512
-15801.7170919981
-15801.7170587422
-15801.7169371302
-15801.7171204465
-15801.7171600444
-15801.7170195639
-15801.7169594972
-15801.7167380005
-15801.7169661219
-15801.7169839591
-15801.7169272815
-15801.7171473315
-15801.7169736315
-15801.7170325807
-15801.7169399883
-15801.7169954314
-15801.7168424193
-15801.7168204268
-15801.7168811409
-15801.7169584497
-15801.7169293290
-15801.7167531490
-15801.7169907643
-15801.7168893412
-15801.7169208502
-15801.7168833286
-15801.7171022913
-15801.7166997683
-15801.7169018331
-15801.7169493321
-15801.7169709641
-15801.7170137834
-15801.7168839370
-15801.7168936009
-15801.7169734590
-15801.7169404740
-15801.7167855908
-15801.7166439467
-15801.7170207794
-15801.7171987069
-15801.7169160986
-15801.7166361687
-15801.7170003937
-15801.7169464725
-15801.7170266153
-15801.7172890302
-15801.7169495374
-15801.7169675036
-15801.7171102048
-15801.7169409390
-15801.7168137221
-15801.7168168750
-15801.7169619050
-15801.7170040924
-15801.7170015770
-15801.7168227314
-15801.7170048954
-15801.7174812213
-15801.7169199341
-15801.7171519690
-15801.7167753162
-15801.7171924911
-15801.7168727654
-15801.7169522885
-15801.7168896937
-15801.7168614282
-15801.7169846608
-15801.7169217117
-15801.7169714036
-15801.7166887574
-15801.7170194898
-15801.7169121901
-15801.7169994355
-15801.7168103591
-15801.7170587625
-15801.7169521891
-15801.7168432099
-15801.7169454626
-15801.7168898446
-15801.7169366097
-15801.7170118140
-15801.7175504694
-15801.7169576734
-15801.7169856144
-15801.7168704417
-15801.7171458309
-15801.7169799697
-15801.7170772211
-15801.7169911602
-15801.7168344441
-15801.7169736894
-15801.7168099858
-15801.7169084706
-15801.7168121298
-15801.7170264957
-15801.7169039164
-15801.7170082290
-15801.7169821565
-15801.7168647350
-15801.7168979416
-15801.7169400245
-15801.7169585024
-15801.7169556256
-15801.7167664546
-15801.7169720672
-15801.7169147910
-15801.7167033685
-15801.7169356691
-15801.7171966461
-15801.7174838994
-15801.7168820078
-15801.7168923022
-15801.7169285231
-15801.7168683056
-15801.7168870248
-15801.7169624228
-15801.7169241533
-15801.7168654236
-15801.7169559301
-15801.7169354443
-15801.7169344332
-15801.7168755099
-15801.7169566350
-15801.7167512022
-15801.7169906120
-15801.7169728298
-15801.7170207162
-15801.7169093273
-15801.7169480973
-15801.7168749778
-15801.7169939859
-15801.7169279753
-15801.7170228672
-15801.7170141957
-15801.7169144629
-15801.7169184604
-15801.7169762915
-15801.7174794580
-15801.7169007877
-15801.7169075567
-15801.7169162415
-15801.7166489992
-15801.7169646614
-15801.7175525684
-15801.7170386766
-15801.7170349107
-15801.7170329468
-15801.7169864485
-15801.7170095666
-15801.7170124139
-15801.7171123778
-15801.7169736197
-15801.7166315699
-15801.7169747986
-15801.7174826822
-15801.7170246909
-15801.7169319793
-15801.7170768649
-15801.7170294930
-15801.7169888924
-15801.7170355355
-15801.7169851480
-15801.7169467307
-15801.7168892923
-15801.7170057545
-15801.7169424869
-15801.7168404799
-15801.7169608075
-15801.7168831497
-15801.7174690299
-15801.7169451752
-15801.7169845222
-15801.7167268942
-15801.7168846011
-15801.7168400019
-15801.7168518401
-15801.7169552827
-15801.7169186324
-15801.7169108509
-15801.7169945206
-15801.7168961862
-15801.7168259508
-15801.7167184032
-15801.7169398157
-15801.7169127339
-15801.7169368802
-15801.7168994704
-15801.7169719668
-15801.7169074927
-15801.7169970786
-15801.7169169752
-15801.7169232487
-15801.7175576756
-15801.7168443831
-15801.7169116317
-15801.7170946233
-15801.7171269899
-15801.7169725960
-15801.7169920900
-15801.7169905261
-15801.7169274171
-15801.7166699726
-15801.7169000909
-15801.7169738116
-15801.7170287865
-15801.7166584839
-15801.7170281103
-15801.7169692753
-15801.7168102270
-15801.7169105970
-15801.7168966797
-15801.7169774084
-15801.7172313339
-15801.7170169559
-15801.7168410875
-15801.7170828495
-15801.7167970064
-15801.7170888963
-15801.7168009012
-15801.7169138097
-15801.7169001865
-15801.7168330221
-15801.7169317697
-15801.7169077912
-15801.7170044773
-15801.7168260676
-15801.7170212144
-15801.7169943468
-15801.7167024990
-15801.7172567803
-15801.7169114364
-15801.7170003383
-15801.7168984538
-15801.7170271066
-15801.7171290590
-15801.7167966707
-15801.7169202165
-15801.7166783341
-15801.7169517977
-15801.7171632552
-15801.7168718593
-15801.7170054793
-15801.7169148250
-15801.7168827800
-15801.7169140011
-15801.7169474999
-15801.7170027925
-15801.7171891489
-15801.7168242769
-15801.7169990965
-15801.7169769065
-15801.7167691807
-15801.7169284284
-15801.7169680691
-15801.7169475456
-15801.7168625664
-15801.7169591462
-15801.7169745261
-15801.7169937176
-15801.7168385698
-15801.7167222949
-15801.7169675638
-15801.7170963881
-15801.7174798991
-15801.7168260991
-15801.7169415411
-15801.7169918332
-15801.7169618744
-15801.7167992719
-15801.7171480509
-15801.7169269016
-15801.7166354759
-15801.7171167084
-15801.7167117534
-15801.7167968140
-15801.7166930585
-15801.7169354429
-15801.7166837424
-15801.7167178568
-15801.7174835981
-15801.7169755465
-15801.7168871494
-15801.7168710782
-15801.7169982148
-15801.7166843017
-15801.7168076862
-15801.7171017878
-15801.7170775517
-15801.7169605058
-15801.7174808097
-15801.7167200835
-15801.7170090355
-15801.7169144465
-15801.7169216534
-15801.7168937212
-15801.7168661915
-15801.7169492027
-15801.7169334993
-15801.7169680932
-15801.7169200282
-15801.7169500250
-15801.7170353680
-15801.7166750193
-15801.7168987954
-15801.7170043758
-15801.7170050737
-15801.7172383966
-15801.7166327663
-15801.7167075854
-15801.7169264085
-15801.7169966814
-15801.7169334595
-15801.7167725601
-15801.7168249671
-15801.7171201142
-15801.7168802030
-15801.7168917256
-15801.7169338478
-15801.7172079424
-15801.7167040686
-15801.7170830620
-15801.7169601145
-15801.7167195479
-15801.7171226406
-15801.7168109413
-15801.7169324557
-15801.7167696136
-15801.7170322343
-15801.7167033035
-15801.7169835011
-15801.7170138390
-15801.7169955991
-15801.7169721348
-15801.7169879497
-15801.7169290878
-15801.7168726093
-15801.7169919364
-15801.7169414648
-15801.7170177291
-15801.7168773781
-15801.7169648268
-15801.7169895718
-15801.7169930979
-15801.7169569647
-15801.7169645660
-15801.7167748033
-15801.7169816629
-15801.7171429594
-15801.7169498867
-15801.7169331841
-15801.7169286435
-15801.7167816864
-15801.7168523120
-15801.7169252021
-15801.7171075116
-15801.7168398319
-15801.7171139474
-15801.7169079264
-15801.7167858229
-15801.7170008082
-15801.7170413170
-15801.7169868754
-15801.7168759037
-15801.7169361192
-15801.7168711930
-15801.7170284842
-15801.7167107937
-15801.7169495162
-15801.7169543872
-15801.7169206453
-15801.7169155955
-15801.7169130503
-15801.7168472987
-15801.7168136045
-15801.7169572120
-15801.7168046494
-15801.7164479983
-15801.7171841682
-15801.7167331277
-15801.7169446363
-15801.7169663059
-15801.7168595787
-15801.7168831430
-15801.7167398064
-15801.7170049088
-15801.7170041171
-15801.7169212075
-15801.7170826675
-15801.7169094264
-15801.7171787525
-15801.7169061497
-15801.7168125423
-15801.7170964980
-15801.7169365947
-15801.7169234731
-15801.7169473214
-15801.7167051068
-15801.7169343495
-15801.7174817666
-15801.7169652061
-15801.7169868086
-15801.7172469987
-15801.7169051494
-15801.7170069705
-15801.7170890430
-15801.7170358010
-15801.7169855192
-15801.7169332146
-15801.7167626554
-15801.7172612375
-15801.7169278236
-15801.7169362567
-15801.7169616858
-15801.7169179067
-15801.7166008575
-15801.7169961316
-15801.7170243461
-15801.7169688604
-15801.7168933450
-15801.7169162374
-15801.7169610218
-15801.7169734287
-15801.7165032264
-15801.7168754028
-15801.7170085541
-15801.7169619178
-15801.7170163460
-15801.7170764639
-15801.7169136695
-15801.7170133847
-15801.7169399322
-15801.7165642808
-15801.7169139275
-15801.7168789481
-15801.7171008898
-15801.7170371718
-15801.7167931710
-15801.7169181729
-15801.7168623092
-15801.7169269826
-15801.7170881363
-15801.7169521707
-15801.7170028678
-15801.7167770789
-15801.7167671318
-15801.7169786419
-15801.7169146923
-15801.7169868004
-15801.7167565350
-15801.7168383966
-15801.7169190820
-15801.7171118043
-15801.7168893922
-15801.7168783032
-15801.7167352079
-15801.7169662183
-15801.7168576954
-15801.7167350783
-15801.7168785853
-15801.7169203036
-15801.7170185739
-15801.7168177069
-15801.7169265758
-15801.7174832577
-15801.7168028145
-15801.7169338745
-15801.7169439992
-15801.7172751091
-15801.7169695325
-15801.7168778029
-15801.7167438516
-15801.7169795629
-15801.7169870715
-15801.7168538387
-15801.7167599042
-15801.7170836894
-15801.7171165855
-15801.7171194908
-15801.7169186157
-15801.7170357782
-15801.7169436827
-15801.7167519003
-15801.7167773072
-15801.7170302245
-15801.7169615044
-15801.7170243701
-15801.7168705173
-15801.7170586704
-15801.7169902184
-15801.7169731582
-15801.7169744173
-15801.7168027409
-15801.7169320192
-15801.7168864566
-15801.7169369400
-15801.7169203490
-15801.7167689868
-15801.7170300310
-15801.7167674021
-15801.7169656583
-15801.7168607551
-15801.7171879587
-15801.7171710759
-15801.7169197522
-15801.7169561282
-15801.7168739770
-15801.7167938961
-15801.7169986645
-15801.7168189256
-15801.7170212968
-15801.7169235739
-15801.7168757407
-15801.7169574329
-15801.7169133393
-15801.7168848858
-15801.7169463171
-15801.7169728474
-15801.7168882073
-15801.7169481751
-15801.7169232832
-15801.7169782828
-15801.7169658758
-15801.7169673666
-15801.7169817346
-15801.7168935430
-15801.7168025842
-15801.7168877313
-15801.7169067192
-15801.7169890174
-15801.7169167103
-15801.7169833422
-15801.7168783802
-15801.7168342457
-15801.7168936627
-15801.7167984924
-15801.7168387126
-15801.7169891419
-15801.7169494501
-15801.7169390419
-15801.7169199097
-15801.7168893571
-15801.7169282536
-15801.7169171377
-15801.7169323467
-15801.7167311983
-15801.7169082847
-15801.7174823799
-15801.7169415002
-15801.7169216210
-15801.7167107600
-15801.7171161229
-15801.7169261487
-15801.7169329034
-15801.7170107918
-15801.7167960953
-15801.7168776350
-15801.7169835179
-15801.7169362108
-15801.7169577232
-15801.7168285532
-15801.7168199389
-15801.7174855880
-15801.7168222636
-15801.7169504254
-15801.7168076231
-15801.7169712993
-15801.7169172391
-15801.7170456939
-15801.7169772428
-15801.7170883812
-15801.7169936988
-15801.7171273362
-15801.7169245364
-15801.7171018906
-15801.7169553132
-15801.7166828056
-15801.7170243865
-15801.7168593700
-15801.7168259897
-15801.7169810410
-15801.7170516494
-15801.7168740859
-15801.7169425487
-15801.7169194016
-15801.7167780941
-15801.7170841755
-15801.7169426123
-15801.7172775594
-15801.7169442451
-15801.7174831858
-15801.7169944301
-15801.7168630998
-15801.7173330255
-15801.7170249697
-15801.7170041495
-15801.7169539303
-15801.7167617589
-15801.7170151967
-15801.7169267423
-15801.7168056589
-15801.7170026396
-15801.7169230310
-15801.7168846741
-15801.7168245314
-15801.7170362542
-15801.7170385752
-15801.7169422392
-15801.7168385862
-15801.7169579282
-15801.7169640804
-15801.7169591532
-15801.7169897665
-15801.7171300763
-15801.7169071471
-15801.7169160091
-15801.7167815014
-15801.7167656112
-15801.7168719083
-15801.7167232929
-15801.7166395253
-15801.7169184157
-15801.7168446412
-15801.7170144654
-15801.7168817872
-15801.7166664667
-15801.7168750381
-15801.7168999935
-15801.7174784798
-15801.7166190007
-15801.7169834787
-15801.7169566434
-15801.7167806312
-15801.7168769370
-15801.7172425304
-15801.7169491006
-15801.7169901014
-15801.7166016451
-15801.7170067412
-15801.7166429274
-15801.7169168725
-15801.7169659835
-15801.7172139591
-15801.7169316305
-15801.7169627998
-15801.7167448999
-15801.7171404665
-15801.7168835324
-15801.7169455298
-15801.7166895306
-15801.7169209255
-15801.7169818072
-15801.7171093311
-15801.7169293437
-15801.7169991792
-15801.7167249213
-15801.7174842975
-15801.7169367613
-15801.7169999986
-15801.7170051972
-15801.7169537867
-15801.7169209023
-15801.7170228114
-15801.7169417406
-15801.7169176114
-15801.7167028042
-15801.7169253155
-15801.7168696624
-15801.7174832373
-15801.7169804218
-15801.7169469816
-15801.7169370454
-15801.7169789142
-15801.7167371244
-15801.7169143716
-15801.7169901962
-15801.7169905177
-15801.7170565892
-15801.7169323026
-15801.7168770743
-15801.7168566690
-15801.7169080158
-15801.7170198548
-15801.7174847357
-15801.7168061404
-15801.7169371460
-15801.7166716564
-15801.7169574363
-15801.7168066679
-15801.7169755944
-15801.7169510727
-15801.7170155159
-15801.7169560147
-15801.7167919191
-15801.7167679798
-15801.7169515061
-15801.7170978540
-15801.7170232819
-15801.7169850685
-15801.7169039775
-15801.7168673361
-15801.7168974573
-15801.7168369731
-15801.7169377198
-15801.7164149755
-15801.7168147635
-15801.7167996777
-15801.7167647339
-15801.7169412279
-15801.7171140062
-15801.7168148535
-15801.7168716618
-15801.7168743587
-15801.7170276650
-15801.7171313692
-15801.7168218083
-15801.7168404037
-15801.7169618524
-15801.7169633239
-15801.7169141859
-15801.7169138648
-15801.7167800561
-15801.7170913791
-15801.7169851929
-15801.7169578143
-15801.7168976663
-15801.7169435181
-15801.7169830583
-15801.7169989426
-15801.7169026812
-15801.7168495936
-15801.7169828550
-15801.7171173594
-15801.7167309155
-15801.7168276915
-15801.7170244804
-15801.7170650012
-15801.7168036901
-15801.7171686003
-15801.7168741021
-15801.7168103133
-15801.7170042403
-15801.7168460385
-15801.7168202772
-15801.7169340683
-15801.7175554812
-15801.7171081842
-15801.7166781901
-15801.7170900122
-15801.7169155063
-15801.7169137147
-15801.7169261854
-15801.7168714540
-15801.7165934253
-15801.7168888492
-15801.7170224680
-15801.7169558751
-15801.7165404196
-15801.7169603202
-15801.7169856396
-15801.7167136029
-15801.7168332098
-15801.7169867340
-15801.7169458410
-15801.7168190264
-15801.7170246742
-15801.7167961834
-15801.7168639703
-15801.7168227320
-15801.7169080097
-15801.7169815806
-15801.7169522387
-15801.7168786806
-15801.7168834440
-15801.7170176522
-15801.7169980236
-15801.7169365586
-15801.7168816364
-15801.7171186147
-15801.7169293228
-15801.7169277844
-15801.7171688307
-15801.7167038090
-15801.7174483120
-15801.7166606175
-15801.7169237307
-15801.7169391194
-15801.7167155631
-15801.7170137494
-15801.7171123317
-15801.7167456231
-15801.7169850136
-15801.7168881095
-15801.7169163155
-15801.7169554450
-15801.7168139468
-15801.7168230388
-15801.7168263901
-15801.7166380049
-15801.7168254572
-15801.7169161643
-15801.7171227253
-15801.7172171829
-15801.7170129617
-15801.7168471722
-15801.7169229958
-15801.7169098485
-15801.7169284663
-15801.7168663295
-15801.7170915703
-15801.7169230303
-15801.7171037689
-15801.7169786870
-15801.7169811102
-15801.7169863194
-15801.7169826332
-15801.7169362772
-15801.7169988860
-15801.7168768379
-15801.7171243988
-15801.7169567466
-15801.7169079929
-15801.7170963058
-15801.7170169893
-15801.7169062082
-15801.7168871817
-15801.7170181943
-15801.7170031133
-15801.7168704059
-15801.7170465049
-15801.7167675142
-15801.7169641428
-15801.7170149098
-15801.7170106064
-15801.7170034945
-15801.7169653901
-15801.7167670706
-15801.7168395818
-15801.7169892775
-15801.7170098934
-15801.7168559230
-15801.7170017443
-15801.7168989373
-15801.7166292776
-15801.7169515166
-15801.7169451744
-15801.7168407781
-15801.7169809198
-15801.7171501470
-15801.7175531886
-15801.7168772256
-15801.7169186931
-15801.7170973141
-15801.7169736192
-15801.7170075188
-15801.7166966987
-15801.7169101883
-15801.7168093105
-15801.7169228562
-15801.7168389306
-15801.7171381562
-15801.7168085317
-15801.7169847472
-15801.7168461951
-15801.7169218150
-15801.7169999424
-15801.7170485414
-15801.7170163826
-15801.7169488057
-15801.7169409944
-15801.7169333890
-15801.7170584900
-15801.7170891259
-15801.7169392083
-15801.7168949485
-15801.7168831420
-15801.7169001648
-15801.7169698819
-15801.7168322565
-15801.7169144910
-15801.7166991191
-15801.7168965657
-15801.7171619337
-15801.7173631352
-15801.7169619372
-15801.7169693482
-15801.7169530041
-15801.7168298832
-15801.7170106676
-15801.7168787874
-15801.7167030719
-15801.7169982770
-15801.7171471375
-15801.7174836336
-15801.7170161499
-15801.7168873721
-15801.7169501059
-15801.7169796869
-15801.7171663947
-15801.7167130837
-15801.7169113920
-15801.7170164927
-15801.7171306927
-15801.7166445305
-15801.7169624653
-15801.7168095658
-15801.7170058912
-15801.7169571923
-15801.7169951564
-15801.7169077060
-15801.7168367913
-15801.7169900919
-15801.7171270408
-15801.7168378147
-15801.7169974257
-15801.7167544179
-15801.7168365343
-15801.7169926817
-15801.7169242850
-15801.7169854221
-15801.7175554834
-15801.7169380188
-15801.7169428271
-15801.7168228804
-15801.7168987212
-15801.7171099438
-15801.7168150897
-15801.7169292181
-15801.7168913629
-15801.7169032986
-15801.7168934221
-15801.7168019297
-15801.7167856928
-15801.7170439707
-15801.7168237951
-15801.7168786941
-15801.7168845300
-15801.7169511089
-15801.7171146160
-15801.7170171866
-15801.7170008024
-15801.7172363398
-15801.7168004307
-15801.7169571623
-15801.7169574714
-15801.7169480854
-15801.7169295150
-15801.7168305107
-15801.7169807391
-15801.7170008658
-15801.7169835550
-15801.7169398647
-15801.7168896252
-15801.7167784995
-15801.7170297128
-15801.7167001057
-15801.7168892023
-15801.7170332830
-15801.7171164703
-15801.7171603612
-15801.7169815575
-15801.7170086974
-15801.7171094680
-15801.7169291293
-15801.7168969771
-15801.7169389236
-15801.7170686894
-15801.7169001472
-15801.7170277532
-15801.7170205881
-15801.7169671969
-15801.7167507178
-15801.7167420124
-15801.7169359054
-15801.7168770581
-15801.7170363554
-15801.7168135643
-15801.7169377293
-15801.7168839322
-15801.7174816756
-15801.7170361018
