-15801.7165695174
-15801.7171330746
-15801.7164818862
-15801.7159972292
-15801.7151837547
-15801.7142621502
-15801.7176226171
-15801.7175757138
-15801.7176405369
-15801.7176101860
-15801.7175710350
-15801.7175613332
-15801.7176301284
-15801.7175416196
-15801.7175222149
-15801.7175995517
-15801.7175454920
-15801.7173978641
-15801.7174063608
-15801.7174009550
-15801.7173847645
-15801.7173855514
-15801.7173857588
-15801.7174335432
-15801.7173945177
-15801.7175043156
-15801.7173811031
-15801.7151404278
-15801.7143909439
-15801.7161646246
-15801.7171877623
-15801.7151560689
-15801.7158071723
-15801.7125072222
-15801.7144770732
-15801.7144325568
-15801.7170274405
-15801.7160156634
-15801.7174400336
-15801.7139023056
-15801.7158448277
-15801.7154078081
-15801.7148269341
-15801.7164973835
-15801.7144485728
-15801.7150128406
-15801.7153439436
-15801.7142019226
-15801.7153764968
-15801.7159750127
-15801.7099467237
-15801.7159849195
-15801.7158098094
-15801.7167003862
-15801.7173955947
-15801.7173860468
-15801.7174656376
-15801.7173569065
-15801.7173843373
-15801.7174017647
-15801.7173665515
-15801.7173893749
-15801.7174372287
-15801.7174110522
-15801.7174053442
-15801.7174051505
-15801.7173941902
-15801.7173635398
-15801.7173575733
-15801.7174729898
-15801.7174051035
-15801.7174580972
-15801.7173947658
-15801.7174119628
-15801.7173694754
-15801.7173920515
-15801.7174741742
-15801.7174494898
-15801.7174013802
-15801.7173971076
-15801.7174250777
-15801.7174015383
-15801.7174108292
-15801.7173754390
-15801.7174029841
-15801.7174077704
-15801.7173998540
-15801.7174010514
-15801.7174775564
-15801.7174134654
-15801.7173704988
-15801.7173837691
-15801.7173864117
-15801.7173936708
-15801.7173942746
-15801.7174221475
-15801.7174261404
-15801.7175049139
-15801.7174145062
-15801.7168556734
-15801.7172531025
-15801.7170628180
-15801.7168755454
-15801.7165385232
-15801.7169207933
-15801.7171396284
-15801.7170506590
-15801.7170275619
-15801.7168478966
-15801.7173016496
-15801.7168973670
-15801.7168861328
-15801.7171040093
-15801.7168628720
-15801.7169043686
-15801.7167178091
-15801.7170472341
-15801.7169593881
-15801.7171169563
-15801.7173396385
-15801.7174834158
-15801.7177206477
-15801.7139404916
-15801.7164577847
-15801.7166856427
-15801.7155297755
-15801.7146301986
-15801.7142994484
-15801.7160949275
-15801.7162460768
-15801.7161913511
-15801.7161227493
-15801.7112385284
-15801.7133710089
-15801.7174927100
-15801.7150797604
-15801.7172525369
-15801.7132897948
-15801.7149502816
-15801.7155636378
-15801.7152487666
-15801.7160557621
-15801.7154865666
-15801.7159090789
-15801.7165702875
-15801.7140853414
-15801.7159265362
-15801.7144859766
-15801.7129061905
-15801.7142448599
-15801.7167187208
-15801.7167218491
-15801.7166692868
-15801.7167474819
-15801.7165080408
-15801.7168758584
-15801.7169887555
-15801.7168221040
-15801.7168465694
-15801.7167846437
-15801.7168341907
-15801.7168161516
-15801.7166031081
-15801.7171596495
-15801.7166351277
-15801.7168113912
-15801.7169910206
-15801.7172713430
-15801.7166784185
-15801.7172860983
-15801.7170118623
-15801.7169236914
-15801.7174428977
-15801.7171083002
-15801.7165373584
-15801.7169882961
-15801.7170634827
-15801.7169348031
-15801.7168116111
-15801.7164582332
-15801.7171132322
-15801.7168819532
-15801.7171782282
-15801.7166942322
-15801.7172404566
-15801.7168645479
-15801.7172869226
-15801.7166348719
-15801.7165686343
-15801.7165662197
-15801.7165215896
-15801.7169303479
-15801.7167038753
-15801.7167736393
-15801.7166481799
-15801.7169930665
-15801.7167144191
-15801.7174441611
-15801.7169860833
-15801.7166592979
-15801.7169502641
-15801.7168160664
-15801.7168784743
-15801.7174389732
-15801.7165553716
-15801.7169536372
-15801.7163357651
-15801.7170205439
-15801.7168048429
-15801.7170033560
-15801.7167184816
-15801.7167725994
-15801.7170792105
-15801.7168124029
-15801.7168655179
-15801.7166652226
-15801.7163599346
-15801.7170938630
-15801.7167895190
-15801.7169531389
-15801.7170572026
-15801.7171746330
-15801.7169416568
-15801.7168818727
-15801.7172380940
-15801.7168884856
-15801.7169718420
-15801.7164577996
-15801.7166962018
-15801.7169585647
-15801.7166463126
-15801.7169969673
-15801.7170386111
-15801.7170306057
-15801.7169272101
-15801.7171655870
-15801.7168608926
-15801.7168889756
-15801.7170986441
-15801.7169359400
-15801.7165620118
-15801.7168476688
-15801.7170512857
-15801.7170280446
-15801.7167627134
-15801.7174759821
-15801.7164765583
-15801.7170499789
-15801.7169394933
-15801.7172642861
-15801.7165880180
-15801.7171660923
-15801.7168571115
-15801.7168395328
-15801.7167965433
-15801.7168148695
-15801.7165528031
-15801.7171806609
-15801.7169357676
-15801.7170926226
-15801.7173829371
-15801.7168379863
-15801.7168656827
-15801.7170192109
-15801.7168054357
-15801.7170810619
-15801.7171331298
-15801.7167271886
-15801.7171290494
-15801.7166062872
-15801.7168580862
-15801.7165288020
-15801.7171373166
-15801.7172184782
-15801.7166157214
-15801.7174413612
-15801.7167815435
-15801.7165973016
-15801.7173187390
-15801.7168279541
-15801.7168348635
-15801.7171413580
-15801.7169523306
-15801.7166916146
-15801.7169608415
-15801.7170029906
-15801.7170474028
-15801.7161643025
-15801.7166791908
-15801.7168243665
-15801.7167515392
-15801.7169827636
-15801.7171278900
-15801.7164355672
-15801.7168973984
-15801.7170421177
-15801.7169849968
-15801.7167769241
-15801.7168137901
-15801.7171585213
-15801.7169277267
-15801.7166561921
-15801.7165742694
-15801.7168574037
-15801.7172591614
-15801.7171326599
-15801.7168771044
-15801.7170700263
-15801.7164999236
-15801.7167305338
-15801.7167521089
-15801.7169859081
-15801.7167937684
-15801.7171839356
-15801.7170629499
-15801.7171592864
-15801.7166455821
-15801.7169126079
-15801.7166932210
-15801.7167364228
-15801.7167496807
-15801.7169375564
-15801.7164882600
-15801.7168906277
-15801.7170195492
-15801.7167414455
-15801.7167421225
-15801.7168619569
-15801.7169685345
-15801.7168734886
-15801.7170211796
-15801.7171700438
-15801.7165652850
-15801.7169928487
-15801.7169983525
-15801.7168829885
-15801.7165689061
-15801.7168666389
-15801.7171125213
-15801.7168280664
-15801.7169808778
-15801.7167287865
-15801.7173034860
-15801.7168943092
-15801.7167507925
-15801.7169224792
-15801.7169286167
-15801.7168359650
-15801.7173021044
-15801.7171594106
-15801.7174289906
-15801.7168185617
-15801.7169399665
-15801.7172167276
-15801.7163156172
-15801.7169820656
-15801.7167181930
-15801.7168994369
-15801.7169602817
-15801.7170721487
-15801.7172335780
-15801.7167579683
-15801.7167244444
-15801.7168924244
-15801.7174431441
-15801.7170042465
-15801.7172448149
-15801.7166781393
-15801.7172629988
-15801.7169820466
-15801.7165073720
-15801.7169085472
-15801.7170438772
-15801.7169314779
-15801.7169262660
-15801.7169730276
-15801.7168700721
-15801.7167122784
-15801.7169903621
-15801.7163708745
-15801.7166965856
-15801.7168982209
-15801.7166136641
-15801.7169083904
-15801.7168131868
-15801.7168076129
-15801.7171912505
-15801.7168358725
-15801.7169136838
-15801.7171123493
-15801.7170579046
-15801.7167876065
-15801.7170257704
-15801.7168781702
-15801.7166657584
-15801.7167728564
-15801.7168730225
-15801.7168960194
-15801.7167757909
-15801.7168279775
-15801.7169857197
-15801.7170162016
-15801.7168618087
-15801.7166824851
-15801.7170039070
-15801.7174436077
-15801.7165683717
-15801.7170186513
-15801.7169093647
-15801.7171848933
-15801.7170094164
-15801.7167187395
-15801.7168404011
-15801.7172324428
-15801.7170970249
-15801.7170556516
-15801.7169119517
-15801.7170726290
-15801.7170758137
-15801.7170618445
-15801.7168700208
-15801.7167936537
-15801.7168426086
-15801.7170177087
-15801.7167136052
-15801.7172383366
-15801.7171722888
-15801.7168390248
-15801.7169413855
-15801.7170459254
-15801.7167890759
-15801.7166487730
-15801.7169959896
-15801.7170422029
-15801.7168224455
-15801.7168514614
-15801.7169583116
-15801.7167612632
-15801.7167563759
-15801.7171050276
-15801.7167819298
-15801.7167649911
-15801.7168719605
-15801.7165959768
-15801.7167894479
-15801.7167649615
-15801.7171707834
-15801.7169348722
-15801.7167284840
-15801.7168224432
-15801.7171223040
-15801.7170695855
-15801.7168840191
-15801.7170163766
-15801.7169244569
-15801.7172025957
-15801.7168113223
-15801.7169827786
-15801.7169700183
-15801.7170344216
-15801.7169916083
-15801.7169690608
-15801.7165990168
-15801.7171631057
-15801.7168170171
-15801.7166519954
-15801.7167241206
-15801.7168336535
-15801.7166716942
-15801.7169516631
-15801.7168873215
-15801.7172819841
-15801.7169880610
-15801.7166883428
-15801.7172087544
-15801.7166629818
-15801.7168986814
-15801.7175085418
-15801.7169334523
-15801.7170332695
-15801.7169549178
-15801.7168387928
-15801.7168005646
-15801.7171551416
-15801.7171381366
-15801.7168749631
-15801.7163792626
-15801.7170565589
-15801.7174029667
-15801.7166895887
-15801.7168095151
-15801.7168355779
-15801.7165565597
-15801.7168589311
-15801.7168476532
-15801.7168003829
-15801.7170931725
-15801.7171430738
-15801.7170510891
-15801.7171722809
-15801.7170615726
-15801.7167576523
-15801.7172452145
-15801.7169071929
-15801.7173711836
-15801.7167471574
-15801.7166108770
-15801.7170861334
-15801.7171344819
-15801.7165825526
-15801.7168063611
-15801.7166025532
-15801.7169164360
-15801.7165572121
-15801.7167978024
-15801.7167545444
-15801.7167160641
-15801.7167758397
-15801.7167331598
-15801.7169539174
-15801.7168018215
-15801.7169814435
-15801.7167398312
-15801.7165863732
-15801.7169215234
-15801.7166282564
-15801.7165862984
-15801.7168288706
-15801.7170431919
-15801.7167511710
-15801.7169322002
-15801.7167406536
-15801.7170515427
-15801.7171133148
-15801.7169135286
-15801.7170766197
-15801.7172252184
-15801.7168256100
-15801.7170136831
-15801.7167949200
-15801.7174432511
-15801.7172272404
-15801.7166129841
-15801.7169685196
-15801.7170313824
-15801.7169441526
-15801.7167622469
-15801.7167441027
-15801.7164577553
-15801.7171855001
-15801.7172468678
-15801.7163702643
-15801.7169198049
-15801.7169488946
-15801.7170827040
-15801.7168115126
-15801.7165993083
-15801.7168135990
-15801.7167337945
-15801.7169431382
-15801.7163684242
-15801.7167291130
-15801.7172258398
-15801.7169286094
-15801.7168761756
-15801.7172037630
-15801.7170137978
-15801.7163035475
-15801.7170978577
-15801.7168917726
-15801.7170654846
-15801.7165806951
-15801.7167231769
-15801.7167514728
-15801.7166279240
-15801.7166041637
-15801.7168420276
-15801.7169148335
-15801.7172349194
-15801.7171681987
-15801.7170375906
-15801.7170585759
-15801.7169015321
-15801.7171583816
-15801.7168168411
-15801.7165500992
-15801.7170202771
-15801.7172851275
-15801.7168790389
-15801.7163775273
-15801.7162389358
-15801.7170858426
-15801.7168501634
-15801.7170328175
-15801.7166797194
-15801.7168972796
-15801.7170546249
-15801.7170500561
-15801.7166335502
-15801.7169270314
-15801.7172476391
-15801.7169562574
-15801.7168406325
-15801.7170373557
-15801.7169630339
-15801.7167909307
-15801.7171352591
-15801.7171111059
-15801.7171009172
-15801.7168282769
-15801.7168140244
-15801.7172235773
-15801.7166218543
-15801.7166250647
-15801.7170368122
-15801.7166238731
-15801.7166382134
-15801.7167379098
-15801.7172708134
-15801.7168383318
-15801.7173534762
-15801.7172762926
-15801.7167250333
-15801.7168130535
-15801.7165279908
-15801.7167866309
-15801.7168449665
-15801.7166576770
-15801.7167312329
-15801.7168317300
-15801.7169123082
-15801.7168042367
-15801.7168041139
-15801.7170839778
-15801.7170293268
-15801.7169938339
-15801.7173365254
-15801.7170758358
-15801.7170171171
-15801.7166191867
-15801.7168965895
-15801.7172233980
-15801.7166042566
-15801.7164670891
-15801.7172839931
-15801.7170569457
-15801.7168570737
-15801.7170558645
-15801.7172173772
-15801.7169608470
-15801.7171047618
-15801.7167398379
-15801.7168447492
-15801.7171571081
-15801.7174440024
-15801.7169840058
-15801.7166821861
-15801.7166201448
-15801.7166133397
-15801.7168965067
-15801.7168771957
-15801.7167944959
-15801.7168749038
-15801.7164102192
-15801.7166006789
-15801.7171510323
-15801.7172036731
-15801.7168205592
-15801.7164922834
-15801.7167101375
-15801.7170730220
-15801.7169974723
-15801.7168813702
-15801.7172617868
-15801.7171440324
-15801.7170074056
-15801.7167134128
-15801.7167898073
-15801.7171259352
-15801.7171335198
-15801.7170532205
-15801.7168178924
-15801.7166748137
-15801.7168200160
-15801.7168077374
-15801.7165133612
-15801.7162577680
-15801.7167347136
-15801.7168508842
-15801.7167890387
-15801.7171754588
-15801.7164497893
-15801.7171606383
-15801.7168375644
-15801.7171026154
-15801.7166360509
-15801.7168157718
-15801.7168727170
-15801.7166068129
-15801.7172687300
-15801.7168064196
-15801.7167779158
-15801.7167896404
-15801.7168777726
-15801.7170122213
-15801.7164901355
-15801.7171096348
-15801.7169619373
-15801.7169029547
-15801.7171448085
-15801.7167477099
-15801.7171218424
-15801.7169911697
-15801.7170453451
-15801.7169314837
-15801.7170128399
-15801.7167236588
-15801.7168902375
-15801.7171309152
-15801.7169558042
-15801.7170038739
-15801.7166447384
-15801.7175117186
-15801.7169832673
-15801.7171317239
-15801.7171766644
-15801.7167943126
-15801.7174396850
-15801.7171666715
-15801.7169205534
-15801.7170387869
-15801.7167386655
-15801.7168207702
-15801.7167643584
-15801.7167530761
-15801.7168507626
-15801.7170389385
-15801.7167635582
-15801.7168642143
-15801.7165061467
-15801.7169067850
-15801.7167279322
-15801.7170136600
-15801.7167019653
-15801.7166272792
-15801.7174401806
-15801.7165467341
-15801.7170584242
-15801.7168518986
-15801.7166812560
-15801.7169529420
-15801.7175073853
-15801.7169781167
-15801.7167486417
-15801.7169136323
-15801.7171395580
-15801.7167579780
-15801.7170392906
-15801.7172418417
-15801.7172778833
-15801.7170292780
-15801.7168676238
-15801.7168096860
-15801.7165234240
-15801.7171527543
-15801.7171260657
-15801.7170895877
-15801.7166472361
-15801.7170048284
-15801.7169421129
-15801.7172269632
-15801.7163666371
-15801.7174398440
-15801.7170234532
-15801.7171248976
-15801.7171022496
-15801.7172888399
-15801.7168927485
-15801.7167442678
-15801.7167366718
-15801.7163996194
-15801.7167272380
-15801.7170891598
-15801.7167726466
-15801.7168705183
-15801.7170643716
-15801.7167799934
-15801.7167634783
-15801.7170143110
-15801.7170237678
-15801.7169111814
-15801.7167135134
-15801.7171149520
-15801.7168724277
-15801.7168659604
-15801.7169626966
-15801.7169071418
-15801.7166483180
-15801.7170120997
-15801.7162634457
-15801.7169653379
-15801.7164925643
-15801.7166958632
-15801.7169351332
-15801.7167705033
-15801.7166751695
-15801.7167513988
-15801.7166601555
-15801.7165339579
-15801.7168578829
-15801.7169901865
-15801.7167618714
-15801.7169256165
-15801.7166816691
-15801.7170411912
-15801.7165694722
-15801.7169475361
-15801.7172497663
-15801.7170597750
-15801.7168198198
-15801.7174458816
-15801.7166901183
-15801.7169196715
-15801.7171354037
-15801.7171518169
-15801.7171047101
-15801.7170304487
-15801.7168471341
-15801.7168005437
-15801.7169475909
-15801.7168592339
-15801.7172508631
-15801.7169650344
-15801.7170032391
-15801.7167741770
-15801.7166681227
-15801.7167933629
-15801.7171200096
-15801.7165671877
-15801.7167049867
-15801.7167583391
-15801.7168692253
-15801.7168991572
-15801.7166336503
-15801.7170649594
-15801.7169342702
-15801.7167659351
-15801.7167062317
-15801.7167283953
-15801.7166031292
-15801.7171319406
-15801.7167571659
-15801.7167978068
-15801.7174294794
-15801.7163379387
-15801.7169529172
-15801.7168213322
-15801.7168312564
-15801.7169703667
-15801.7171088619
-15801.7171841571
-15801.7169295128
-15801.7167507407
-15801.7171521400
-15801.7172456229
-15801.7170738999
-15801.7170417158
-15801.7167479395
-15801.7169654594
-15801.7168754808
-15801.7166709006
-15801.7171956800
-15801.7170709042
-15801.7167853198
-15801.7162803550
-15801.7168036873
-15801.7171938631
-15801.7167994763
-15801.7165091383
-15801.7169614708
-15801.7169939313
-15801.7171044471
-15801.7169223224
-15801.7166389997
-15801.7170297694
-15801.7164804919
-15801.7169423087
-15801.7163920703
-15801.7169234779
-15801.7165002811
-15801.7169579631
-15801.7167565004
-15801.7168640568
-15801.7167146254
-15801.7170730901
-15801.7169065268
-15801.7174439895
-15801.7163288278
-15801.7172387137
-15801.7169142438
-15801.7170157967
-15801.7170311799
-15801.7169583818
-15801.7168577931
-15801.7167215432
-15801.7168490453
-15801.7171500913
-15801.7168064616
-15801.7175092452
-15801.7167727114
-15801.7168388667
-15801.7170282146
-15801.7165297159
-15801.7164300380
-15801.7170073734
-15801.7170766443
-15801.7168057693
-15801.7171373306
-15801.7171175706
-15801.7166415477
-15801.7171384913
-15801.7167659811
-15801.7167374372
-15801.7167687045
-15801.7169910662
-15801.7173409578
-15801.7168176263
-15801.7164291338
-15801.7169775394
-15801.7167393683
-15801.7170033268
-15801.7169225943
-15801.7171427452
-15801.7170280159
-15801.7174461330
-15801.7166708424
-15801.7167984810
-15801.7170189142
-15801.7169030114
-15801.7170674752
-15801.7167716221
-15801.7169018357
-15801.7169245185
-15801.7165961398
-15801.7167672900
-15801.7168876749
-15801.7168937561
-15801.7170768192
-15801.7163719295
-15801.7169660824
-15801.7168892777
-15801.7172036003
-15801.7167916940
-15801.7167970426
-15801.7167160421
-15801.7170301266
-15801.7168545048
-15801.7170412854
-15801.7169335136
-15801.7171172366
-15801.7168602037
-15801.7167652687
-15801.7168868928
-15801.7170551365
-15801.7166272087
-15801.7170524503
-15801.7168617915
-15801.7172026781
-15801.7169027214
-15801.7168257155
-15801.7166193111
-15801.7166508756
-15801.7168807849
-15801.7169760703
-15801.7171781463
-15801.7166332616
-15801.7168008590
-15801.7170684377
-15801.7171489051
-15801.7170953661
-15801.7169142359
-15801.7167559691
-15801.7169967551
-15801.7169043131
-15801.7172833180
-15801.7171087841
-15801.7168094168
-15801.7165038228
-15801.7169935290
-15801.7172366590
-15801.7170962833
-15801.7170528311
-15801.7165890788
-15801.7167256139
-15801.7170190640
-15801.7167810630
-15801.7172897005
-15801.7171023210
-15801.7173996841
-15801.7170575637
-15801.7169909962
-15801.7171227561
-15801.7168453257
-15801.7168908298
-15801.7171874564
-15801.7168585483
-15801.7166758265
-15801.7170291043
-15801.7165658994
-15801.7167259617
-15801.7169256945
-15801.7174009139
-15801.7169736384
-15801.7169896932
-15801.7172648773
-15801.7168114864
-15801.7172468449
-15801.7170391589
-15801.7166778202
-15801.7168509556
-15801.7166404120
-15801.7165550685
-15801.7165902387
-15801.7171114196
-15801.7168284348
-15801.7168505161
-15801.7164447681
-15801.7168807871
-15801.7170662951
-15801.7167584036
-15801.7168764814
-15801.7171406231
-15801.7171703037
-15801.7166689560
-15801.7170178905
-15801.7171477213
-15801.7169535432
-15801.7171214620
-15801.7169399419
-15801.7171449518
-15801.7170025368
-15801.7165967751
-15801.7167528584
-15801.7168591114
-15801.7174407094
-15801.7169952832
-15801.7166910909
-15801.7166724328
-15801.7174450364
-15801.7165397579
-15801.7167247898
-15801.7167238616
-15801.7167767620
-15801.7170359889
-15801.7169386675
-15801.7169473180
-15801.7168170399
-15801.7169576546
-15801.7169685566
-15801.7165566272
-15801.7166529943
-15801.7166567933
-15801.7169583428
-15801.7169202383
-15801.7166434740
-15801.7166756356
-15801.7169429020
-15801.7167711304
-15801.7169408074
-15801.7168153530
-15801.7170811808
-15801.7168544402
-15801.7171367255
-15801.7168244766
-15801.7169811423
-15801.7167778320
-15801.7172643578
-15801.7169979444
-15801.7168109547
-15801.7170348324
-15801.7168883315
-15801.7173855224
-15801.7173010076
-15801.7171436062
-15801.7175093766
-15801.7169566684
-15801.7165568167
-15801.7175120191
-15801.7169949909
-15801.7168323784
-15801.7169187463
-15801.7167223002
-15801.7169042652
-15801.7170418304
-15801.7170928780
-15801.7169309209
-15801.7168793765
-15801.7168058854
-15801.7163392153
-15801.7171989297
-15801.7168645101
-15801.7171657418
-15801.7169049186
-15801.7167089889
-15801.7169149986
-15801.7173393217
-15801.7167660430
-15801.7169920747
-15801.7168113212
-15801.7166709760
-15801.7170248212
-15801.7169342665
-15801.7164399164
-15801.7166845356
-15801.7164406600
-15801.7169396852
-15801.7170148953
-15801.7166111882
-15801.7168770686
-15801.7168459615
-15801.7167082453
-15801.7167726089
-15801.7166935775
-15801.7169691832
-15801.7167591142
-15801.7171805525
-15801.7167573087
-15801.7168401290
-15801.7170685351
-15801.7169480193
-15801.7168369094
-15801.7165956901
-15801.7166658295
-15801.7170388128
-15801.7167005106
-15801.7170005868
-15801.7166999813
-15801.7171090993
-15801.7165925398
-15801.7169842603
-15801.7166054088
-15801.7169798003
-15801.7172861233
-15801.7173255328
-15801.7170056128
-15801.7166132418
-15801.7165494226
-15801.7174419509
-15801.7170063052
-15801.7167599448
-15801.7166615987
-15801.7173062666
-15801.7168952875
-15801.7170712196
-15801.7170438451
-15801.7169039057
-15801.7165708675
-15801.7165464854
-15801.7168221761
-15801.7170733825
-15801.7174431635
-15801.7171059691
-15801.7169211186
-15801.7170885857
-15801.7170305059
-15801.7170029225
-15801.7169611444
-15801.7164175187
-15801.7167416619
-15801.7171779889
-15801.7168938493
-15801.7174424762
-15801.7168726586
-15801.7168855993
-15801.7170197109
-15801.7168049413
-15801.7171671728
-15801.7169783968
-15801.7167904724
-15801.7171959692
-15801.7168566964
-15801.7167290880
-15801.7170172230
-15801.7165097433
-15801.7167523825
-15801.7169096615
-15801.7166176191
-15801.7169414514
-15801.7171074308
-15801.7165622142
-15801.7167408296
-15801.7167894126
-15801.7172096775
-15801.7171117730
-15801.7168421251
-15801.7168856527
-15801.7166821356
-15801.7170965436
-15801.7168692631
-15801.7171123582
-15801.7172775284
-15801.7166763327
-15801.7167919157
-15801.7171330591
-15801.7169104158
-15801.7167933877
-15801.7167292812
-15801.7164942623
-15801.7166930875
-15801.7166076657
-15801.7171289989
-15801.7167991994
-15801.7167246836
-15801.7169992432
-15801.7171134973
-15801.7172773602
-15801.7166892658
-15801.7168096314
-15801.7171048087
-15801.7173407908
-15801.7168208765
-15801.7167087432
-15801.7168323824
-15801.7169433502
-15801.7167480803
-15801.7168446824
-15801.7162771747
-15801.7166286177
-15801.7171895459
-15801.7166779442
-15801.7168750233
-15801.7168211324
-15801.7170706944
-15801.7169040427
-15801.7167952888
-15801.7168703577
-15801.7171124146
-15801.7168006421
-15801.7169501801
-15801.7170047544
-15801.7167761626
-15801.7168196219
-15801.7164438079
-15801.7169613876
-15801.7169087369
-15801.7170053982
-15801.7168908212
-15801.7166714984
-15801.7170702794
-15801.7169543405
-15801.7166905380
-15801.7168322460
-15801.7169112221
-15801.7172204049
-15801.7170038482
-15801.7171526635
-15801.7171345629
-15801.7168069367
-15801.7168796524
-15801.7172934266
-15801.7166782511
-15801.7174846273
-15801.7166314746
-15801.7166253432
-15801.7171739935
-15801.7167059190
-15801.7165687943
-15801.7168121960
-15801.7169470359
-15801.7168164544
-15801.7164752686
-15801.7170229375
-15801.7167065624
-15801.7165722394
-15801.7171189693
-15801.7168520335
-15801.7167038005
-15801.7170442940
-15801.7169215980
-15801.7168376464
-15801.7168675623
-15801.7167902316
-15801.7168891965
-15801.7168733741
-15801.7169945408
-15801.7168136616
-15801.7168180529
-15801.7167775243
-15801.7171110804
-15801.7168086856
-15801.7167308099
-15801.7167677899
-15801.7170541900
-15801.7168851778
-15801.7173071647
-15801.7167293235
-15801.7169637155
-15801.7168437231
-15801.7164835538
-15801.7169412910
-15801.7166254609
-15801.7165978705
-15801.7167466579
-15801.7172809274
-15801.7167008788
-15801.7168053184
-15801.7174420876
-15801.7169722291
-15801.7167860853
-15801.7166678738
-15801.7166473462
-15801.7171291810
-15801.7167738546
-15801.7168332819
-15801.7164416670
-15801.7169976824
-15801.7168539383
-15801.7164799167
-15801.7167458535
-15801.7167827298
-15801.7173750555
-15801.7167878882
-15801.7166846762
-15801.7171239119
-15801.7163178754
-15801.7164370330
-15801.7167786597
-15801.7170634249
-15801.7165571539
-15801.7170247222
-15801.7165166869
-15801.7166559102
-15801.7162835996
-15801.7169476821
-15801.7168139992
-15801.7169936343
-15801.7165638313
-15801.7167067671
-15801.7172838680
-15801.7170225707
-15801.7165158279
-15801.7170258163
-15801.7164819744
-15801.7169149377
-15801.7174409954
-15801.7168052125
-15801.7169063895
-15801.7169629191
-15801.7168409949
-15801.7163648741
-15801.7170516329
-15801.7172260206
-15801.7168822305
-15801.7171906423
-15801.7167537613
-15801.7169511689
-15801.7163787883
-15801.7168658002
-15801.7168090002
-15801.7169260017
-15801.7166879993
-15801.7174421981
-15801.7166045906
-15801.7170266699
-15801.7165570623
-15801.7168824116
-15801.7174436206
-15801.7169025111
-15801.7173263063
-15801.7174447591
-15801.7172374544
-15801.7164727889
-15801.7168616548
-15801.7170420537
-15801.7164557520
-15801.7168786554
-15801.7169283065
-15801.7168443235
-15801.7169684161
-15801.7168464842
-15801.7167099391
-15801.7172776592
-15801.7168263314
-15801.7171649435
-15801.7167355584
-15801.7171046524
-15801.7172386228
-15801.7170122981
-15801.7169299299
-15801.7168448361
-15801.7166855471
-15801.7169956754
-15801.7166420583
-15801.7170739748
-15801.7169120027
-15801.7170988325
-15801.7169357615
-15801.7169695763
-15801.7166830057
-15801.7167687517
-15801.7168482912
-15801.7171759323
-15801.7168511131
-15801.7171711467
-15801.7172299584
-15801.7174240897
-15801.7171373378
-15801.7169123267
-15801.7170092481
-15801.7171467124
-15801.7166877293
-15801.7167796685
-15801.7169891437
-15801.7168711922
-15801.7166248786
-15801.7168640307
-15801.7162738627
-15801.7171766382
-15801.7167741190
-15801.7172068029
-15801.7170919472
-15801.7168226301
-15801.7168421854
-15801.7167562727
-15801.7168707916
-15801.7168149872
-15801.7168437732
-15801.7167607952
-15801.7172206238
-15801.7169087996
-15801.7167119881
-15801.7169766246
-15801.7171522335
-15801.7172273257
-15801.7166516656
-15801.7168679920
-15801.7168673391
-15801.7165074521
-15801.7169038233
-15801.7169003177
-15801.7170458509
-15801.7174409236
-15801.7168444921
-15801.7170915976
-15801.7168652464
-15801.7168220466
-15801.7167502295
-15801.7174432352
-15801.7169820993
-15801.7164616782
-15801.7165648601
-15801.7167278950
-15801.7169813008
-15801.7167852809
-15801.7166489274
-15801.7167000124
-15801.7167138867
-15801.7167534505
-15801.7168829199
-15801.7172742917
-15801.7174645350
-15801.7172887238
-15801.7174431827
-15801.7170056268
-15801.7168124331
-15801.7165804916
-15801.7168744282
-15801.7168070474
-15801.7173446273
-15801.7170192498
-15801.7168678681
-15801.7163955891
-15801.7164734449
-15801.7170387317
-15801.7168442486
-15801.7171884126
-15801.7170730745
-15801.7164749663
-15801.7169508257
-15801.7170865233
-15801.7167873905
-15801.7167520450
-15801.7170478049
-15801.7165037271
-15801.7168921508
-15801.7170211765
-15801.7167905774
-15801.7167992417
-15801.7171439226
-15801.7169352077
-15801.7167313964
-15801.7168579505
-15801.7169388181
-15801.7172836774
-15801.7166919419
-15801.7168152270
-15801.7169698133
-15801.7169872025
-15801.7175118161
-15801.7167786538
-15801.7167775907
-15801.7165286864
-15801.7172295003
-15801.7169682384
-15801.7170900454
-15801.7171206258
-15801.7166666986
-15801.7166918330
-15801.7172437898
-15801.7169147495
-15801.7167319449
-15801.7170075048
-15801.7164983347
-15801.7167654129
-15801.7167996275
-15801.7166230226
-15801.7166140641
-15801.7168663688
-15801.7169750099
-15801.7169803605
-15801.7169690155
-15801.7166120975
-15801.7167832988
-15801.7170320257
-15801.7171133326
-15801.7166524648
-15801.7168978450
-15801.7170258229
-15801.7167935019
-15801.7165684366
-15801.7166776149
-15801.7166929360
-15801.7169007633
-15801.7170572661
-15801.7168547586
-15801.7170548599
-15801.7169266299
-15801.7168292933
-15801.7172425122
-15801.7170317862
-15801.7172313008
-15801.7168962934
-15801.7167741052
-15801.7169848808
-15801.7173990528
-15801.7167421474
-15801.7167756949
-15801.7171478862
-15801.7169731144
-15801.7171340559
-15801.7171058852
-15801.7169003554
-15801.7166070552
-15801.7169132732
-15801.7170099093
-15801.7168124438
-15801.7173733928
-15801.7171524073
-15801.7169158570
-15801.7170221785
-15801.7168432121
-15801.7170203063
-15801.7174657877
-15801.7174059299
-15801.7173641456
-15801.7167312405
-15801.7169067797
-15801.7167056529
-15801.7170104017
-15801.7173229495
-15801.7165149062
-15801.7166727781
-15801.7167493353
-15801.7168732605
-15801.7173921581
-15801.7168171408
-15801.7174463615
-15801.7170597141
-15801.7171126087
-15801.7168295527
-15801.7169909119
-15801.7170494659
-15801.7168319453
-15801.7168270802
-15801.7170079558
-15801.7170576055
-15801.7171145512
-15801.7170126672
-15801.7164577636
-15801.7165512180
-15801.7166756828
-15801.7171121872
-15801.7166733770
-15801.7171789143
-15801.7168247150
-15801.7166544642
-15801.7170205099
-15801.7168716203
-15801.7164375282
-15801.7168938780
-15801.7174429183
-15801.7171418179
-15801.7165192145
-15801.7168367914
-15801.7168382804
-15801.7170437350
-15801.7169801225
-15801.7170653483
-15801.7171632798
-15801.7165985824
-15801.7169465160
-15801.7167905026
-15801.7168271928
-15801.7167859806
-15801.7166494235
-15801.7167537128
-15801.7168374032
-15801.7169184176
-15801.7167415448
-15801.7174415148
-15801.7166092956
-15801.7170807705
-15801.7167926311
-15801.7168212521
-15801.7171349430
-15801.7166079669
-15801.7166711443
-15801.7169838200
-15801.7168663993
-15801.7170759175
-15801.7167678698
-15801.7170528179
-15801.7172203041
-15801.7166356072
-15801.7170009521
-15801.7170369154
-15801.7169683711
-15801.7171370383
-15801.7166475753
-15801.7171186873
-15801.7167044106
-15801.7167490637
-15801.7170945996
-15801.7168144121
-15801.7167199249
-15801.7169593442
-15801.7168577109
-15801.7169115309
-15801.7166571210
-15801.7168183520
-15801.7171621739
-15801.7167992918
-15801.7169194339
-15801.7171452604
-15801.7171613275
-15801.7164144984
-15801.7172073318
-15801.7167374853
-15801.7170243366
-15801.7170465684
-15801.7169922948
-15801.7166879490
-15801.7168015056
-15801.7170965348
-15801.7173185359
-15801.7166088535
-15801.7173147742
-15801.7164289602
-15801.7172680604
-15801.7168989202
-15801.7165067298
-15801.7172189208
-15801.7168065533
-15801.7165735780
-15801.7172100596
-15801.7166017322
-15801.7168983896
-15801.7164532371
-15801.7167443279
-15801.7171708187
-15801.7174091131
-15801.7174425579
-15801.7166265511
-15801.7171661638
-15801.7164517258
-15801.7170572225
-15801.7167685588
-15801.7169402346
-15801.7167840562
-15801.7172684880
-15801.7167939846
-15801.7170618458
-15801.7167002336
-15801.7170297202
-15801.7168066230
-15801.7166650024
-15801.7168435993
-15801.7173666279
-15801.7169171968
-15801.7168566402
-15801.7170638599
-15801.7173236416
-15801.7165917987
-15801.7170974091
-15801.7169584233
-15801.7172552162
-15801.7169186044
-15801.7172404172
-15801.7164836390
-15801.7169935145
-15801.7171169297
-15801.7169985665
-15801.7167149069
-15801.7172710009
-15801.7168537941
-15801.7169935857
-15801.7165529422
-15801.7168473664
-15801.7170102771
-15801.7169515461
-15801.7166163439
-15801.7169929284
-15801.7170684219
-15801.7164358054
-15801.7171586645
-15801.7170725893
-15801.7169546297
-15801.7164672571
-15801.7168082002
-15801.7169935848
-15801.7173443534
-15801.7169608410
-15801.7167987778
-15801.7170335788
-15801.7172213114
-15801.7169244110
-15801.7170359887
-15801.7168618082
-15801.7172231284
-15801.7168019215
-15801.7170388618
-15801.7168864248
-15801.7166870852
-15801.7166342087
-15801.7167774533
-15801.7172066132
-15801.7168876061
-15801.7164477319
-15801.7171965617
-15801.7167706885
-15801.7172102368
-15801.7170111955
-15801.7172055530
-15801.7175101124
-15801.7168179881
-15801.7171662249
-15801.7165069656
-15801.7169865436
-15801.7166882915
-15801.7165952431
-15801.7166017384
-15801.7169544161
-15801.7164664993
-15801.7170572396
-15801.7164133544
-15801.7170407710
-15801.7166097322
-15801.7165822030
-15801.7168389076
-15801.7167284487
-15801.7167598080
-15801.7169326271
-15801.7168462978
-15801.7169157567
-15801.7170219299
-15801.7164210035
-15801.7166626582
-15801.7167958815
-15801.7171254632
-15801.7167222600
-15801.7170176055
-15801.7166857900
-15801.7169373148
-15801.7170917759
-15801.7167609947
-15801.7169937948
-15801.7170414018
-15801.7168279452
-15801.7169759204
-15801.7172555246
-15801.7171167309
-15801.7167919141
-15801.7168376125
-15801.7166449783
-15801.7166349342
-15801.7172642093
-15801.7171471568
-15801.7169269110
-15801.7169198448
-15801.7170419807
-15801.7166129116
-15801.7170498461
-15801.7169593647
-15801.7167463994
-15801.7170269898
-15801.7168027316
-15801.7168350438
-15801.7167496977
-15801.7170335157
-15801.7166819839
-15801.7164392791
-15801.7168676618
-15801.7167051449
-15801.7167401050
-15801.7166736309
-15801.7166344195
-15801.7172822478
-15801.7169948129
-15801.7168331480
-15801.7168511099
-15801.7170119821
-15801.7170269190
-15801.7169158226
-15801.7170402283
-15801.7169616456
-15801.7173305559
-15801.7169669847
-15801.7171021434
-15801.7169836610
-15801.7167244264
-15801.7166693315
-15801.7166080974
-15801.7171556306
-15801.7170005114
-15801.7173237519
-15801.7168077188
-15801.7170883242
-15801.7166845141
-15801.7170313507
-15801.7166390480
-15801.7172667785
-15801.7171246695
-15801.7172323977
-15801.7166974876
-15801.7169694063
-15801.7172647151
-15801.7165819557
-15801.7168423771
-15801.7170893679
-15801.7167329718
-15801.7170591823
-15801.7169844035
-15801.7162852031
-15801.7167086241
-15801.7168520590
-15801.7168088429
-15801.7168755907
-15801.7170512686
-15801.7169979871
-15801.7172092024
-15801.7167708599
-15801.7164002296
-15801.7165355262
-15801.7169002206
-15801.7169926527
-15801.7171207960
-15801.7167360148
-15801.7168604984
-15801.7168014152
-15801.7170285027
-15801.7168720393
-15801.7163292233
-15801.7165539302
-15801.7169575858
-15801.7168961280
-15801.7163464949
-15801.7172389210
-15801.7167850099
-15801.7168828844
-15801.7170420532
-15801.7171048884
-15801.7170675246
-15801.7171721173
-15801.7170755221
-15801.7167189756
-15801.7167809906
-15801.7169403299
-15801.7170058934
-15801.7167185544
-15801.7168370941
-15801.7170574299
-15801.7167168994
-15801.7173188996
-15801.7166531562
-15801.7167814851
-15801.7169038824
-15801.7173033852
-15801.7169065975
-15801.7168747754
-15801.7167813256
-15801.7170787647
-15801.7171962119
-15801.7172049922
-15801.7169509016
-15801.7164883625
-15801.7167549807
-15801.7170542405
-15801.7165521231
-15801.7168485101
-15801.7167834363
-15801.7169588181
-15801.7168152473
-15801.7171098717
-15801.7169509378
-15801.7168750036
-15801.7167913274
-15801.7169929665
-15801.7166096779
-15801.7168552627
-15801.7167588636
-15801.7167846008
-15801.7167549701
-15801.7170317206
-15801.7169579914
-15801.7167317963
-15801.7167944258
-15801.7168059486
-15801.7167851492
-15801.7168494743
-15801.7171179515
-15801.7170001994
-15801.7168679807
-15801.7168239577
-15801.7168806918
-15801.7166494103
-15801.7170122586
-15801.7167816284
-15801.7168513542
-15801.7170657221
-15801.7169482515
-15801.7170968024
-15801.7173559325
-15801.7168078159
-15801.7166594198
-15801.7166852345
-15801.7169847852
-15801.7170709155
-15801.7166074606
-15801.7166973421
-15801.7165553191
-15801.7170452825
-15801.7168659281
-15801.7169244082
-15801.7169528938
-15801.7170797911
-15801.7163747188
-15801.7172042913
-15801.7167922791
-15801.7171956447
-15801.7168901400
-15801.7170622215
-15801.7166309320
-15801.7167310648
-15801.7165191449
-15801.7169361612
-15801.7169835472
-15801.7166773574
-15801.7169176796
-15801.7166782046
-15801.7165977311
-15801.7167255433
-15801.7168076354
-15801.7164925253
-15801.7167304113
-15801.7166040654
-15801.7173038436
-15801.7167114253
-15801.7170845918
-15801.7170045147
-15801.7168767926
-15801.7167184467
-15801.7169615856
-15801.7166656596
-15801.7165992108
-15801.7166805404
-15801.7169857665
-15801.7169998017
-15801.7167506926
-15801.7169403528
-15801.7167790553
-15801.7170208646
-15801.7169399497
-15801.7171378784
-15801.7170328883
-15801.7165975834
-15801.7163715757
-15801.7166058090
-15801.7169022427
-15801.7165160745
-15801.7171587003
-15801.7168886829
-15801.7169232340
-15801.7168630430
-15801.7169883790
-15801.7164709268
-15801.7167545987
-15801.7170194819
-15801.7167114329
-15801.7174436442
-15801.7169014443
-15801.7168176998
-15801.7171282641
-15801.7170091522
-15801.7170254973
-15801.7166657113
-15801.7168954432
-15801.7167927693
-15801.7167658140
-15801.7168305078
-15801.7167630751
-15801.7169567613
-15801.7170407527
-15801.7166817586
-15801.7169503238
-15801.7166729128
-15801.7165810598
-15801.7168775389
-15801.7171411151
-15801.7166911696
-15801.7171537003
-15801.7170698647
-15801.7167638736
-15801.7172542621
-15801.7169624536
-15801.7170219175
-15801.7170545153
-15801.7167579704
-15801.7168859364
-15801.7167591057
-15801.7170822145
-15801.7169324682
-15801.7165248429
-15801.7165740033
-15801.7168091187
-15801.7168571509
-15801.7171660102
-15801.7170157356
-15801.7167744444
-15801.7170252869
-15801.7165846304
-15801.7170870354
-15801.7172735292
-15801.7171358029
-15801.7168578660
-15801.7168608555
-15801.7167102912
-15801.7162792426
-15801.7171987202
-15801.7168391578
-15801.7170087810
-15801.7167591261
-15801.7168570885
-15801.7165236703
-15801.7166177473
-15801.7169000551
-15801.7166082259
-15801.7167750063
-15801.7166458909
-15801.7171623406
-15801.7171740906
-15801.7172874333
-15801.7170846709
-15801.7170487043
-15801.7170132965
-15801.7168770356
-15801.7167409787
-15801.7168048777
-15801.7167065101
-15801.7164933197
-15801.7166651901
-15801.7164030150
-15801.7169059034
-15801.7172344572
-15801.7169140810
-15801.7170354770
-15801.7168528726
-15801.7174458955
-15801.7171209433
-15801.7169889127
-15801.7171092371
-15801.7168082213
-15801.7171421218
-15801.7168126650
-15801.7170531802
-15801.7168493970
-15801.7171640761
-15801.7170454531
-15801.7166489770
-15801.7168024429
-15801.7169255713
-15801.7167869169
-15801.7167564168
-15801.7172918288
-15801.7169102750
-15801.7166866754
-15801.7173295887
-15801.7171238444
-15801.7167499727
-15801.7173707576
-15801.7172740518
-15801.7168120554
-15801.7166788491
-15801.7166409541
-15801.7165369368
-15801.7171407200
-15801.7170182678
-15801.7169508529
-15801.7167522456
-15801.7165996480
-15801.7170369493
-15801.7166425707
-15801.7171042573
-15801.7170458921
-15801.7165509167
-15801.7168195421
-15801.7165284873
-15801.7166925618
-15801.7171790543
-15801.7170643482
-15801.7167243894
-15801.7165709684
-15801.7170642497
-15801.7171360095
-15801.7171168981
-15801.7169925123
-15801.7167657614
-15801.7168430767
-15801.7166643688
-15801.7171164361
-15801.7166690197
-15801.7168161178
-15801.7170075146
-15801.7170474230
-15801.7169651170
-15801.7169558208
-15801.7168798901
-15801.7169314782
-15801.7163549994
-15801.7167883010
-15801.7165846473
-15801.7169618746
-15801.7169605425
-15801.7171721210
-15801.7168307274
-15801.7169804882
-15801.7171319818
-15801.7165696122
-15801.7171897309
-15801.7166261206
-15801.7168049797
-15801.7168477888
-15801.7170833356
-15801.7172140876
-15801.7168858188
-15801.7168837706
-15801.7168899353
-15801.7170689256
-15801.7168643531
-15801.7168247902
-15801.7171304894
-15801.7168550548
-15801.7168671491
-15801.7169616960
-15801.7169066360
-15801.7167652508
-15801.7168881603
-15801.7172558072
-15801.7168553409
-15801.7167632323
-15801.7169198714
-15801.7170231815
-15801.7171603099
-15801.7166017626
-15801.7167119783
-15801.7170969240
-15801.7165784633
-15801.7168770419
-15801.7171529871
-15801.7168935609
-15801.7167556510
-15801.7167347182
-15801.7169506149
-15801.7166741989
-15801.7171776790
-15801.7169075235
-15801.7170377310
-15801.7169204843
-15801.7172055190
-15801.7170058862
-15801.7167956911
-15801.7168896218
-15801.7169777078
-15801.7167036887
-15801.7172440467
-15801.7171027419
-15801.7170328239
-15801.7172082289
-15801.7171457809
-15801.7169420724
-15801.7172215790
-15801.7172282516
-15801.7173208342
-15801.7162871806
-15801.7168034513
-15801.7167526110
-15801.7164074328
-15801.7168178256
-15801.7168701737
-15801.7168833823
-15801.7170577231
-15801.7169156224
-15801.7167208461
-15801.7167861616
-15801.7168337828
-15801.7169391882
-15801.7168921541
-15801.7167171385
-15801.7167220411
-15801.7172990077
-15801.7168971621
-15801.7167647487
-15801.7169581293
-15801.7173136061
-15801.7170364997
-15801.7170070931
-15801.7175120787
-15801.7170543287
-15801.7168921143
-15801.7168786163
-15801.7170572233
-15801.7169252090
-15801.7168325901
-15801.7166423228
-15801.7168216288
-15801.7167796252
-15801.7168583995
-15801.7170036143
-15801.7165869213
-15801.7168857699
-15801.7172445647
-15801.7175106857
-15801.7170814883
-15801.7169328279
-15801.7168188051
-15801.7165980854
-15801.7165976190
-15801.7165680913
-15801.7168954114
-15801.7170693825
-15801.7167422073
-15801.7166858825
-15801.7166582721
-15801.7170800946
-15801.7167319412
-15801.7168557433
-15801.7167339546
-15801.7169727376
-15801.7170515511
-15801.7169151752
-15801.7169481090
-15801.7170568745
-15801.7168306761
-15801.7165852025
-15801.7165125437
-15801.7170390735
-15801.7166447790
-15801.7171173478
-15801.7166162886
-15801.7169305338
-15801.7169308967
-15801.7166694960
-15801.7172392768
-15801.7171761529
-15801.7169829263
-15801.7166270455
-15801.7168489166
-15801.7166899337
-15801.7168828643
-15801.7170358116
-15801.7166941513
-15801.7167240236
-15801.7165374338
-15801.7164983383
-15801.7170086961
-15801.7166770545
-15801.7170523687
-15801.7172641881
-15801.7168488012
-15801.7170166779
-15801.7168425027
-15801.7172474978
-15801.7167112529
-15801.7174418198
-15801.7165568489
-15801.7167321374
-15801.7170278170
-15801.7171620729
-15801.7171439301
-15801.7169764643
-15801.7172750216
-15801.7168105730
-15801.7167087497
-15801.7170348795
-15801.7168458223
-15801.7165216772
-15801.7169152223
-15801.7166800595
-15801.7169528732
-15801.7165369959
-15801.7167793929
-15801.7166363411
-15801.7169780686
-15801.7170134186
-15801.7169763436
-15801.7171997613
-15801.7169195423
-15801.7172086011
-15801.7168099129
-15801.7168613472
-15801.7171137938
-15801.7167787542
-15801.7165788273
-15801.7164830369
-15801.7171975024
-15801.7169716435
-15801.7169612100
-15801.7166837991
-15801.7167575197
-15801.7171891050
-15801.7169610164
-15801.7169043605
-15801.7171068384
-15801.7166071518
-15801.7168649874
-15801.7165474305
-15801.7169724111
-15801.7168408319
-15801.7167178206
-15801.7172880645
-15801.7168630798
-15801.7171120928
-15801.7170118689
-15801.7172578862
-15801.7169180227
-15801.7168609412
-15801.7169694427
-15801.7172833343
-15801.7169096677
-15801.7166391688
-15801.7167405196
-15801.7168837621
-15801.7172624246
-15801.7166733276
-15801.7168834832
-15801.7170243593
-15801.7165511546
-15801.7170513604
-15801.7167770384
-15801.7164283434
-15801.7166199391
-15801.7168030317
-15801.7169200223
-15801.7172217130
-15801.7169765453
-15801.7167642328
-15801.7167049708
-15801.7172639782
-15801.7167509626
-15801.7168803601
-15801.7170293654
-15801.7171062114
-15801.7168497899
-15801.7170694815
-15801.7170125918
-15801.7172593776
-15801.7170864411
-15801.7166702545
-15801.7171044293
-15801.7170741196
-15801.7172180696
-15801.7171614615
-15801.7168642797
-15801.7166676864
-15801.7166666214
-15801.7169769545
-15801.7169118759
-15801.7167222327
-15801.7168490486
-15801.7167430015
-15801.7166385130
-15801.7167079497
-15801.7170966111
-15801.7170261437
-15801.7171336321
-15801.7165145891
-15801.7169182800
-15801.7168814228
-15801.7171136847
-15801.7172673425
-15801.7175112208
-15801.7168827749
-15801.7163346255
-15801.7168997938
-15801.7170211623
-15801.7173019522
-15801.7166658137
-15801.7170778847
-15801.7169162398
-15801.7168935750
-15801.7169673607
-15801.7170479044
-15801.7170972600
-15801.7170511033
-15801.7173015740
-15801.7169834421
-15801.7169425965
-15801.7166590497
-15801.7168255110
-15801.7165061729
-15801.7172834903
-15801.7170281002
-15801.7169645989
-15801.7170660031
-15801.7165412283
-15801.7173506867
-15801.7169816155
-15801.7165366843
-15801.7167820080
-15801.7164825368
-15801.7166552264
-15801.7170385929
-15801.7166876791
-15801.7171848505
-15801.7168721251
-15801.7166455216
-15801.7172544404
-15801.7171934045
-15801.7166519975
-15801.7173016073
-15801.7166723953
-15801.7168899329
-15801.7169982465
-15801.7170875315
-15801.7165993781
-15801.7171953797
-15801.7167879645
-15801.7164870145
-15801.7165892177
-15801.7168653044
-15801.7168167581
-15801.7170085903
-15801.7165485014
-15801.7171844251
-15801.7169325700
-15801.7167572048
-15801.7171853661
-15801.7167038686
-15801.7169623277
-15801.7169041834
-15801.7166451067
-15801.7167652379
-15801.7172326429
-15801.7165141809
-15801.7167764163
-15801.7168830377
-15801.7170645445
-15801.7170624895
-15801.7170253708
-15801.7172979390
-15801.7168534926
-15801.7166788235
-15801.7170224647
-15801.7164990069
-15801.7165824518
-15801.7169668580
-15801.7168489247
-15801.7169688082
-15801.7171075251
-15801.7165467346
-15801.7168769447
-15801.7167531524
-15801.7168062628
-15801.7168634254
-15801.7169994569
-15801.7169129310
-15801.7166763848
-15801.7168447564
-15801.7167544927
-15801.7166225274
-15801.7173111979
-15801.7164976112
-15801.7167792974
-15801.7171180823
-15801.7166725602
-15801.7174430553
-15801.7169786873
-15801.7164661019
-15801.7168477743
-15801.7174418616
-15801.7168175147
-15801.7172860588
-15801.7172813867
-15801.7168049877
-15801.7169062864
-15801.7166490343
-15801.7170635562
-15801.7169923381
-15801.7170328520
-15801.7167524569
-15801.7171490692
-15801.7170206064
-15801.7168639952
-15801.7171251087
-15801.7168985853
-15801.7170133484
-15801.7167949806
-15801.7170138201
-15801.7170569816
-15801.7172895983
-15801.7170324989
-15801.7168997634
-15801.7168522538
-15801.7167299841
-15801.7170398116
-15801.7169315600
-15801.7171287169
-15801.7170606763
-15801.7170551100
-15801.7173922366
-15801.7168077257
-15801.7169077651
-15801.7174448097
-15801.7170972978
-15801.7172439998
-15801.7166457915
-15801.7172483321
-15801.7165553491
-15801.7171001031
-15801.7167159172
-15801.7170893472
-15801.7166515441
-15801.7171456869
-15801.7169578270
-15801.7170644541
-15801.7173744147
-15801.7172176046
-15801.7171375601
-15801.7165645782
-15801.7166391941
-15801.7167792800
-15801.7171212181
-15801.7168867545
-15801.7170875525
-15801.7168005743
-15801.7167078319
-15801.7170144062
-15801.7170004617
-15801.7166599622
-15801.7166383167
-15801.7169121862
-15801.7168083882
-15801.7170781755
-15801.7168128119
-15801.7170167904
-15801.7169147338
-15801.7171421282
-15801.7168563376
-15801.7166354223
-15801.7171225830
-15801.7171044546
-15801.7167673889
-15801.7171042860
-15801.7167613569
-15801.7168021622
-15801.7168606060
-15801.7166348037
-15801.7170924395
-15801.7174206345
-15801.7168898912
-15801.7168613746
-15801.7168722647
-15801.7167660330
-15801.7167658053
-15801.7166147614
-15801.7170301638
-15801.7165452053
-15801.7171011967
-15801.7165873938
-15801.7165125108
-15801.7173350280
-15801.7169771125
-15801.7166128302
-15801.7167049387
-15801.7170136125
-15801.7173531008
-15801.7166086117
-15801.7171602842
-15801.7169093666
-15801.7167381161
-15801.7169287814
-15801.7166251422
-15801.7168442633
-15801.7166972125
-15801.7171594155
-15801.7166876005
-15801.7167671044
-15801.7172525621
-15801.7170750511
-15801.7168208417
-15801.7171147648
-15801.7169728313
-15801.7166989357
-15801.7166497525
-15801.7169238389
-15801.7166482189
-15801.7169446260
-15801.7166886668
-15801.7171362093
-15801.7171695262
-15801.7168690325
-15801.7169163879
-15801.7169993022
-15801.7172571047
-15801.7172028712
-15801.7169854696
-15801.7167501136
-15801.7171127802
-15801.7170800163
-15801.7167583451
-15801.7171194391
-15801.7171599690
-15801.7168163637
-15801.7174248463
-15801.7168608851
-15801.7169157129
-15801.7166537229
-15801.7168349821
-15801.7165194786
-15801.7165293877
-15801.7166977447
-15801.7167846538
-15801.7167113103
-15801.7169654844
-15801.7169807475
-15801.7171426804
-15801.7167748067
-15801.7167428912
-15801.7168740254
-15801.7167987031
-15801.7168579281
-15801.7170205127
-15801.7170837655
-15801.7169347754
-15801.7167663667
-15801.7166150459
-15801.7170382310
-15801.7172757709
-15801.7167807781
-15801.7169250107
-15801.7167733343
-15801.7165705057
-15801.7167436863
-15801.7164362443
-15801.7170204260
-15801.7168321767
-15801.7171407647
-15801.7169566911
-15801.7174387418
-15801.7166941196
-15801.7171215192
-15801.7169314567
-15801.7167874049
-15801.7171720709
-15801.7170786854
-15801.7173072278
-15801.7168363078
-15801.7165316137
-15801.7170292173
-15801.7172252476
-15801.7166048177
-15801.7166520483
-15801.7169757738
-15801.7171639208
-15801.7171337932
-15801.7169360824
-15801.7168648945
-15801.7168970018
-15801.7174403795
-15801.7169906375
-15801.7169077084
-15801.7169002987
-15801.7168653743
-15801.7167395085
-15801.7166385965
-15801.7163084901
-15801.7170576604
-15801.7167348167
-15801.7170778468
-15801.7166515077
-15801.7168397377
-15801.7170749809
-15801.7169587835
-15801.7169918783
-15801.7168192180
-15801.7167814957
-15801.7170781407
-15801.7170090276
-15801.7172904076
-15801.7168702537
-15801.7166030725
-15801.7165209439
-15801.7167136393
-15801.7172826818
-15801.7169909411
-15801.7169191069
-15801.7170148249
-15801.7168144363
-15801.7168792490
-15801.7166867866
-15801.7169336827
-15801.7172907032
-15801.7171260795
-15801.7171305230
-15801.7165699907
-15801.7166344976
-15801.7174425596
-15801.7166943033
-15801.7168517397
-15801.7169546046
-15801.7166490575
-15801.7167995758
-15801.7165116268
-15801.7170435825
-15801.7168086283
-15801.7170136369
-15801.7169508710
-15801.7167106512
-15801.7170969358
-15801.7170384809
-15801.7169936369
-15801.7166359523
-15801.7167699439
-15801.7173087680
-15801.7174385549
-15801.7172775659
-15801.7169277905
-15801.7167016192
-15801.7165633744
-15801.7165880054
-15801.7166523498
-15801.7171543196
-15801.7169750281
-15801.7169131262
-15801.7169917682
-15801.7170977555
-15801.7169697064
-15801.7174455033
-15801.7167502956
-15801.7168074450
-15801.7171754361
-15801.7168091612
-15801.7168518345
-15801.7170229594
-15801.7170028783
-15801.7174434039
-15801.7169631513
-15801.7171758565
-15801.7167293479
-15801.7169317005
-15801.7170762713
-15801.7169086112
-15801.7165822414
-15801.7170156897
-15801.7170281364
-15801.7162352935
-15801.7168563219
-15801.7165549644
-15801.7165586538
-15801.7171502781
-15801.7169895071
-15801.7169114927
-15801.7167468467
-15801.7168799117
-15801.7167377635
-15801.7167316067
-15801.7169400742
-15801.7169800538
-15801.7170031363
-15801.7167530464
-15801.7169433114
-15801.7169978944
-15801.7172235616
-15801.7170050739
-15801.7167827157
-15801.7172683459
-15801.7165092690
-15801.7168640625
-15801.7167867668
-15801.7166732626
-15801.7168616502
-15801.7168464413
-15801.7170097432
-15801.7168490170
-15801.7165916458
-15801.7168001800
-15801.7164657804
-15801.7171525963
-15801.7165054569
-15801.7168721099
-15801.7168837497
-15801.7169101341
-15801.7168459850
-15801.7166009997
-15801.7164294508
-15801.7170538537
-15801.7170579126
-15801.7172634134
-15801.7168053481
-15801.7170272137
-15801.7166759155
-15801.7171667954
-15801.7169406758
-15801.7167422161
-15801.7170159850
-15801.7174412038
-15801.7169935398
-15801.7169277956
-15801.7166253739
-15801.7166893910
-15801.7168428102
-15801.7167596895
-15801.7167210500
-15801.7169107497
-15801.7171096384
-15801.7165854938
-15801.7170368766
-15801.7168856044
-15801.7172189746
-15801.7165689300
-15801.7172377036
-15801.7170860324
-15801.7166352629
-15801.7171798885
-15801.7169916032
-15801.7167202498
-15801.7167997071
-15801.7166061720
-15801.7170035461
-15801.7169194775
-15801.7168246936
-15801.7165930011
-15801.7171598190
-15801.7167226373
-15801.7169361230
-15801.7169812830
-15801.7166150298
-15801.7169218888
-15801.7170232562
-15801.7168462494
-15801.7166308766
-15801.7168871254
-15801.7167972878
-15801.7172841252
-15801.7160888201
-15801.7170616859
-15801.7171839276
-15801.7170609883
-15801.7174465905
-15801.7169875960
-15801.7168861080
-15801.7170595121
-15801.7169580242
-15801.7167405181
-15801.7169256761
-15801.7168991363
-15801.7171850216
-15801.7170387602
-15801.7167271689
-15801.7167151466
-15801.7171685412
-15801.7166925810
-15801.7166608912
-15801.7170619860
-15801.7166765914
-15801.7168224707
-15801.7167085996
-15801.7165582722
-15801.7170368101
-15801.7170749422
-15801.7173669819
-15801.7164076435
-15801.7165075133
-15801.7171207362
-15801.7173918569
-15801.7167919569
-15801.7165304532
-15801.7169944255
-15801.7167784497
-15801.7170724834
-15801.7172680153
-15801.7167396034
-15801.7169221917
-15801.7169945721
-15801.7167822843
-15801.7168194558
-15801.7168548867
-15801.7166589423
-15801.7169163574
-15801.7167951163
-15801.7174405792
-15801.7165899309
-15801.7166455165
-15801.7172631506
-15801.7169535504
-15801.7168199360
-15801.7168405539
-15801.7166323741
-15801.7167933592
-15801.7169371717
-15801.7172284111
-15801.7171458818
-15801.7167284435
-15801.7171334224
-15801.7167552047
-15801.7168229267
-15801.7171031823
-15801.7171965400
-15801.7169880491
-15801.7168545621
-15801.7168739958
-15801.7172199760
-15801.7167352594
-15801.7170743368
-15801.7167529835
-15801.7171475888
-15801.7170293661
-15801.7169465214
-15801.7165176375
-15801.7171851845
-15801.7166835366
-15801.7172358090
-15801.7174501145
-15801.7165319731
-15801.7168805644
-15801.7168729421
-15801.7169134866
-15801.7168921173
-15801.7167651279
-15801.7164510961
-15801.7167438147
-15801.7174116885
-15801.7166161581
-15801.7168920576
-15801.7167933385
-15801.7167422387
-15801.7167316922
-15801.7170448597
-15801.7163038205
-15801.7169364524
-15801.7170187598
-15801.7171538997
-15801.7168358718
-15801.7170577361
-15801.7170622733
-15801.7170246168
-15801.7172051435
-15801.7173162640
-15801.7169734881
-15801.7171747701
-15801.7168677215
-15801.7168681853
-15801.7166089612
-15801.7167329315
-15801.7169852727
-15801.7170516454
-15801.7168470568
-15801.7169588702
-15801.7164633338
-15801.7172913414
-15801.7169069252
-15801.7168661475
-15801.7170858825
-15801.7171638065
-15801.7168072078
-15801.7169911809
-15801.7174414328
-15801.7170626762
-15801.7172787312
-15801.7164407967
-15801.7168996569
-15801.7172696872
-15801.7169761700
-15801.7173444821
-15801.7171304851
-15801.7170468412
-15801.7169230835
-15801.7171801520
-15801.7166754814
-15801.7166701017
-15801.7167472138
-15801.7168444335
-15801.7168615189
-15801.7170614198
-15801.7169010229
-15801.7168948395
-15801.7166842364
-15801.7173182354
-15801.7168501591
-15801.7165512454
-15801.7166561897
-15801.7167366000
-15801.7169967115
-15801.7167627742
-15801.7171414651
-15801.7174424708
-15801.7170551320
-15801.7169700016
-15801.7175124621
-15801.7169727473
-15801.7169277327
-15801.7174415175
-15801.7172371129
-15801.7168075493
-15801.7171912743
-15801.7169177575
-15801.7170555535
-15801.7170808447
-15801.7172736796
-15801.7171712449
-15801.7173874748
-15801.7171435056
-15801.7168229660
-15801.7173057691
-15801.7171832953
-15801.7163840854
-15801.7166857805
-15801.7169727024
-15801.7166876234
-15801.7168737817
-15801.7168093217
-15801.7165041001
-15801.7168260371
-15801.7170697405
-15801.7167416142
-15801.7170020000
-15801.7170924725
-15801.7166043995
-15801.7171703110
-15801.7169472498
-15801.7166243437
-15801.7169173745
-15801.7174449546
-15801.7174424401
-15801.7168462772
-15801.7166985196
-15801.7168826020
-15801.7170409749
-15801.7168695367
-15801.7167856372
-15801.7169283365
-15801.7168224977
-15801.7166005706
-15801.7166243764
-15801.7168902633
-15801.7169280202
-15801.7168224972
-15801.7168890893
-15801.7165858592
-15801.7170867223
-15801.7169012655
-15801.7167240373
-15801.7172607870
-15801.7174405976
-15801.7170874440
-15801.7171271960
-15801.7165833639
-15801.7170162099
-15801.7169726162
-15801.7161733781
-15801.7168019723
-15801.7169570370
-15801.7169873304
-15801.7171406187
-15801.7167762312
-15801.7170711060
-15801.7169298763
-15801.7166379960
-15801.7167372249
-15801.7169744050
-15801.7166485280
-15801.7173693225
-15801.7169019530
-15801.7165841825
-15801.7168083474
-15801.7166737814
-15801.7165342654
-15801.7169102096
-15801.7175087184
-15801.7166780555
-15801.7168352438
-15801.7171059289
-15801.7169465884
-15801.7171136333
-15801.7167921880
-15801.7171653011
-15801.7166664474
-15801.7169143352
-15801.7165567843
-15801.7168998833
-15801.7165628209
-15801.7170288448
-15801.7171266212
-15801.7169668978
-15801.7167751662
-15801.7174403936
-15801.7171214102
-15801.7170955617
-15801.7168699552
-15801.7167916673
-15801.7172478968
-15801.7166919241
-15801.7163466275
-15801.7170492267
-15801.7168866370
-15801.7169175071
-15801.7171954608
-15801.7172135240
-15801.7165979306
-15801.7167172805
-15801.7167855945
-15801.7169202860
-15801.7170835645
-15801.7168341943
-15801.7165545856
-15801.7167706822
-15801.7168221693
-15801.7171467478
-15801.7168063619
-15801.7171371884
-15801.7167685433
-15801.7167009814
-15801.7168549234
-15801.7171762622
-15801.7171358969
-15801.7170651366
-15801.7167269331
-15801.7164503978
-15801.7168714263
-15801.7168019292
-15801.7166666906
-15801.7168829741
-15801.7169349043
-15801.7169040434
-15801.7167284970
-15801.7170013625
-15801.7169148663
-15801.7167397234
-15801.7172431893
-15801.7168730624
-15801.7167852602
-15801.7168074376
-15801.7167681236
-15801.7165451333
-15801.7169467797
-15801.7170519269
-15801.7168939061
-15801.7165756904
-15801.7172488259
-15801.7169030401
-15801.7167797890
-15801.7169636169
-15801.7169282867
-15801.7167154868
-15801.7165237604
-15801.7171131505
-15801.7164673204
-15801.7173398223
-15801.7168982723
-15801.7167612019
-15801.7172467256
-15801.7168859545
-15801.7168289998
-15801.7172486155
-15801.7169608523
-15801.7171239365
-15801.7170091553
-15801.7170836658
-15801.7171931606
-15801.7169943082
-15801.7166054971
-15801.7167784772
-15801.7168280321
-15801.7169446331
-15801.7170520544
-15801.7165746438
-15801.7168822680
-15801.7172624322
-15801.7170375850
-15801.7170257209
-15801.7171000766
-15801.7169225827
-15801.7171646054
-15801.7167953112
-15801.7167918286
-15801.7168046015
-15801.7166158747
-15801.7170342200
-15801.7170307180
-15801.7170877618
-15801.7167571741
-15801.7166899264
-15801.7170733254
-15801.7172011330
-15801.7169516893
-15801.7164523837
-15801.7167909067
-15801.7170865015
-15801.7172183507
-15801.7166473080
-15801.7168377860
-15801.7166362924
-15801.7165811178
-15801.7169673135
-15801.7164740230
-15801.7168037132
-15801.7169167728
-15801.7166995064
-15801.7171220372
-15801.7171421982
-15801.7167993209
-15801.7169084965
-15801.7167745504
-15801.7169502237
-15801.7167710611
-15801.7170881774
-15801.7168032174
-15801.7169740993
-15801.7165570742
-15801.7170808311
-15801.7171460928
-15801.7171194270
-15801.7169378862
-15801.7169404034
-15801.7168706773
-15801.7166890558
-15801.7166827983
-15801.7170947299
-15801.7170699919
-15801.7169157162
-15801.7166859173
-15801.7167405469
-15801.7172045156
-15801.7169101881
-15801.7164665837
-15801.7169538019
-15801.7171442043
-15801.7169527825
-15801.7170291714
-15801.7168385615
-15801.7168234558
-15801.7165839879
-15801.7169538135
-15801.7167796683
-15801.7165968572
-15801.7170621346
-15801.7172003952
-15801.7171373922
-15801.7166683524
-15801.7168180589
-15801.7171439484
-15801.7165135169
-15801.7170860942
-15801.7167334071
-15801.7164699200
-15801.7168229302
-15801.7166389923
-15801.7172083906
-15801.7174479889
-15801.7175101997
-15801.7169720360
-15801.7169050956
-15801.7171522796
-15801.7165479705
-15801.7171433031
-15801.7169669877
-15801.7170748452
-15801.7168301290
-15801.7169092414
-15801.7170529000
-15801.7169773132
-15801.7168315043
-15801.7167724361
-15801.7170900285
-15801.7165375502
-15801.7167088102
-15801.7168059412
-15801.7170678387
-15801.7169111985
-15801.7166841108
-15801.7169346814
-15801.7169937460
-15801.7173078324
-15801.7168493012
-15801.7170086663
-15801.7167702802
-15801.7168424757
-15801.7168996220
-15801.7174387720
-15801.7167754280
-15801.7171310997
-15801.7170181507
-15801.7172189328
-15801.7166757935
-15801.7170573947
-15801.7167804671
-15801.7170316330
-15801.7165701582
-15801.7166919920
-15801.7165495299
-15801.7168259721
-15801.7169677073
-15801.7168886068
-15801.7171532581
-15801.7172933325
-15801.7172993274
-15801.7163555532
-15801.7168890770
-15801.7167334535
-15801.7173051572
-15801.7169742647
-15801.7168224420
-15801.7167221428
-15801.7170139378
-15801.7168527790
-15801.7171179245
-15801.7170115012
-15801.7170200443
-15801.7167120200
-15801.7169800560
-15801.7168437916
-15801.7165564326
-15801.7167689958
-15801.7168427105
-15801.7167400258
-15801.7168496413
-15801.7168382927
-15801.7168230356
-15801.7169935208
-15801.7165976953
-15801.7168338357
-15801.7170389149
-15801.7174442480
-15801.7171910981
-15801.7168656387
-15801.7168778834
-15801.7167850251
-15801.7169275060
-15801.7170454268
-15801.7171909719
-15801.7165311442
-15801.7168666394
-15801.7172773992
-15801.7167858369
-15801.7170518587
-15801.7170827655
-15801.7167124350
-15801.7168792211
-15801.7171019266
-15801.7168005657
-15801.7167192490
-15801.7171667060
-15801.7166141151
-15801.7172389510
-15801.7167649984
-15801.7168149223
-15801.7168116757
-15801.7169929336
-15801.7171600334
-15801.7166782761
-15801.7166141351
-15801.7165086955
-15801.7167705766
-15801.7165632333
-15801.7170826290
-15801.7173841801
-15801.7170285862
-15801.7167022360
-15801.7167960940
-15801.7175137728
-15801.7168015680
-15801.7171823978
-15801.7168613754
-15801.7169205118
-15801.7167226789
-15801.7172761323
-15801.7169231225
-15801.7167878453
-15801.7169388005
-15801.7170328347
-15801.7168629408
-15801.7171299718
-15801.7169792059
-15801.7168802748
-15801.7171692681
-15801.7172912465
-15801.7169333750
-15801.7168017477
-15801.7167033774
-15801.7173071682
-15801.7169185088
-15801.7169891399
-15801.7168209362
-15801.7165708132
-15801.7169308940
-15801.7167482233
-15801.7168434844
-15801.7164563149
-15801.7169758273
-15801.7171460696
-15801.7168760891
-15801.7173320571
-15801.7170340425
-15801.7168800322
-15801.7165866570
-15801.7168766409
-15801.7169753895
-15801.7170147775
-15801.7168371023
-15801.7170912960
-15801.7167722757
-15801.7169174238
-15801.7166646354
-15801.7170156540
-15801.7168577942
-15801.7166675922
-15801.7170828517
-15801.7171661817
-15801.7171632879
-15801.7166758725
-15801.7167586103
-15801.7164131322
-15801.7165917942
-15801.7168496346
-15801.7167262234
-15801.7168236968
-15801.7165526364
-15801.7167665763
-15801.7171396201
-15801.7173062793
-15801.7169933941
-15801.7171964293
-15801.7165587683
-15801.7172155004
-15801.7166512981
-15801.7165660615
-15801.7166150446
-15801.7165463346
-15801.7171246834
-15801.7171954527
-15801.7174434586
-15801.7167969312
-15801.7169681012
-15801.7170108096
-15801.7172625120
-15801.7166649305
-15801.7169884173
-15801.7164288342
-15801.7169483557
-15801.7169483539
-15801.7172260781
-15801.7169438663
-15801.7169767401
-15801.7170062674
-15801.7171555082
-15801.7171821038
-15801.7170420063
-15801.7169769681
-15801.7165597363
-15801.7165906147
-15801.7169650662
-15801.7170179374
-15801.7173084395
-15801.7168448369
-15801.7169608114
-15801.7166586898
-15801.7168175741
-15801.7171284839
-15801.7170557411
-15801.7171198047
-15801.7171344374
-15801.7165802103
-15801.7170630725
-15801.7169420729
-15801.7168536883
-15801.7169572237
-15801.7167620376
-15801.7170220252
-15801.7167609727
-15801.7175100615
-15801.7168299078
-15801.7174428626
-15801.7168754839
-15801.7172224235
-15801.7169668003
-15801.7172324093
-15801.7171882780
-15801.7165857984
-15801.7169158776
-15801.7168893408
-15801.7168217716
-15801.7165512288
-15801.7166723693
-15801.7173051659
-15801.7170296371
-15801.7167838323
-15801.7174428439
-15801.7169740661
-15801.7173565408
-15801.7171712673
-15801.7170714631
-15801.7169321827
-15801.7169789864
-15801.7167621497
-15801.7167905525
-15801.7173222272
-15801.7169470847
-15801.7171405005
-15801.7170184674
-15801.7167867511
-15801.7165892275
-15801.7168924202
-15801.7170102747
-15801.7169852544
-15801.7173494148
-15801.7169468721
-15801.7168687897
-15801.7167426637
-15801.7171922178
-15801.7169906327
-15801.7169782579
-15801.7170341345
-15801.7166581602
-15801.7169500318
-15801.7171584767
-15801.7170364333
-15801.7168562848
-15801.7167799046
-15801.7169892323
-15801.7162633198
-15801.7166927855
-15801.7168565837
-15801.7167968222
-15801.7168631451
-15801.7168553378
-15801.7166551343
-15801.7166617487
-15801.7169699207
-15801.7169579051
-15801.7168525041
-15801.7169956342
-15801.7170395768
-15801.7171314349
-15801.7169956910
-15801.7168249314
-15801.7170058133
-15801.7167067562
-15801.7165679656
-15801.7174424458
-15801.7167959137
-15801.7168581157
-15801.7170416611
-15801.7169595673
-15801.7167368495
-15801.7170583384
-15801.7168126263
-15801.7169600460
-15801.7172319342
-15801.7170385043
-15801.7164331121
-15801.7170607485
-15801.7169683258
-15801.7166177457
-15801.7170458391
-15801.7166449681
-15801.7169557191
-15801.7169814323
-15801.7165468193
-15801.7167970737
-15801.7170174454
-15801.7170410488
-15801.7167650573
-15801.7170910630
-15801.7168168357
-15801.7168755954
-15801.7171754372
-15801.7168114550
-15801.7169775052
-15801.7171234015
-15801.7169898256
-15801.7170377678
-15801.7168078146
-15801.7170525041
-15801.7170466236
-15801.7170088948
-15801.7167750260
-15801.7170429059
-15801.7168122830
-15801.7167198748
-15801.7168946165
-15801.7164710344
-15801.7168666162
-15801.7167733741
-15801.7170588206
-15801.7164103954
-15801.7164775775
-15801.7166915329
-15801.7175109231
-15801.7166978235
-15801.7174449187
-15801.7167882496
-15801.7168605622
-15801.7168634306
-15801.7167561656
-15801.7164428058
-15801.7169645812
-15801.7172525619
-15801.7165804886
-15801.7168797689
-15801.7170702601
-15801.7170986710
-15801.7170870804
-15801.7165967821
-15801.7171539594
-15801.7171029344
-15801.7167944718
-15801.7171402493
-15801.7170018030
-15801.7170225031
-15801.7167474459
-15801.7171890223
-15801.7170191160
-15801.7167583827
-15801.7164783815
-15801.7171880045
-15801.7169836752
-15801.7170703889
-15801.7168495582
-15801.7169710971
-15801.7169005734
-15801.7171267042
-15801.7169312510
-15801.7172083268
-15801.7168738147
-15801.7170211171
-15801.7170300591
-15801.7167046537
-15801.7166949763
-15801.7168055933
-15801.7172149520
-15801.7168164980
-15801.7168832984
-15801.7170612835
-15801.7169199070
-15801.7167792779
-15801.7169730652
-15801.7169391118
-15801.7169901838
-15801.7170154540
-15801.7165960243
-15801.7170196509
-15801.7166311366
-15801.7168808660
-15801.7168829971
-15801.7165319654
-15801.7163601421
-15801.7166010840
-15801.7169865270
-15801.7168703740
-15801.7170473657
-15801.7169248359
-15801.7169400795
-15801.7168553670
-15801.7170693932
-15801.7166507075
-15801.7169781322
-15801.7170304287
-15801.7171571212
-15801.7169759717
-15801.7167955242
-15801.7165238167
-15801.7166256888
-15801.7167911271
-15801.7172373194
-15801.7168443731
-15801.7167565210
-15801.7168240322
-15801.7167010964
-15801.7168546261
-15801.7167398631
-15801.7173277766
-15801.7169202489
-15801.7174739045
-15801.7165961642
-15801.7166747738
-15801.7169339552
-15801.7171153350
-15801.7174410405
-15801.7169438263
-15801.7169755852
-15801.7169631566
-15801.7168988954
-15801.7168982468
-15801.7169384063
-15801.7170815819
-15801.7165183065
-15801.7169871008
-15801.7166721237
-15801.7164985066
-15801.7169722144
-15801.7165693105
-15801.7172007054
-15801.7171048674
-15801.7173174539
-15801.7167528214
-15801.7168644634
-15801.7167577445
-15801.7166146603
-15801.7167431416
-15801.7165306212
-15801.7170655953
-15801.7171849181
-15801.7169490313
-15801.7167801618
-15801.7170112833
-15801.7168046802
-15801.7168476578
-15801.7170634603
-15801.7171621096
-15801.7170431793
-15801.7166460602
-15801.7170871183
-15801.7166431879
-15801.7168502282
-15801.7166934313
-15801.7169147605
-15801.7167296440
-15801.7172299479
-15801.7167410410
-15801.7168598392
-15801.7166673122
-15801.7168130960
-15801.7169407475
-15801.7165192925
-15801.7167338274
-15801.7169746917
-15801.7168228050
-15801.7173901127
-15801.7167551486
-15801.7163708621
-15801.7170576958
-15801.7171370980
-15801.7166763642
-15801.7169290199
-15801.7165632368
-15801.7169965136
-15801.7169449736
-15801.7172000941
-15801.7171834946
-15801.7168405608
-15801.7172293452
-15801.7173157125
-15801.7171443059
-15801.7168767712
-15801.7165696375
-15801.7170303666
-15801.7170565672
-15801.7167862710
-15801.7172487215
-15801.7168382799
-15801.7171269697
-15801.7169241698
-15801.7170588123
-15801.7167195856
-15801.7165802331
-15801.7167451154
-15801.7169198649
-15801.7168846866
-15801.7165727418
-15801.7170399195
-15801.7168923240
-15801.7168762857
-15801.7167708361
-15801.7172347039
-15801.7165385055
-15801.7168823673
-15801.7169184474
-15801.7167801194
-15801.7170301452
-15801.7167846677
-15801.7168887147
-15801.7169635436
-15801.7169550990
-15801.7166005787
-15801.7163785059
-15801.7170272760
-15801.7173049004
-15801.7169284863
-15801.7164754553
-15801.7170691961
-15801.7168261276
-15801.7170843654
-15801.7173975211
-15801.7168091609
-15801.7169410842
-15801.7172268569
-15801.7168516695
-15801.7166332747
-15801.7166870306
-15801.7169522839
-15801.7170692849
-15801.7170758745
-15801.7166460431
-15801.7171537360
-15801.7174425946
-15801.7168921086
-15801.7172530972
-15801.7165930024
-15801.7172528548
-15801.7167572907
-15801.7169420077
-15801.7168804043
-15801.7167555363
-15801.7170418473
-15801.7169046123
-15801.7169396272
-15801.7164462003
-15801.7171317309
-15801.7169021477
-15801.7170745694
-15801.7166028936
-15801.7172000459
-15801.7169719125
-15801.7167115294
-15801.7169420821
-15801.7168667531
-15801.7169728930
-15801.7170574818
-15801.7175073680
-15801.7167933125
-15801.7170614422
-15801.7167261503
-15801.7172928233
-15801.7169314364
-15801.7171442796
-15801.7170290951
-15801.7166392552
-15801.7168465501
-15801.7167433515
-15801.7169014854
-15801.7167004725
-15801.7170613466
-15801.7167716147
-15801.7171427005
-15801.7170285746
-15801.7168393549
-15801.7167468893
-15801.7169233624
-15801.7170384926
-15801.7169041722
-15801.7165970148
-15801.7169745650
-15801.7168178428
-15801.7165853546
-15801.7169331724
-15801.7173572233
-15801.7174449799
-15801.7168073993
-15801.7167208239
-15801.7167615132
-15801.7167091198
-15801.7169310351
-15801.7169998500
-15801.7168809191
-15801.7167157264
-15801.7168390694
-15801.7169275860
-15801.7168563466
-15801.7168711890
-15801.7169190989
-15801.7165599811
-15801.7169685845
-15801.7170109488
-15801.7170457004
-15801.7168657446
-15801.7167687224
-15801.7168724029
-15801.7170668023
-15801.7168849496
-15801.7171226748
-15801.7170151683
-15801.7168036304
-15801.7168499278
-15801.7170303484
-15801.7174407295
-15801.7168747216
-15801.7169465622
-15801.7167275649
-15801.7164418987
-15801.7169700527
-15801.7175094095
-15801.7171114328
-15801.7172007781
-15801.7171122326
-15801.7170230643
-15801.7170225607
-15801.7171599955
-15801.7171899323
-15801.7169927816
-15801.7163988764
-15801.7169963843
-15801.7174432106
-15801.7171172665
-15801.7167839026
-15801.7171455046
-15801.7169886068
-15801.7169303278
-15801.7171029193
-15801.7170497989
-15801.7169698822
-15801.7168759950
-15801.7170468845
-15801.7169959604
-15801.7166235085
-15801.7168620319
-15801.7168965915
-15801.7175974917
-15801.7168308764
-15801.7170578567
-15801.7164680084
-15801.7169167149
-15801.7167075010
-15801.7166734577
-15801.7168813771
-15801.7168834333
-15801.7168758707
-15801.7170970166
-15801.7168859451
-15801.7166902986
-15801.7165451938
-15801.7168238630
-15801.7168362609
-15801.7169519096
-15801.7168631583
-15801.7168304459
-15801.7169471820
-15801.7170414149
-15801.7168198052
-15801.7168657884
-15801.7175140815
-15801.7167112578
-15801.7167430698
-15801.7171773951
-15801.7172099232
-15801.7169924988
-15801.7170198311
-15801.7170871064
-15801.7169115853
-15801.7169693325
-15801.7167915835
-15801.7169001710
-15801.7170230379
-15801.7163764756
-15801.7170598955
-15801.7169223841
-15801.7166843291
-15801.7167438092
-15801.7168132871
-15801.7169880546
-15801.7173675316
-15801.7170226868
-15801.7167196469
-15801.7171227220
-15801.7166250486
-15801.7171795870
-15801.7166659382
-15801.7168490051
-15801.7167598877
-15801.7167154065
-15801.7167784669
-15801.7168248625
-15801.7170996426
-15801.7167720986
-15801.7171576593
-15801.7169881079
-15801.7165400137
-15801.7174143121
-15801.7167877678
-15801.7170671629
-15801.7167822230
-15801.7170345345
-15801.7172983551
-15801.7166162424
-15801.7169295028
-15801.7164228000
-15801.7168391416
-15801.7173815627
-15801.7167701103
-15801.7170962339
-15801.7168609300
-15801.7168707095
-15801.7168942313
-15801.7167391505
-15801.7170435272
-15801.7173039626
-15801.7167312378
-15801.7170581668
-15801.7169985353
-15801.7165957543
-15801.7168849132
-15801.7167936684
-15801.7169949787
-15801.7167116589
-15801.7169800928
-15801.7169845558
-15801.7169645701
-15801.7166698041
-15801.7165737307
-15801.7170177974
-15801.7171885012
-15801.7174411852
-15801.7167242145
-15801.7168623855
-15801.7169177980
-15801.7169665125
-15801.7166715902
-15801.7172408475
-15801.7168349200
-15801.7163866790
-15801.7172073374
-15801.7165474767
-15801.7167451809
-15801.7166505565
-15801.7168097424
-15801.7163601847
-15801.7165339127
-15801.7174441787
-15801.7169897120
-15801.7167365886
-15801.7167784103
-15801.7170801338
-15801.7164142721
-15801.7166127650
-15801.7172207823
-15801.7172212743
-15801.7168127934
-15801.7174413976
-15801.7164557512
-15801.7170518757
-15801.7168477439
-15801.7168331794
-15801.7167579196
-15801.7167071541
-15801.7170103887
-15801.7168205083
-15801.7168726200
-15801.7168096352
-15801.7169027961
-15801.7170947586
-15801.7164420649
-15801.7167887689
-15801.7171523210
-15801.7170764066
-15801.7173353832
-15801.7163827879
-15801.7165101164
-15801.7169557632
-15801.7170800938
-15801.7169489321
-15801.7166345180
-15801.7167223227
-15801.7172592664
-15801.7167738983
-15801.7167911625
-15801.7168183287
-15801.7173679684
-15801.7164692825
-15801.7172157828
-15801.7169289874
-15801.7165733504
-15801.7172240751
-15801.7166675162
-15801.7169005304
-15801.7165854333
-15801.7170886663
-15801.7165661469
-15801.7168912681
-15801.7170608020
-15801.7170958065
-15801.7168456145
-15801.7169987644
-15801.7169595003
-15801.7167938642
-15801.7170002391
-15801.7168434043
-15801.7170710728
-15801.7167633310
-15801.7168596850
-15801.7169998036
-15801.7170067690
-15801.7169294138
-15801.7167910767
-15801.7165365849
-15801.7169374921
-15801.7173059511
-15801.7167543811
-15801.7169480924
-15801.7169023482
-15801.7166732805
-15801.7168029187
-15801.7168081576
-15801.7172161845
-15801.7167501577
-15801.7172630011
-15801.7167773649
-15801.7166014260
-15801.7170222714
-15801.7171781342
-15801.7170874301
-15801.7169062763
-15801.7167776380
-15801.7167477279
-15801.7170730083
-15801.7166017796
-15801.7168483835
-15801.7169821872
-15801.7168297038
-15801.7167217606
-15801.7169517230
-15801.7167034145
-15801.7166618926
-15801.7169200815
-15801.7166161525
-15801.7162978751
-15801.7172659335
-15801.7164143458
-15801.7168768323
-15801.7169922559
-15801.7167355706
-15801.7168847515
-15801.7164687995
-15801.7170623684
-15801.7170473455
-15801.7168974563
-15801.7172004778
-15801.7169506617
-15801.7172515157
-15801.7169078037
-15801.7166308837
-15801.7172000437
-15801.7169325491
-15801.7168969945
-15801.7168132356
-15801.7165882745
-15801.7168752721
-15801.7174431287
-15801.7169216207
-15801.7170828432
-15801.7173392512
-15801.7168607817
-15801.7170619664
-15801.7171713968
-15801.7170618100
-15801.7169459502
-15801.7169770383
-15801.7164844593
-15801.7173600093
-15801.7168883825
-15801.7167985372
-15801.7169865099
-15801.7169473631
-15801.7163401518
-15801.7170662508
-15801.7171300130
-15801.7167963405
-15801.7169102177
-15801.7168850864
-15801.7168302131
-15801.7170266424
-15801.7162835439
-15801.7168396669
-15801.7169717754
-15801.7169769936
-15801.7171561790
-15801.7171246480
-15801.7168577050
-15801.7171050119
-15801.7169697130
-15801.7164221691
-15801.7168484634
-15801.7168826923
-15801.7171846718
-15801.7170895623
-15801.7166515738
-15801.7167835647
-15801.7167055449
-15801.7168821676
-15801.7171769686
-15801.7169836480
-15801.7170439478
-15801.7165241602
-15801.7165159017
-15801.7169963767
-15801.7168426190
-15801.7169521433
-15801.7164975487
-15801.7166849903
-15801.7167856795
-15801.7172051145
-15801.7169296111
-15801.7166995529
-15801.7165562643
-15801.7170141223
-15801.7166665557
-15801.7165321230
-15801.7168719958
-15801.7169473443
-15801.7171112351
-15801.7166287935
-15801.7169335627
-15801.7174437067
-15801.7167205608
-15801.7168636886
-15801.7170300210
-15801.7173317609
-15801.7168454792
-15801.7169329501
-15801.7164735523
-15801.7169665660
-15801.7170254150
-15801.7167258450
-15801.7165424235
-15801.7172437397
-15801.7171862450
-15801.7172218893
-15801.7168091898
-15801.7170860028
-15801.7170051087
-15801.7164744907
-15801.7165746016
-15801.7170691902
-15801.7168545483
-15801.7170459721
-15801.7167364417
-15801.7171591669
-15801.7170198077
-15801.7170088856
-15801.7169885581
-15801.7169761353
-15801.7168694489
-15801.7168677927
-15801.7168942898
-15801.7167731622
-15801.7165730450
-15801.7170844021
-15801.7166710135
-15801.7168080164
-15801.7167408135
-15801.7173005513
-15801.7172882346
-15801.7168018553
-15801.7169008942
-15801.7168870280
-15801.7166647081
-15801.7170585214
-15801.7167994598
-15801.7171376301
-15801.7168871676
-15801.7168056365
-15801.7170227895
-15801.7168358341
-15801.7168646712
-15801.7168858244
-15801.7169787375
-15801.7167552129
-15801.7168196923
-15801.7168796135
-15801.7170587648
-15801.7169589342
-15801.7169238546
-15801.7170233074
-15801.7168156084
-15801.7166982716
-15801.7169249817
-15801.7167838315
-15801.7170347072
-15801.7169580258
-15801.7169914149
-15801.7169087513
-15801.7166764602
-15801.7168580884
-15801.7165913375
-15801.7167381248
-15801.7169710832
-15801.7168081385
-15801.7169581576
-15801.7167495022
-15801.7168683563
-15801.7168678324
-15801.7169414144
-15801.7169460802
-15801.7169681943
-15801.7167252083
-15801.7174428832
-15801.7168510667
-15801.7167824614
-15801.7164024948
-15801.7172041816
-15801.7168179011
-15801.7167845709
-15801.7170143070
-15801.7166696328
-15801.7167470287
-15801.7169515983
-15801.7168357166
-15801.7168251806
-15801.7167229035
-15801.7166570794
-15801.7174461666
-15801.7167200030
-15801.7169857696
-15801.7167076959
-15801.7168421912
-15801.7167943848
-15801.7171543333
-15801.7169571697
-15801.7172438011
-15801.7171252105
-15801.7172497195
-15801.7169116511
-15801.7172343727
-15801.7170271449
-15801.7164936681
-15801.7170900776
-15801.7167427211
-15801.7167015057
-15801.7170653644
-15801.7171445673
-15801.7168393298
-15801.7168077341
-15801.7169083112
-15801.7165906179
-15801.7171767640
-15801.7170323065
-15801.7174342357
-15801.7169690130
-15801.7174437566
-15801.7170345933
-15801.7167492323
-15801.7174898357
-15801.7170986356
-15801.7170893038
-15801.7169583811
-15801.7165265351
-15801.7171057701
-15801.7168538301
-15801.7166499592
-15801.7171048070
-15801.7167750482
-15801.7168653491
-15801.7167033446
-15801.7171413080
-15801.7171446440
-15801.7169138601
-15801.7166563790
-15801.7169515112
-15801.7169106199
-15801.7170116681
-15801.7170549672
-15801.7172297974
-15801.7168499757
-15801.7168314854
-15801.7166667155
-15801.7165776081
-15801.7168321103
-15801.7165616423
-15801.7164180893
-15801.7169594549
-15801.7167316454
-15801.7171058842
-15801.7168718974
-15801.7163699828
-15801.7168737133
-15801.7168092276
-15801.7174390574
-15801.7163426678
-15801.7170415917
-15801.7168531419
-15801.7165873131
-15801.7168760753
-15801.7173264258
-15801.7167996426
-15801.7170294434
-15801.7163748916
-15801.7171443009
-15801.7164078510
-15801.7167662453
-15801.7169200070
-15801.7172645094
-15801.7167272020
-15801.7169456178
-15801.7166009729
-15801.7172788856
-15801.7168884588
-15801.7167007556
-15801.7164628485
-15801.7168863039
-15801.7170128668
-15801.7172028481
-15801.7168241523
-15801.7170908810
-15801.7166040467
-15801.7174448922
-15801.7168866395
-15801.7170918292
-15801.7171334651
-15801.7168175041
-15801.7167904935
-15801.7170630146
-15801.7168324488
-15801.7168473553
-15801.7164805460
-15801.7167656372
-15801.7169706125
-15801.7174437303
-15801.7170342458
-15801.7167974508
-15801.7168998301
-15801.7169238710
-15801.7166022260
-15801.7168986265
-15801.7170264217
-15801.7170976698
-15801.7171118147
-15801.7169796428
-15801.7168022272
-15801.7167347478
-15801.7168647129
-15801.7171263224
-15801.7174449079
-15801.7166570833
-15801.7169469120
-15801.7164602322
-15801.7169963184
-15801.7166443592
-15801.7170189902
-15801.7169544891
-15801.7170805265
-15801.7169367496
-15801.7165819114
-15801.7165606744
-15801.7169084219
-15801.7171961532
-15801.7170390630
-15801.7170211019
-15801.7167319229
-15801.7166829009
-15801.7167715309
-15801.7166986087
-15801.7169423319
-15801.7161776060
-15801.7166633504
-15801.7166112434
-15801.7165569259
-15801.7168330018
-15801.7172201995
-15801.7166148155
-15801.7167049118
-15801.7168194373
-15801.7170360528
-15801.7172733558
-15801.7166187087
-15801.7165823595
-15801.7169378165
-15801.7169462995
-15801.7169190202
-15801.7167674568
-15801.7165808350
-15801.7172684060
-15801.7170367180
-15801.7169159155
-15801.7168787979
-15801.7170197157
-15801.7170146197
-15801.7170525513
-15801.7167847767
-15801.7166572750
-15801.7169703364
-15801.7171901267
-15801.7164515435
-15801.7166604216
-15801.7170510529
-15801.7171626564
-15801.7166893049
-15801.7173205692
-15801.7168744394
-15801.7166889277
-15801.7170163805
-15801.7168179229
-15801.7166658208
-15801.7167861419
-15801.7175125202
-15801.7171966587
-15801.7164106196
-15801.7172178079
-15801.7168028662
-15801.7167619959
-15801.7168981240
-15801.7167842777
-15801.7168659578
-15801.7167734007
-15801.7171186415
-15801.7167760318
-15801.7162789768
-15801.7169331179
-15801.7169808164
-15801.7165438592
-15801.7167495840
-15801.7170818312
-15801.7169612467
-15801.7166600933
-15801.7170576559
-15801.7167378459
-15801.7167785530
-15801.7166520669
-15801.7167671584
-15801.7169810028
-15801.7169597608
-15801.7168416977
-15801.7168662581
-15801.7170951334
-15801.7171084267
-15801.7169431703
-15801.7167563399
-15801.7172480461
-15801.7168116475
-15801.7167326946
-15801.7173059457
-15801.7164656851
-15801.7175962470
-15801.7163927563
-15801.7169114974
-15801.7168032083
-15801.7165318888
-15801.7171420900
-15801.7172263301
-15801.7165106170
-15801.7169718669
-15801.7168052973
-15801.7168260665
-15801.7169547519
-15801.7167284294
-15801.7166575037
-15801.7167303345
-15801.7163789816
-15801.7166855353
-15801.7168247435
-15801.7172885437
-15801.7173425327
-15801.7170381703
-15801.7167972023
-15801.7169484273
-15801.7168424104
-15801.7168263568
-15801.7167633135
-15801.7171697566
-15801.7168829513
-15801.7172149327
-15801.7169967665
-15801.7169879231
-15801.7170210134
-15801.7169808107
-15801.7169332272
-15801.7171335662
-15801.7167836106
-15801.7172704831
-15801.7167317115
-15801.7169503222
-15801.7171806352
-15801.7171139208
-15801.7169253186
-15801.7168999167
-15801.7172071561
-15801.7170782749
-15801.7168591964
-15801.7171735797
-15801.7165751479
-15801.7170133201
-15801.7170588562
-15801.7170953471
-15801.7170497431
-15801.7168151335
-15801.7164844776
-15801.7167243201
-15801.7169947393
-15801.7170409513
-15801.7167014597
-15801.7170832957
-15801.7169419129
-15801.7169700238
-15801.7170285473
-15801.7169503437
-15801.7166668461
-15801.7169853143
-15801.7172866476
-15801.7175103123
-15801.7167881826
-15801.7169158314
-15801.7172274593
-15801.7170203313
-15801.7170842027
-15801.7164765710
-15801.7168798232
-15801.7166121940
-15801.7167697018
-15801.7167148954
-15801.7172255260
-15801.7166726694
-15801.7169490633
-15801.7167153000
-15801.7168825212
-15801.7169812743
-15801.7172159157
-15801.7171141758
-15801.7169773584
-15801.7168437826
-15801.7167993819
-15801.7171218820
-15801.7171382510
-15801.7168179115
-15801.7169404396
-15801.7168736315
-15801.7167498396
-15801.7167811092
-15801.7166931674
-15801.7169514211
-15801.7164810441
-15801.7168640981
-15801.7173160006
-15801.7175185148
-15801.7168031319
-15801.7170453270
-15801.7169070646
-15801.7166511113
-15801.7170843238
-15801.7168699094
-15801.7165258345
-15801.7170403853
-15801.7172593143
-15801.7174440443
-15801.7170569435
-15801.7169063294
-15801.7169821107
-15801.7169593325
-15801.7172661533
-15801.7167335082
-15801.7167514312
-15801.7170580788
-15801.7171842221
-15801.7164498599
-15801.7168174976
-15801.7166330162
-15801.7170415819
-15801.7168305117
-15801.7170173684
-15801.7167965196
-15801.7166610910
-15801.7170839472
-15801.7172456551
-15801.7166574582
-15801.7169817028
-15801.7165770387
-15801.7167319084
-15801.7170784348
-15801.7168647967
-15801.7170831664
-15801.7175113023
-15801.7168814420
-15801.7167692809
-15801.7167084752
-15801.7167759590
-15801.7172391542
-15801.7166759963
-15801.7169433554
-15801.7169423021
-15801.7167330806
-15801.7168869958
-15801.7170940458
-15801.7166506476
-15801.7171965066
-15801.7166550311
-15801.7168100872
-15801.7167752060
-15801.7168150516
-15801.7172831803
-15801.7171054486
-15801.7170995300
-15801.7173347109
-15801.7166326358
-15801.7168629210
-15801.7169651591
-15801.7167428966
-15801.7169086686
-15801.7166988792
-15801.7170875276
-15801.7170913350
-15801.7169584452
-15801.7169089058
-15801.7168444229
-15801.7166235690
-15801.7171486475
-15801.7165131270
-15801.7167182520
-15801.7171972271
-15801.7171997250
-15801.7172769741
-15801.7170696465
-15801.7170559202
-15801.7172461953
-15801.7167958148
-15801.7168632244
-15801.7169408095
-15801.7171790314
-15801.7169375302
-15801.7170548992
-15801.7171208434
-15801.7168144788
-15801.7166983193
-15801.7165697482
-15801.7168039264
-15801.7168522599
-15801.7170953357
-15801.7166712867
-15801.7168229214
-15801.7169056598
-15801.7174423324
-15801.7171481833
