-15801.7171437406
-15801.7172778408
-15801.7173299057
-15801.7175110488
-15801.7174726215
-15801.7173174664
-15801.7171647168
-15801.7171252445
-15801.7172668972
-15801.7170330532
-15801.7173004987
-15801.7170923907
-15801.7172236685
-15801.7171250669
-15801.7171020679
-15801.7171041155
-15801.7173454035
-15801.7175397703
-15801.7175370680
-15801.7175356680
-15801.7175434349
-15801.7175254829
-15801.7175280710
-15801.7175259439
-15801.7175196928
-15801.7175150307
-15801.7175170451
-15801.7177256703
-15801.7177490151
-15801.7176615756
-15801.7175670431
-15801.7177394582
-15801.7176989607
-15801.7176605266
-15801.7177463058
-15801.7177287916
-15801.7175750458
-15801.7176805877
-15801.7175175240
-15801.7177554748
-15801.7176931268
-15801.7177182907
-15801.7177329311
-15801.7176318229
-15801.7177438067
-15801.7177261241
-15801.7177175079
-15801.7177395726
-15801.7177326922
-15801.7176819739
-15801.7171352619
-15801.7176804113
-15801.7176846072
-15801.7176112036
-15801.7175326138
-15801.7175373330
-15801.7175259062
-15801.7175397405
-15801.7175279552
-15801.7175357524
-15801.7175379428
-15801.7175449182
-15801.7175322873
-15801.7175251065
-15801.7175236106
-15801.7175090202
-15801.7175409841
-15801.7175180476
-15801.7175311230
-15801.7175136796
-15801.7175308666
-15801.7175217706
-15801.7175115587
-15801.7175213461
-15801.7175449175
-15801.7175312647
-15801.7175192375
-15801.7175184713
-15801.7175164062
-15801.7175282019
-15801.7175266633
-15801.7175473739
-15801.7175347120
-15801.7175436771
-15801.7175485424
-15801.7175133926
-15801.7175065370
-15801.7175210176
-15801.7175359908
-15801.7175306189
-15801.7175282252
-15801.7175343898
-15801.7175372948
-15801.7175108517
-15801.7175221254
-15801.7175228279
-15801.7175207551
-15801.7175091666
-15801.7175205261
-15801.7173697891
-15801.7174372664
-15801.7173261246
-15801.7171951364
-15801.7171931937
-15801.7171838619
-15801.7173132195
-15801.7170363267
-15801.7172812806
-15801.7172204396
-15801.7174109551
-15801.7172436225
-15801.7170988259
-15801.7171447874
-15801.7173768304
-15801.7173785109
-15801.7172477853
-15801.7171632993
-15801.7171903228
-15801.7173414674
-15801.7164800426
-15801.7159048039
-15801.7152872697
-15801.7149442013
-15801.7140050469
-15801.7147125805
-15801.7149919573
-15801.7160429326
-15801.7126586365
-15801.7154164480
-15801.7136912350
-15801.7145790912
-15801.7158887596
-15801.7141630080
-15801.7161222113
-15801.7157207479
-15801.7138800159
-15801.7150091660
-15801.7155608234
-15801.7142811209
-15801.7165127966
-15801.7160039404
-15801.7152920518
-15801.7144031160
-15801.7146336937
-15801.7157115550
-15801.7160106262
-15801.7153660497
-15801.7158095093
-15801.7138618306
-15801.7146509664
-15801.7171663623
-15801.7172119308
-15801.7172634868
-15801.7174234092
-15801.7172522678
-15801.7172532623
-15801.7172051537
-15801.7172453814
-15801.7171869773
-15801.7173133832
-15801.7173569019
-15801.7172300433
-15801.7173232604
-15801.7172629745
-15801.7172249705
-15801.7173279281
-15801.7173118772
-15801.7173399900
-15801.7171725466
-15801.7171540358
-15801.7173739739
-15801.7173485954
-15801.7175221562
-15801.7172425234
-15801.7171151917
-15801.7172007958
-15801.7172075195
-15801.7172868097
-15801.7172495692
-15801.7171984705
-15801.7173375194
-15801.7173051904
-15801.7172178324
-15801.7172334172
-15801.7171385702
-15801.7172120933
-15801.7171590484
-15801.7172924239
-15801.7172427408
-15801.7172153041
-15801.7170793515
-15801.7173116578
-15801.7172761398
-15801.7172690998
-15801.7171403252
-15801.7173366981
-15801.7173805925
-15801.7175237950
-15801.7171634813
-15801.7173444785
-15801.7171391325
-15801.7171674726
-15801.7171183045
-15801.7175225376
-15801.7172370253
-15801.7171440829
-15801.7173229191
-15801.7171748114
-15801.7172147981
-15801.7171966337
-15801.7173386409
-15801.7170771890
-15801.7172663556
-15801.7173343041
-15801.7172943950
-15801.7172784946
-15801.7169500858
-15801.7172154561
-15801.7170385506
-15801.7173445610
-15801.7173182058
-15801.7172070544
-15801.7172392277
-15801.7171544929
-15801.7171207334
-15801.7172436751
-15801.7172348679
-15801.7170881060
-15801.7171910268
-15801.7172475485
-15801.7172158867
-15801.7171452199
-15801.7171501302
-15801.7171066834
-15801.7170791335
-15801.7172350850
-15801.7173148239
-15801.7173807555
-15801.7173112335
-15801.7172366167
-15801.7172882172
-15801.7173181379
-15801.7171877124
-15801.7172457010
-15801.7171830665
-15801.7172337060
-15801.7171481547
-15801.7173370213
-15801.7172891132
-15801.7172363624
-15801.7171962370
-15801.7173659490
-15801.7173180722
-15801.7171398412
-15801.7171295600
-15801.7172463811
-15801.7173136459
-15801.7172640941
-15801.7172085982
-15801.7170639650
-15801.7170938247
-15801.7172947729
-15801.7173417696
-15801.7171716462
-15801.7172765411
-15801.7172275993
-15801.7171505800
-15801.7172473560
-15801.7173008527
-15801.7172607366
-15801.7172447518
-15801.7173716275
-15801.7172698840
-15801.7172270945
-15801.7172864027
-15801.7175230987
-15801.7173162801
-15801.7172705926
-15801.7172230127
-15801.7172885592
-15801.7171604064
-15801.7172663155
-15801.7171758559
-15801.7173081219
-15801.7174022189
-15801.7172368329
-15801.7171991483
-15801.7172150242
-15801.7171072194
-15801.7171015016
-15801.7171524938
-15801.7173038495
-15801.7173411264
-15801.7171739050
-15801.7173722486
-15801.7173359532
-15801.7173350054
-15801.7171350623
-15801.7172793820
-15801.7172635560
-15801.7172782862
-15801.7172814319
-15801.7172780212
-15801.7171465802
-15801.7171936697
-15801.7171889049
-15801.7171354824
-15801.7171691649
-15801.7173492576
-15801.7173873651
-15801.7172415062
-15801.7171334271
-15801.7171501511
-15801.7173847761
-15801.7173742690
-15801.7171767402
-15801.7171408093
-15801.7172035959
-15801.7173501119
-15801.7172871808
-15801.7172384564
-15801.7171549029
-15801.7172692593
-15801.7172520995
-15801.7172617169
-15801.7173384962
-15801.7172139694
-15801.7173458000
-15801.7172055571
-15801.7171530247
-15801.7172445127
-15801.7171683444
-15801.7171590768
-15801.7173706915
-15801.7171624412
-15801.7172490477
-15801.7172682025
-15801.7171994676
-15801.7172556012
-15801.7170457223
-15801.7173802928
-15801.7172711614
-15801.7172280940
-15801.7170183583
-15801.7172327334
-15801.7172645248
-15801.7170413856
-15801.7172452939
-15801.7172867881
-15801.7172774538
-15801.7172988344
-15801.7172228484
-15801.7172585653
-15801.7171306182
-15801.7172229820
-15801.7171879743
-15801.7172641660
-15801.7172566072
-15801.7171991921
-15801.7173431092
-15801.7172671059
-15801.7172688817
-15801.7173252082
-15801.7172300241
-15801.7175228669
-15801.7172166965
-15801.7172821468
-15801.7173443583
-15801.7171547515
-15801.7171884288
-15801.7172974011
-15801.7172776265
-15801.7173416582
-15801.7173095159
-15801.7171830065
-15801.7171646059
-15801.7171645764
-15801.7172521308
-15801.7173523416
-15801.7172970681
-15801.7172218394
-15801.7175013646
-15801.7173307423
-15801.7171807059
-15801.7172437011
-15801.7174718747
-15801.7172780527
-15801.7172307865
-15801.7173259826
-15801.7173011855
-15801.7172360064
-15801.7172677285
-15801.7173165532
-15801.7173559366
-15801.7172337083
-15801.7172418167
-15801.7171578692
-15801.7171259154
-15801.7172828970
-15801.7172128496
-15801.7173355220
-15801.7173319056
-15801.7172944629
-15801.7172527191
-15801.7173585080
-15801.7175228311
-15801.7173285064
-15801.7172631383
-15801.7172348374
-15801.7172204029
-15801.7172360874
-15801.7173556071
-15801.7174514779
-15801.7173337563
-15801.7172309203
-15801.7170219962
-15801.7171780647
-15801.7173096892
-15801.7171656467
-15801.7173709187
-15801.7173335873
-15801.7171174472
-15801.7172617338
-15801.7173417426
-15801.7173056046
-15801.7171758135
-15801.7172580428
-15801.7172010607
-15801.7171231025
-15801.7170642646
-15801.7172691858
-15801.7172257069
-15801.7173313610
-15801.7170964166
-15801.7172663474
-15801.7172610572
-15801.7171985120
-15801.7172817022
-15801.7173005050
-15801.7173153596
-15801.7172563999
-15801.7170712906
-15801.7171585257
-15801.7172094036
-15801.7172433966
-15801.7173132949
-15801.7173252773
-15801.7173640479
-15801.7172691774
-15801.7173574667
-15801.7173008876
-15801.7170416180
-15801.7173665970
-15801.7172306156
-15801.7173251516
-15801.7172425643
-15801.7171728388
-15801.7174503533
-15801.7171188086
-15801.7173615427
-15801.7170757959
-15801.7172551837
-15801.7169927929
-15801.7172262302
-15801.7172152950
-15801.7173291432
-15801.7173263443
-15801.7173142086
-15801.7172179575
-15801.7170614038
-15801.7171627439
-15801.7172808227
-15801.7173114420
-15801.7173793531
-15801.7172677500
-15801.7171771497
-15801.7175413926
-15801.7175148986
-15801.7170162948
-15801.7172302179
-15801.7172941520
-15801.7173991125
-15801.7170470367
-15801.7172070274
-15801.7172403311
-15801.7173345491
-15801.7172132713
-15801.7172365545
-15801.7171940636
-15801.7171246962
-15801.7170626743
-15801.7174341406
-15801.7174385428
-15801.7171457973
-15801.7172757085
-15801.7172200121
-15801.7171434517
-15801.7172148555
-15801.7173419819
-15801.7171941449
-15801.7171272290
-15801.7172076830
-15801.7173493909
-15801.7172147063
-15801.7171001640
-15801.7172355128
-15801.7173264023
-15801.7171157898
-15801.7172263225
-15801.7171260549
-15801.7173247747
-15801.7172888507
-15801.7172780845
-15801.7173435329
-15801.7175018008
-15801.7173050283
-15801.7172621967
-15801.7171332839
-15801.7171875480
-15801.7170894634
-15801.7172664712
-15801.7172453564
-15801.7173444433
-15801.7171146367
-15801.7172685185
-15801.7172759909
-15801.7173317872
-15801.7173451339
-15801.7172073588
-15801.7172848920
-15801.7172587035
-15801.7170743815
-15801.7174201216
-15801.7173271535
-15801.7172836373
-15801.7173682964
-15801.7171251282
-15801.7174102075
-15801.7171809842
-15801.7173051806
-15801.7175233929
-15801.7173106155
-15801.7174056637
-15801.7172428140
-15801.7171993033
-15801.7171438895
-15801.7172765005
-15801.7172541029
-15801.7171524711
-15801.7172293948
-15801.7172937575
-15801.7171236155
-15801.7171365434
-15801.7171720784
-15801.7172722058
-15801.7171842051
-15801.7173287443
-15801.7172551744
-15801.7171991816
-15801.7171947731
-15801.7172723166
-15801.7172219207
-15801.7171563207
-15801.7171915195
-15801.7171568168
-15801.7171185916
-15801.7171931555
-15801.7169787107
-15801.7172184028
-15801.7172599664
-15801.7173327477
-15801.7172592874
-15801.7171816472
-15801.7171706502
-15801.7172709795
-15801.7173210749
-15801.7172298366
-15801.7172271851
-15801.7172595361
-15801.7172708741
-15801.7173027576
-15801.7172838791
-15801.7172592192
-15801.7173106817
-15801.7171649654
-15801.7172863604
-15801.7172044834
-15801.7172931842
-15801.7173238935
-15801.7172050062
-15801.7172054657
-15801.7173448054
-15801.7172332548
-15801.7172657839
-15801.7171012124
-15801.7172491139
-15801.7173980837
-15801.7173424230
-15801.7173705322
-15801.7173813944
-15801.7172023677
-15801.7172163326
-15801.7172919654
-15801.7172539262
-15801.7172348233
-15801.7172551308
-15801.7171344832
-15801.7173299417
-15801.7171568414
-15801.7171991904
-15801.7172262838
-15801.7173436179
-15801.7171109810
-15801.7171450028
-15801.7172996776
-15801.7171899441
-15801.7173472826
-15801.7170667404
-15801.7172847764
-15801.7172923165
-15801.7170781834
-15801.7172812221
-15801.7172131870
-15801.7170880163
-15801.7172566698
-15801.7172189452
-15801.7172527090
-15801.7170006440
-15801.7174299130
-15801.7171869172
-15801.7172245991
-15801.7172803143
-15801.7172467196
-15801.7171774180
-15801.7172757682
-15801.7173416087
-15801.7173216710
-15801.7172024663
-15801.7172169885
-15801.7171949992
-15801.7171959224
-15801.7171203079
-15801.7173076517
-15801.7172209718
-15801.7171466835
-15801.7173306133
-15801.7171378505
-15801.7172577602
-15801.7171606908
-15801.7171769575
-15801.7172155421
-15801.7171506650
-15801.7173390023
-15801.7171690551
-15801.7175225682
-15801.7171465364
-15801.7173794035
-15801.7172180282
-15801.7173612044
-15801.7172670502
-15801.7173351879
-15801.7172926461
-15801.7173141126
-15801.7173655074
-15801.7171487207
-15801.7173104856
-15801.7172499102
-15801.7171979592
-15801.7170748986
-15801.7171215244
-15801.7173013659
-15801.7173713657
-15801.7174208521
-15801.7173341215
-15801.7171817095
-15801.7171629464
-15801.7171621788
-15801.7174256251
-15801.7172210289
-15801.7172705217
-15801.7173702952
-15801.7172411864
-15801.7173276613
-15801.7171999947
-15801.7173726459
-15801.7172486639
-15801.7172505627
-15801.7174226163
-15801.7171205509
-15801.7171861653
-15801.7172648912
-15801.7171676087
-15801.7171167206
-15801.7172141998
-15801.7171355605
-15801.7172526254
-15801.7171878047
-15801.7171860710
-15801.7172504437
-15801.7171717657
-15801.7173449161
-15801.7173692192
-15801.7172448965
-15801.7172647210
-15801.7171374790
-15801.7172772910
-15801.7173807485
-15801.7171403286
-15801.7172470261
-15801.7172778264
-15801.7172582804
-15801.7172485446
-15801.7172511399
-15801.7170697819
-15801.7172062401
-15801.7172824981
-15801.7171664291
-15801.7171375114
-15801.7172194673
-15801.7171949728
-15801.7172839609
-15801.7170570816
-15801.7175141728
-15801.7172142063
-15801.7171584871
-15801.7172645041
-15801.7170329972
-15801.7175228176
-15801.7172832161
-15801.7173035994
-15801.7171967851
-15801.7172143658
-15801.7173290500
-15801.7172565478
-15801.7173258074
-15801.7172065315
-15801.7171554154
-15801.7172345721
-15801.7171653661
-15801.7172754736
-15801.7171747866
-15801.7172457588
-15801.7174578830
-15801.7172683124
-15801.7173346158
-15801.7175234060
-15801.7171428034
-15801.7172314002
-15801.7172154832
-15801.7172053544
-15801.7171632505
-15801.7173209001
-15801.7172940165
-15801.7171584719
-15801.7173875408
-15801.7171460315
-15801.7171797193
-15801.7172971026
-15801.7172590435
-15801.7172160571
-15801.7172872707
-15801.7170838789
-15801.7172622921
-15801.7171520545
-15801.7171840330
-15801.7171886868
-15801.7170292940
-15801.7171741573
-15801.7172068159
-15801.7173904568
-15801.7172922597
-15801.7170581886
-15801.7175217486
-15801.7171665593
-15801.7172251208
-15801.7171642409
-15801.7172223223
-15801.7172747533
-15801.7172072473
-15801.7173297034
-15801.7171068881
-15801.7172706531
-15801.7172123381
-15801.7172702194
-15801.7173475299
-15801.7171985337
-15801.7172749896
-15801.7173350805
-15801.7172617228
-15801.7171342716
-15801.7171259131
-15801.7174162365
-15801.7171596577
-15801.7172801859
-15801.7173420547
-15801.7172332134
-15801.7173596003
-15801.7171966448
-15801.7172663897
-15801.7172321599
-15801.7172514703
-15801.7172683805
-15801.7173196189
-15801.7171940210
-15801.7172943953
-15801.7169852834
-15801.7172402567
-15801.7172349696
-15801.7172589913
-15801.7172004217
-15801.7171761239
-15801.7173227522
-15801.7169931471
-15801.7172297176
-15801.7172280197
-15801.7173042847
-15801.7173199301
-15801.7170048279
-15801.7172198721
-15801.7172243977
-15801.7175215536
-15801.7170748647
-15801.7171777088
-15801.7173392238
-15801.7172925187
-15801.7171036877
-15801.7172547250
-15801.7173546702
-15801.7175047214
-15801.7172976553
-15801.7172243545
-15801.7172782587
-15801.7172484108
-15801.7172657237
-15801.7173001921
-15801.7173443586
-15801.7172603929
-15801.7173395511
-15801.7172795431
-15801.7172546091
-15801.7173280893
-15801.7173886182
-15801.7171822457
-15801.7171496358
-15801.7173515520
-15801.7172085887
-15801.7172713049
-15801.7171789542
-15801.7171825681
-15801.7172853845
-15801.7172720276
-15801.7172093378
-15801.7172243378
-15801.7171929445
-15801.7172049659
-15801.7172535105
-15801.7171592788
-15801.7171659213
-15801.7174327369
-15801.7172931901
-15801.7171661580
-15801.7171661699
-15801.7171873260
-15801.7172665945
-15801.7172881503
-15801.7172716736
-15801.7171905014
-15801.7173712084
-15801.7172651438
-15801.7171880054
-15801.7171165404
-15801.7173041372
-15801.7173202945
-15801.7174529308
-15801.7171330085
-15801.7171214084
-15801.7172345470
-15801.7173293676
-15801.7172642178
-15801.7170687236
-15801.7171925777
-15801.7171634175
-15801.7171993480
-15801.7171947965
-15801.7171964665
-15801.7170821797
-15801.7172451070
-15801.7173423262
-15801.7173202152
-15801.7170612984
-15801.7171306915
-15801.7171949440
-15801.7171619959
-15801.7171540187
-15801.7172750602
-15801.7173019790
-15801.7175221772
-15801.7172373821
-15801.7172459057
-15801.7172458614
-15801.7172884630
-15801.7171678735
-15801.7172260972
-15801.7172955297
-15801.7173309086
-15801.7173515202
-15801.7171951823
-15801.7172923626
-15801.7175121381
-15801.7173079415
-15801.7171431163
-15801.7172512540
-15801.7173341162
-15801.7173234420
-15801.7172169790
-15801.7173045135
-15801.7171854158
-15801.7171959564
-15801.7171490549
-15801.7171749415
-15801.7171961202
-15801.7171729559
-15801.7173117570
-15801.7172761187
-15801.7172101143
-15801.7172104414
-15801.7169784982
-15801.7171964334
-15801.7173123528
-15801.7171476682
-15801.7172898473
-15801.7171403511
-15801.7172452783
-15801.7172600092
-15801.7175227200
-15801.7173064624
-15801.7171439104
-15801.7172248953
-15801.7172448582
-15801.7171634558
-15801.7171191471
-15801.7175180528
-15801.7172698908
-15801.7172887046
-15801.7172971511
-15801.7173077942
-15801.7171573497
-15801.7173797256
-15801.7172363427
-15801.7171340627
-15801.7172588748
-15801.7171563233
-15801.7171896755
-15801.7173050908
-15801.7172488874
-15801.7173109290
-15801.7171940056
-15801.7173160014
-15801.7173990178
-15801.7172156637
-15801.7173068534
-15801.7173862515
-15801.7173592226
-15801.7172604815
-15801.7174854234
-15801.7173199156
-15801.7173148395
-15801.7172340348
-15801.7173602845
-15801.7172337003
-15801.7172821991
-15801.7173004862
-15801.7172640928
-15801.7171764616
-15801.7173702614
-15801.7174080668
-15801.7171235100
-15801.7171738908
-15801.7170496888
-15801.7172372872
-15801.7172399051
-15801.7172897262
-15801.7172172156
-15801.7173690323
-15801.7171882935
-15801.7171912788
-15801.7173837389
-15801.7172755137
-15801.7173234585
-15801.7171733147
-15801.7173018871
-15801.7173535827
-15801.7172922735
-15801.7171139012
-15801.7171693106
-15801.7171170224
-15801.7172592106
-15801.7170575574
-15801.7173324803
-15801.7172207133
-15801.7171876510
-15801.7173376817
-15801.7171680621
-15801.7172149434
-15801.7172239817
-15801.7171682868
-15801.7172222708
-15801.7173096767
-15801.7169954598
-15801.7172448675
-15801.7173174163
-15801.7171377985
-15801.7172585508
-15801.7173718595
-15801.7172283342
-15801.7171331687
-15801.7173343297
-15801.7172303849
-15801.7171622923
-15801.7171782207
-15801.7171253947
-15801.7173631988
-15801.7172434134
-15801.7171383486
-15801.7174443338
-15801.7172307500
-15801.7170420880
-15801.7171674925
-15801.7173446654
-15801.7172165738
-15801.7171151877
-15801.7172469385
-15801.7171581836
-15801.7172367193
-15801.7170733109
-15801.7173369497
-15801.7172365087
-15801.7171397619
-15801.7172126911
-15801.7172072317
-15801.7173123802
-15801.7171100980
-15801.7172611872
-15801.7172111034
-15801.7175224213
-15801.7170930842
-15801.7171755931
-15801.7171848562
-15801.7175210064
-15801.7170912543
-15801.7171237215
-15801.7173833255
-15801.7171337168
-15801.7171840882
-15801.7171337344
-15801.7172926920
-15801.7173204394
-15801.7172488348
-15801.7172487651
-15801.7172353677
-15801.7170668436
-15801.7172991706
-15801.7171369199
-15801.7172767178
-15801.7174377766
-15801.7169491039
-15801.7173069438
-15801.7173396002
-15801.7171699078
-15801.7171779124
-15801.7173367327
-15801.7171837750
-15801.7173934755
-15801.7171809144
-15801.7171530363
-15801.7172891241
-15801.7172527000
-15801.7172692937
-15801.7172631677
-15801.7172832620
-15801.7174170527
-15801.7170238895
-15801.7172968921
-15801.7172717016
-15801.7175132649
-15801.7171835771
-15801.7170591709
-15801.7175128712
-15801.7172168714
-15801.7171867994
-15801.7170941303
-15801.7173245992
-15801.7172285312
-15801.7170847974
-15801.7172316383
-15801.7171952727
-15801.7172356607
-15801.7171244412
-15801.7172238975
-15801.7170941555
-15801.7172955461
-15801.7171554866
-15801.7172256582
-15801.7173603894
-15801.7171627020
-15801.7173906992
-15801.7170697104
-15801.7171334894
-15801.7171166245
-15801.7171661499
-15801.7172939502
-15801.7171580270
-15801.7171602299
-15801.7172876482
-15801.7171650590
-15801.7172065942
-15801.7171354542
-15801.7170993883
-15801.7174902997
-15801.7172275654
-15801.7172955665
-15801.7174066734
-15801.7173633365
-15801.7172023051
-15801.7174235673
-15801.7172317460
-15801.7171166134
-15801.7172115665
-15801.7173805222
-15801.7171523906
-15801.7171387374
-15801.7171744364
-15801.7171635919
-15801.7170052748
-15801.7172804498
-15801.7172555737
-15801.7173264094
-15801.7173061276
-15801.7171116609
-15801.7173746941
-15801.7173351839
-15801.7173092300
-15801.7171227091
-15801.7172528605
-15801.7172809141
-15801.7171851828
-15801.7171474777
-15801.7175225180
-15801.7171839703
-15801.7170999868
-15801.7172204745
-15801.7173528460
-15801.7173819412
-15801.7173540618
-15801.7173216488
-15801.7172551499
-15801.7172729240
-15801.7171380670
-15801.7173360146
-15801.7173158150
-15801.7175217385
-15801.7174707594
-15801.7173143897
-15801.7172301640
-15801.7173520936
-15801.7171877783
-15801.7173092927
-15801.7172471823
-15801.7171201717
-15801.7172926951
-15801.7172750666
-15801.7175219182
-15801.7172552598
-15801.7172872222
-15801.7171447145
-15801.7172989071
-15801.7171173929
-15801.7172363542
-15801.7172466320
-15801.7172707820
-15801.7173885217
-15801.7173545915
-15801.7171159304
-15801.7172935507
-15801.7171682194
-15801.7169641300
-15801.7172596717
-15801.7171468771
-15801.7172544000
-15801.7171122430
-15801.7173953684
-15801.7172497497
-15801.7172882879
-15801.7171935441
-15801.7170264771
-15801.7173974670
-15801.7173119145
-15801.7173729706
-15801.7173160918
-15801.7170423039
-15801.7171349969
-15801.7172133296
-15801.7171649185
-15801.7173645643
-15801.7171658918
-15801.7171922224
-15801.7173610091
-15801.7172598857
-15801.7174080844
-15801.7172484257
-15801.7173020709
-15801.7172995923
-15801.7173278229
-15801.7171750768
-15801.7171701356
-15801.7172705400
-15801.7172256375
-15801.7172904957
-15801.7172709654
-15801.7171514873
-15801.7171545900
-15801.7172017737
-15801.7171830453
-15801.7173807356
-15801.7170042992
-15801.7172815676
-15801.7172602397
-15801.7172554234
-15801.7173373365
-15801.7171948710
-15801.7170651608
-15801.7173337273
-15801.7174079218
-15801.7171438306
-15801.7173821950
-15801.7170809751
-15801.7171883132
-15801.7172616961
-15801.7173651878
-15801.7172196872
-15801.7172530810
-15801.7172199905
-15801.7171422959
-15801.7171634331
-15801.7172937904
-15801.7173320608
-15801.7173534774
-15801.7172512814
-15801.7172504690
-15801.7173159298
-15801.7173231197
-15801.7172601839
-15801.7171466946
-15801.7172303514
-15801.7172552224
-15801.7172829435
-15801.7173621527
-15801.7173376349
-15801.7172148091
-15801.7171959302
-15801.7172353107
-15801.7172358160
-15801.7172241047
-15801.7173416848
-15801.7172784148
-15801.7173667482
-15801.7172304550
-15801.7171518588
-15801.7172510609
-15801.7172123541
-15801.7172244482
-15801.7172955492
-15801.7171378868
-15801.7172896519
-15801.7172638080
-15801.7173918652
-15801.7174210330
-15801.7172368024
-15801.7173386696
-15801.7172482061
-15801.7171713833
-15801.7169678093
-15801.7171129102
-15801.7172331463
-15801.7170914089
-15801.7173771485
-15801.7173302174
-15801.7171123429
-15801.7170601018
-15801.7173139585
-15801.7171854694
-15801.7174231125
-15801.7171977419
-15801.7174781559
-15801.7173891770
-15801.7173131184
-15801.7171674993
-15801.7173057633
-15801.7171453657
-15801.7172683612
-15801.7174193020
-15801.7174236386
-15801.7172100727
-15801.7173263351
-15801.7173014334
-15801.7172784154
-15801.7175222617
-15801.7173277371
-15801.7172613562
-15801.7173229334
-15801.7172098298
-15801.7172020241
-15801.7174081537
-15801.7171664674
-15801.7172280312
-15801.7172970438
-15801.7172808242
-15801.7172447010
-15801.7173571765
-15801.7172393480
-15801.7173531590
-15801.7171022477
-15801.7173631865
-15801.7172533269
-15801.7171398797
-15801.7172179834
-15801.7172705043
-15801.7172490500
-15801.7171338054
-15801.7171423727
-15801.7172934841
-15801.7172847863
-15801.7172844854
-15801.7173188338
-15801.7171851389
-15801.7171529434
-15801.7172344132
-15801.7171047456
-15801.7171985713
-15801.7172902780
-15801.7172753401
-15801.7172960443
-15801.7172431411
-15801.7174191774
-15801.7175203701
-15801.7173338789
-15801.7171407688
-15801.7171909049
-15801.7171734557
-15801.7171689995
-15801.7171462904
-15801.7170941128
-15801.7171988189
-15801.7172306418
-15801.7170936499
-15801.7170963974
-15801.7171211898
-15801.7170730896
-15801.7173411795
-15801.7171643306
-15801.7169399148
-15801.7175221448
-15801.7172394295
-15801.7170959110
-15801.7172581361
-15801.7171361380
-15801.7175219586
-15801.7170913175
-15801.7173047989
-15801.7175225007
-15801.7172037652
-15801.7170969549
-15801.7170942382
-15801.7172448319
-15801.7173026552
-15801.7171534539
-15801.7172581740
-15801.7170797380
-15801.7172208429
-15801.7172227852
-15801.7173678908
-15801.7171750173
-15801.7171206507
-15801.7174063483
-15801.7172832949
-15801.7171524767
-15801.7171725774
-15801.7172859152
-15801.7172961057
-15801.7172308408
-15801.7172385127
-15801.7174327615
-15801.7173345895
-15801.7172425337
-15801.7172230248
-15801.7172079299
-15801.7173377177
-15801.7173140764
-15801.7171181147
-15801.7172631171
-15801.7173324205
-15801.7171825248
-15801.7172846772
-15801.7172543495
-15801.7169739138
-15801.7174263094
-15801.7172993295
-15801.7174365508
-15801.7172735610
-15801.7172929619
-15801.7171641725
-15801.7171785931
-15801.7172680133
-15801.7172614266
-15801.7173618450
-15801.7173769268
-15801.7171991144
-15801.7173906272
-15801.7172200518
-15801.7171901494
-15801.7172079667
-15801.7171915739
-15801.7171070872
-15801.7174268337
-15801.7172763419
-15801.7173464030
-15801.7172405253
-15801.7171581048
-15801.7171618911
-15801.7172585702
-15801.7172046882
-15801.7171426574
-15801.7173166683
-15801.7174117142
-15801.7172076319
-15801.7171817180
-15801.7174190419
-15801.7173178260
-15801.7172175705
-15801.7172684844
-15801.7172834401
-15801.7175231171
-15801.7171379654
-15801.7171292573
-15801.7172166855
-15801.7173043037
-15801.7172246323
-15801.7175230159
-15801.7171385970
-15801.7171425207
-15801.7172768758
-15801.7172046628
-15801.7173688035
-15801.7171681205
-15801.7173957569
-15801.7171575191
-15801.7172536742
-15801.7173210532
-15801.7172044157
-15801.7172109944
-15801.7172246784
-15801.7171040540
-15801.7175212698
-15801.7172766170
-15801.7172659040
-15801.7171477617
-15801.7172563547
-15801.7171253211
-15801.7172512887
-15801.7174271531
-15801.7173964228
-15801.7172673854
-15801.7171976281
-15801.7171358892
-15801.7172006232
-15801.7174329716
-15801.7170600036
-15801.7173845603
-15801.7172476972
-15801.7173244624
-15801.7172887071
-15801.7172816590
-15801.7172484192
-15801.7172199652
-15801.7172618404
-15801.7171823684
-15801.7173489836
-15801.7173267667
-15801.7171138421
-15801.7171564495
-15801.7172031313
-15801.7173695431
-15801.7171600425
-15801.7173358848
-15801.7172515524
-15801.7170877480
-15801.7171790237
-15801.7173439433
-15801.7175135653
-15801.7173604181
-15801.7173841933
-15801.7173506628
-15801.7172290946
-15801.7172357593
-15801.7174379952
-15801.7171593119
-15801.7173806587
-15801.7170985958
-15801.7171560975
-15801.7171611016
-15801.7172605901
-15801.7172928572
-15801.7172697308
-15801.7172871739
-15801.7172148817
-15801.7171648123
-15801.7172820204
-15801.7170681770
-15801.7173227648
-15801.7173383850
-15801.7171368134
-15801.7171863220
-15801.7171285351
-15801.7171400729
-15801.7174211694
-15801.7172786168
-15801.7172452818
-15801.7171245307
-15801.7172551994
-15801.7173309292
-15801.7172113426
-15801.7170516680
-15801.7172301802
-15801.7173133551
-15801.7172058305
-15801.7172060355
-15801.7172305947
-15801.7172564348
-15801.7171763311
-15801.7171266105
-15801.7172262782
-15801.7173216661
-15801.7173382813
-15801.7173469801
-15801.7171938120
-15801.7173198524
-15801.7170425311
-15801.7173271656
-15801.7173202611
-15801.7172371585
-15801.7172661648
-15801.7171392093
-15801.7171241977
-15801.7172438307
-15801.7172267264
-15801.7171047779
-15801.7171665005
-15801.7173524088
-15801.7172693232
-15801.7173660201
-15801.7171513909
-15801.7172774584
-15801.7171135220
-15801.7171675350
-15801.7173800597
-15801.7171918975
-15801.7173049669
-15801.7173611578
-15801.7172558687
-15801.7172566774
-15801.7171866681
-15801.7171350223
-15801.7171088716
-15801.7172586064
-15801.7173842136
-15801.7171708257
-15801.7175228725
-15801.7172964487
-15801.7173400438
-15801.7174742789
-15801.7173480749
-15801.7172355936
-15801.7172983506
-15801.7172198564
-15801.7172483787
-15801.7173894826
-15801.7172116952
-15801.7173001408
-15801.7171361542
-15801.7172637866
-15801.7170756759
-15801.7171559593
-15801.7171544461
-15801.7172449000
-15801.7171942128
-15801.7173724812
-15801.7174049920
-15801.7172068262
-15801.7171001514
-15801.7172576217
-15801.7175221327
-15801.7172672823
-15801.7173163438
-15801.7172031214
-15801.7171665700
-15801.7172919742
-15801.7172081521
-15801.7174128290
-15801.7172571812
-15801.7171597842
-15801.7172765944
-15801.7171430930
-15801.7172467858
-15801.7171915052
-15801.7172332975
-15801.7172220934
-15801.7172881964
-15801.7173551274
-15801.7173484541
-15801.7175250597
-15801.7171289852
-15801.7172108826
-15801.7170576398
-15801.7172815350
-15801.7170678962
-15801.7172948569
-15801.7173272927
-15801.7172939058
-15801.7172306381
-15801.7172967357
-15801.7172597210
-15801.7173695093
-15801.7172204518
-15801.7172975343
-15801.7172217690
-15801.7172119694
-15801.7172392827
-15801.7171967446
-15801.7172506053
-15801.7173131797
-15801.7173267918
-15801.7172831808
-15801.7172514820
-15801.7172292039
-15801.7171970298
-15801.7172967217
-15801.7172311327
-15801.7173188736
-15801.7173224171
-15801.7172605858
-15801.7173356236
-15801.7170357738
-15801.7172327390
-15801.7173146420
-15801.7173089447
-15801.7172060942
-15801.7172609617
-15801.7174290816
-15801.7174264092
-15801.7171366462
-15801.7171573173
-15801.7173746924
-15801.7174291414
-15801.7170539993
-15801.7172838416
-15801.7172583585
-15801.7171011834
-15801.7170438899
-15801.7173261177
-15801.7172927031
-15801.7174301602
-15801.7173312288
-15801.7173394469
-15801.7173339361
-15801.7173520790
-15801.7172450483
-15801.7172511185
-15801.7171670102
-15801.7173718700
-15801.7172138990
-15801.7171846020
-15801.7175222525
-15801.7171438232
-15801.7172389164
-15801.7172797099
-15801.7172291230
-15801.7171068342
-15801.7172855745
-15801.7170861746
-15801.7172022169
-15801.7172905539
-15801.7172247024
-15801.7171931070
-15801.7172292994
-15801.7174244198
-15801.7172831974
-15801.7172572314
-15801.7173788855
-15801.7173587569
-15801.7170389680
-15801.7171798919
-15801.7172625150
-15801.7172415285
-15801.7171656914
-15801.7172514422
-15801.7172693838
-15801.7174706082
-15801.7172394942
-15801.7171102844
-15801.7172791334
-15801.7172949004
-15801.7173430257
-15801.7173111136
-15801.7171968832
-15801.7173809183
-15801.7171495387
-15801.7172456042
-15801.7171890332
-15801.7172805908
-15801.7172130253
-15801.7173794560
-15801.7171481624
-15801.7172260654
-15801.7173016531
-15801.7172949370
-15801.7172544811
-15801.7173233187
-15801.7170565892
-15801.7173213142
-15801.7172181949
-15801.7171418074
-15801.7172411344
-15801.7171156258
-15801.7171712830
-15801.7171805149
-15801.7172400156
-15801.7173104693
-15801.7173008885
-15801.7171889119
-15801.7174222664
-15801.7170849751
-15801.7173770948
-15801.7172244867
-15801.7174172650
-15801.7173338101
-15801.7172568163
-15801.7172594614
-15801.7171497799
-15801.7173688451
-15801.7173814596
-15801.7173107190
-15801.7174186056
-15801.7172868971
-15801.7175136158
-15801.7171683051
-15801.7171897862
-15801.7172889490
-15801.7173836966
-15801.7173513110
-15801.7171026819
-15801.7171070944
-15801.7174275948
-15801.7171550939
-15801.7174043557
-15801.7171436855
-15801.7173314882
-15801.7171906482
-15801.7174111057
-15801.7172435500
-15801.7171749538
-15801.7171836339
-15801.7172484797
-15801.7172600059
-15801.7171570035
-15801.7172671749
-15801.7170988788
-15801.7172797217
-15801.7172662341
-15801.7171688930
-15801.7171894272
-15801.7171319824
-15801.7173075165
-15801.7173056979
-15801.7173351954
-15801.7173536161
-15801.7171301621
-15801.7172789219
-15801.7173493241
-15801.7171519863
-15801.7173869084
-15801.7171497803
-15801.7171600008
-15801.7170871238
-15801.7173514056
-15801.7172330997
-15801.7173373838
-15801.7173626459
-15801.7172685900
-15801.7171780846
-15801.7172767545
-15801.7172422472
-15801.7173165436
-15801.7172111162
-15801.7172194484
-15801.7173184224
-15801.7173299491
-15801.7173374463
-15801.7171304737
-15801.7172380042
-15801.7170964365
-15801.7169823615
-15801.7170458265
-15801.7172687104
-15801.7171882384
-15801.7171079745
-15801.7172712049
-15801.7171125393
-15801.7172353939
-15801.7173571487
-15801.7172169757
-15801.7172048989
-15801.7173551915
-15801.7172674383
-15801.7171829241
-15801.7172043370
-15801.7171015721
-15801.7173869507
-15801.7173735015
-15801.7170928925
-15801.7172823991
-15801.7171450389
-15801.7173399865
-15801.7172365881
-15801.7172556706
-15801.7174472601
-15801.7170825830
-15801.7171917657
-15801.7171361571
-15801.7170911593
-15801.7172600820
-15801.7173153146
-15801.7171931140
-15801.7171215660
-15801.7173531014
-15801.7173387925
-15801.7171880977
-15801.7172189204
-15801.7172508869
-15801.7172358080
-15801.7171791851
-15801.7173261087
-15801.7173499782
-15801.7170752333
-15801.7172687022
-15801.7172165747
-15801.7171450942
-15801.7171119906
-15801.7171769736
-15801.7172019350
-15801.7172289829
-15801.7171761751
-15801.7171548778
-15801.7173725268
-15801.7172726594
-15801.7171129566
-15801.7171757284
-15801.7171192352
-15801.7173860598
-15801.7172776869
-15801.7173087215
-15801.7174069988
-15801.7173584167
-15801.7172609523
-15801.7171989033
-15801.7173092857
-15801.7171712711
-15801.7173658268
-15801.7172105503
-15801.7173841501
-15801.7173827213
-15801.7174644786
-15801.7174234115
-15801.7173604789
-15801.7172492233
-15801.7170897257
-15801.7170929864
-15801.7170907566
-15801.7171545493
-15801.7174493375
-15801.7173305291
-15801.7173902390
-15801.7172523495
-15801.7172196282
-15801.7172901293
-15801.7173338056
-15801.7171591751
-15801.7173070578
-15801.7171666164
-15801.7172448233
-15801.7168976866
-15801.7173642613
-15801.7172037397
-15801.7171801934
-15801.7172617076
-15801.7172583638
-15801.7171780784
-15801.7173084620
-15801.7171655524
-15801.7173083979
-15801.7171540731
-15801.7173395596
-15801.7171453178
-15801.7172439867
-15801.7172436643
-15801.7173238109
-15801.7172771565
-15801.7172881346
-15801.7171810841
-15801.7170600618
-15801.7171615636
-15801.7171674366
-15801.7173000411
-15801.7171439881
-15801.7171057744
-15801.7174147982
-15801.7172908373
-15801.7171842349
-15801.7172179577
-15801.7173921225
-15801.7173347549
-15801.7173699590
-15801.7171787079
-15801.7172935726
-15801.7173230862
-15801.7171784282
-15801.7171311018
-15801.7173594867
-15801.7175080408
-15801.7171807589
-15801.7172875870
-15801.7170860116
-15801.7173628189
-15801.7174004929
-15801.7170723198
-15801.7170749066
-15801.7171889221
-15801.7171876674
-15801.7172559139
-15801.7171664813
-15801.7171481395
-15801.7171833508
-15801.7172358607
-15801.7172788553
-15801.7173398526
-15801.7171127524
-15801.7171594471
-15801.7173292726
-15801.7173048472
-15801.7171551612
-15801.7171345196
-15801.7172920388
-15801.7171308408
-15801.7172975626
-15801.7173114046
-15801.7171529001
-15801.7174193640
-15801.7171996102
-15801.7172098667
-15801.7172509301
-15801.7171730442
-15801.7173884216
-15801.7171795877
-15801.7173767447
-15801.7171958690
-15801.7172319895
-15801.7172415779
-15801.7172107805
-15801.7174536090
-15801.7172920401
-15801.7171792364
-15801.7173636714
-15801.7171875019
-15801.7172965412
-15801.7171758608
-15801.7171436656
-15801.7173195780
-15801.7172769957
-15801.7170589845
-15801.7173924205
-15801.7173333623
-15801.7173132825
-15801.7171588311
-15801.7173499036
-15801.7173364910
-15801.7172313513
-15801.7171677466
-15801.7172695690
-15801.7171341702
-15801.7172366750
-15801.7172566987
-15801.7172992608
-15801.7172079072
-15801.7171517650
-15801.7171869647
-15801.7173369976
-15801.7173233630
-15801.7172085131
-15801.7173273779
-15801.7175226133
-15801.7170638162
-15801.7173024367
-15801.7170798300
-15801.7171997673
-15801.7170949638
-15801.7172502897
-15801.7170793374
-15801.7170567589
-15801.7171001640
-15801.7171926673
-15801.7172007404
-15801.7174430824
-15801.7172851114
-15801.7173362712
-15801.7173280359
-15801.7173458287
-15801.7172924793
-15801.7173008339
-15801.7171301699
-15801.7173606222
-15801.7175519622
-15801.7172468063
-15801.7171855478
-15801.7171804235
-15801.7171995440
-15801.7172705954
-15801.7170844695
-15801.7173077428
-15801.7172315111
-15801.7173786484
-15801.7172336348
-15801.7172310723
-15801.7172811458
-15801.7173868545
-15801.7173838508
-15801.7172901008
-15801.7171524984
-15801.7172389854
-15801.7172977099
-15801.7172267077
-15801.7171938805
-15801.7172511743
-15801.7173232944
-15801.7171300085
-15801.7172453026
-15801.7173098510
-15801.7172534380
-15801.7171639450
-15801.7173143368
-15801.7173027426
-15801.7173859502
-15801.7172168398
-15801.7171853541
-15801.7171488481
-15801.7171619941
-15801.7172800690
-15801.7171806304
-15801.7172479610
-15801.7172742311
-15801.7171052025
-15801.7173119331
-15801.7171721757
-15801.7171308064
-15801.7173128225
-15801.7172578252
-15801.7172626282
-15801.7170385770
-15801.7172729194
-15801.7172512350
-15801.7171199251
-15801.7173753579
-15801.7171120626
-15801.7172502434
-15801.7170217944
-15801.7172067185
-15801.7170306018
-15801.7169864754
-15801.7175216830
-15801.7171612897
-15801.7172557928
-15801.7172704770
-15801.7171930333
-15801.7172363019
-15801.7172965927
-15801.7173858273
-15801.7171697829
-15801.7171685033
-15801.7173837291
-15801.7172604640
-15801.7172624365
-15801.7173579473
-15801.7173358562
-15801.7171871663
-15801.7171724698
-15801.7171206663
-15801.7173349730
-15801.7173154343
-15801.7172352764
-15801.7171137177
-15801.7172214038
-15801.7172168952
-15801.7169764406
-15801.7172882948
-15801.7172890779
-15801.7170152011
-15801.7171775716
-15801.7172109916
-15801.7172126178
-15801.7171441895
-15801.7172191627
-15801.7172078959
-15801.7173063066
-15801.7172666863
-15801.7173832460
-15801.7172136062
-15801.7171840275
-15801.7172328118
-15801.7173070968
-15801.7173744049
-15801.7172637342
-15801.7172130906
-15801.7171903392
-15801.7173943246
-15801.7173913272
-15801.7171776739
-15801.7170824273
-15801.7172986491
-15801.7172625978
-15801.7172850972
-15801.7173992544
-15801.7170860705
-15801.7171520872
-15801.7174107161
-15801.7171956475
-15801.7173330658
-15801.7173496259
-15801.7171535022
-15801.7172629857
-15801.7173750487
-15801.7171320079
-15801.7172392504
-15801.7172339308
-15801.7173352356
-15801.7172688302
-15801.7172570114
-15801.7171693610
-15801.7173366075
-15801.7172568817
-15801.7171516941
-15801.7172030242
-15801.7171344697
-15801.7171796919
-15801.7173576671
-15801.7173606639
-15801.7172643872
-15801.7171746786
-15801.7172192936
-15801.7174199849
-15801.7172087242
-15801.7173143709
-15801.7173262985
-15801.7172292532
-15801.7172855828
-15801.7171103094
-15801.7173407753
-15801.7173175205
-15801.7172224648
-15801.7171379264
-15801.7171840515
-15801.7171918556
-15801.7171312239
-15801.7171426586
-15801.7172570286
-15801.7171557623
-15801.7172583960
-15801.7171486760
-15801.7170270481
-15801.7173463369
-15801.7171986718
-15801.7172263618
-15801.7173496928
-15801.7173535105
-15801.7171445358
-15801.7170944298
-15801.7172138678
-15801.7173784997
-15801.7172888296
-15801.7172211725
-15801.7171684115
-15801.7170852403
-15801.7172267377
-15801.7172402951
-15801.7172411690
-15801.7173135789
-15801.7171905441
-15801.7173562228
-15801.7172222819
-15801.7172794842
-15801.7173498820
-15801.7173465838
-15801.7172588329
-15801.7171727690
-15801.7171323518
-15801.7171235952
-15801.7172992245
-15801.7173466438
-15801.7171434430
-15801.7171288450
-15801.7172526526
-15801.7173898070
-15801.7172560336
-15801.7171955687
-15801.7173237985
-15801.7170588762
-15801.7173958206
-15801.7171524151
-15801.7173494778
-15801.7172951814
-15801.7172665532
-15801.7173225178
-15801.7173366158
-15801.7173485475
-15801.7171454062
-15801.7172121578
-15801.7171117945
-15801.7173425608
-15801.7175137320
-15801.7171871574
-15801.7171087495
-15801.7171251318
-15801.7173074729
-15801.7171158310
-15801.7173504610
-15801.7173406085
-15801.7171617875
-15801.7172056740
-15801.7171474866
-15801.7171730732
-15801.7172930038
-15801.7172798152
-15801.7171598556
-15801.7175133514
-15801.7171588842
-15801.7170441633
-15801.7171796144
-15801.7173672623
-15801.7172932716
-15801.7173156673
-15801.7172628903
-15801.7172252241
-15801.7173862287
-15801.7173510151
-15801.7171436477
-15801.7173410999
-15801.7172790428
-15801.7173054500
-15801.7172867092
-15801.7174539524
-15801.7172982508
-15801.7173374213
-15801.7173553372
-15801.7172649975
-15801.7172031014
-15801.7169601058
-15801.7171566831
-15801.7171933933
-15801.7172354787
-15801.7173242295
-15801.7172268083
-15801.7173535359
-15801.7170748512
-15801.7172167008
-15801.7173033284
-15801.7172867528
-15801.7172464553
-15801.7172927606
-15801.7171216716
-15801.7173898386
-15801.7173366471
-15801.7171918436
-15801.7172828484
-15801.7174315911
-15801.7172331303
-15801.7171952335
-15801.7171731767
-15801.7171670509
-15801.7171397053
-15801.7173334540
-15801.7172130714
-15801.7172752310
-15801.7172320657
-15801.7171660808
-15801.7171531021
-15801.7175220861
-15801.7173340994
-15801.7172329646
-15801.7171983977
-15801.7172545821
-15801.7170789405
-15801.7172248611
-15801.7174258369
-15801.7171494355
-15801.7172462376
-15801.7170892677
-15801.7171908116
-15801.7172674994
-15801.7170635954
-15801.7172193162
-15801.7171152774
-15801.7172599208
-15801.7170635487
-15801.7173449044
-15801.7172808503
-15801.7173824658
-15801.7173561683
-15801.7172060778
-15801.7171056225
-15801.7173157749
-15801.7171306623
-15801.7173149799
-15801.7171965514
-15801.7170764366
-15801.7171729125
-15801.7172763074
-15801.7172435451
-15801.7173880442
-15801.7171790786
-15801.7173174999
-15801.7172752889
-15801.7172785183
-15801.7172454577
-15801.7172528641
-15801.7172463055
-15801.7173513005
-15801.7172832261
-15801.7172903531
-15801.7174774929
-15801.7171620328
-15801.7171573864
-15801.7173196380
-15801.7173127773
-15801.7172596852
-15801.7171881469
-15801.7173828291
-15801.7172002952
-15801.7172483600
-15801.7173623404
-15801.7173493257
-15801.7173481836
-15801.7171776166
-15801.7172262689
-15801.7172378321
-15801.7173631409
-15801.7172828812
-15801.7170808424
-15801.7172090830
-15801.7172875852
-15801.7172947052
-15801.7171942445
-15801.7170794709
-15801.7171818737
-15801.7171331441
-15801.7174307703
-15801.7172036333
-15801.7172347737
-15801.7172741298
-15801.7172281793
-15801.7172593573
-15801.7172473609
-15801.7171582243
-15801.7172811360
-15801.7172629714
-15801.7172177866
-15801.7172043442
-15801.7172948295
-15801.7172364762
-15801.7172120328
-15801.7170905687
-15801.7172426719
-15801.7173644803
-15801.7170980321
-15801.7172998881
-15801.7171664992
-15801.7172323374
-15801.7173213056
-15801.7172136688
-15801.7170965919
-15801.7172846771
-15801.7171343038
-15801.7172780705
-15801.7172351778
-15801.7173260096
-15801.7172238814
-15801.7172031850
-15801.7173584157
-15801.7172370682
-15801.7172942385
-15801.7171041602
-15801.7173009215
-15801.7174184706
-15801.7175137722
-15801.7172877991
-15801.7173111771
-15801.7174232247
-15801.7172338352
-15801.7172790802
-15801.7173683737
-15801.7172501064
-15801.7172525032
-15801.7172050372
-15801.7172250568
-15801.7173073910
-15801.7171338292
-15801.7172835600
-15801.7171938261
-15801.7172963119
-15801.7172114063
-15801.7173450253
-15801.7173819036
-15801.7173375051
-15801.7173950653
-15801.7171389383
-15801.7170154773
-15801.7172364660
-15801.7171406715
-15801.7172673170
-15801.7171567574
-15801.7173200691
-15801.7173678558
-15801.7172319170
-15801.7172508989
-15801.7172803479
-15801.7173266667
-15801.7172760293
-15801.7173236819
-15801.7171910029
-15801.7172009961
-15801.7173140174
-15801.7171381112
-15801.7173513555
-15801.7172673747
-15801.7171788530
-15801.7173247148
-15801.7173150059
-15801.7172963995
-15801.7172513884
-15801.7173379279
-15801.7172614440
-15801.7173619698
-15801.7172057975
-15801.7172483461
-15801.7172756532
-15801.7172174791
-15801.7172705122
-15801.7172231911
-15801.7172081568
-15801.7171539276
-15801.7173443875
-15801.7170209663
-15801.7172535496
-15801.7172890297
-15801.7171167459
-15801.7172842734
-15801.7172739374
-15801.7172645843
-15801.7173399742
-15801.7173215810
-15801.7173008227
-15801.7171737442
-15801.7172856725
-15801.7171813513
-15801.7170660094
-15801.7171937720
-15801.7170466512
-15801.7171786162
-15801.7172302642
-15801.7171494893
-15801.7170152619
-15801.7172554642
-15801.7172898420
-15801.7173158181
-15801.7172429241
-15801.7172095538
-15801.7172340927
-15801.7173600451
-15801.7171703024
-15801.7171776001
-15801.7171333701
-15801.7172077780
-15801.7171379778
-15801.7172251292
-15801.7172373084
-15801.7173441190
-15801.7171653700
-15801.7173027893
-15801.7175234662
-15801.7172445508
-15801.7172571310
-15801.7172307440
-15801.7175227924
-15801.7172045564
-15801.7172376325
-15801.7172167504
-15801.7172546857
-15801.7173154950
-15801.7171600293
-15801.7172860988
-15801.7171364795
-15801.7173765608
-15801.7172417345
-15801.7172725546
-15801.7172932045
-15801.7173130500
-15801.7170758584
-15801.7173117174
-15801.7172846934
-15801.7173659334
-15801.7172166107
-15801.7171787375
-15801.7172041617
-15801.7174133147
-15801.7170779613
-15801.7172111196
-15801.7171012214
-15801.7171756285
-15801.7172205552
-15801.7173635046
-15801.7172889772
-15801.7172698757
-15801.7173648746
-15801.7172654240
-15801.7173147104
-15801.7175209307
-15801.7171257403
-15801.7171115530
-15801.7172583003
-15801.7170800297
-15801.7171798685
-15801.7170809314
-15801.7174062089
-15801.7173395284
-15801.7171756833
-15801.7173438114
-15801.7171542206
-15801.7171456158
-15801.7171950493
-15801.7170494574
-15801.7171751441
-15801.7171232234
-15801.7172958561
-15801.7172014364
-15801.7172653777
-15801.7172467422
-15801.7172827755
-15801.7172284872
-15801.7172485219
-15801.7172420527
-15801.7172152101
-15801.7173108214
-15801.7171590035
-15801.7172852440
-15801.7173243956
-15801.7171973280
-15801.7171862855
-15801.7171780049
-15801.7171827568
-15801.7171862154
-15801.7171525432
-15801.7172987998
-15801.7172679291
-15801.7173287637
-15801.7171356675
-15801.7171396575
-15801.7172276165
-15801.7174193010
-15801.7172806355
-15801.7173384891
-15801.7171218478
-15801.7171980571
-15801.7172023029
-15801.7172044359
-15801.7172165484
-15801.7171656046
-15801.7173489802
-15801.7172763925
-15801.7171481441
-15801.7173160162
-15801.7171663540
-15801.7171061832
-15801.7172399322
-15801.7172584779
-15801.7173218741
-15801.7171360033
-15801.7172935913
-15801.7172394669
-15801.7173055334
-15801.7172719404
-15801.7171353239
-15801.7173135993
-15801.7172092616
-15801.7172518704
-15801.7172719617
-15801.7170377590
-15801.7170926758
-15801.7172604944
-15801.7173158974
-15801.7171177006
-15801.7173289947
-15801.7172854300
-15801.7173625163
-15801.7170965222
-15801.7172922804
-15801.7171704341
-15801.7171086313
-15801.7171796799
-15801.7172163975
-15801.7172082300
-15801.7172119370
-15801.7170053807
-15801.7173087668
-15801.7172279929
-15801.7171840394
-15801.7172059134
-15801.7173194701
-15801.7173644850
-15801.7172352893
-15801.7171655758
-15801.7172409443
-15801.7172416188
-15801.7172786370
-15801.7172571094
-15801.7171427283
-15801.7172569550
-15801.7171536738
-15801.7172636236
-15801.7172054152
-15801.7173773602
-15801.7173257940
-15801.7172322964
-15801.7173299166
-15801.7171533992
-15801.7172444260
-15801.7172862957
-15801.7171280808
-15801.7172019782
-15801.7173430192
-15801.7173020415
-15801.7171066007
-15801.7170534630
-15801.7171656271
-15801.7169675887
-15801.7173362671
-15801.7172094317
-15801.7173166154
-15801.7173486518
-15801.7172714552
-15801.7173297746
-15801.7172245059
-15801.7172992742
-15801.7172884810
-15801.7173125158
-15801.7171287767
-15801.7173200947
-15801.7172471988
-15801.7172749183
-15801.7173878851
-15801.7173273499
-15801.7174341877
-15801.7175240395
-15801.7171839683
-15801.7171220730
-15801.7172112442
-15801.7171714001
-15801.7173165703
-15801.7173186496
-15801.7173883834
-15801.7174044241
-15801.7171851113
-15801.7172201578
-15801.7173673110
-15801.7171640225
-15801.7172670037
-15801.7172445842
-15801.7172967463
-15801.7172687277
-15801.7172137376
-15801.7171133351
-15801.7170945331
-15801.7175222657
-15801.7172737139
-15801.7172044921
-15801.7172685206
-15801.7172509191
-15801.7172149761
-15801.7172913709
-15801.7173102681
-15801.7172387924
-15801.7173136962
-15801.7173812618
-15801.7171996254
-15801.7172255689
-15801.7171828556
-15801.7172280319
-15801.7173825068
-15801.7173145521
-15801.7171569740
-15801.7170867317
-15801.7171893511
-15801.7172328612
-15801.7172225822
-15801.7174124893
-15801.7172481020
-15801.7172802065
-15801.7173045957
-15801.7172460746
-15801.7173174848
-15801.7173646616
-15801.7173016924
-15801.7172946122
-15801.7173731192
-15801.7171878289
-15801.7172329958
-15801.7172039606
-15801.7173239917
-15801.7172164936
-15801.7171906753
-15801.7175239979
-15801.7173773390
-15801.7173056251
-15801.7171238233
-15801.7173565088
-15801.7172006034
-15801.7172003113
-15801.7172119426
-15801.7172873857
-15801.7173786748
-15801.7172055909
-15801.7171839924
-15801.7174333638
-15801.7173158704
-15801.7172175392
-15801.7170814622
-15801.7173010050
-15801.7171369759
-15801.7175231773
-15801.7171910009
-15801.7172220821
-15801.7171120249
-15801.7172745349
-15801.7173171350
-15801.7171686024
-15801.7171377325
-15801.7171597659
-15801.7171868322
-15801.7170636344
-15801.7171918123
-15801.7172153285
-15801.7175224847
-15801.7171313913
-15801.7173108714
-15801.7172647742
-15801.7169660451
-15801.7174036297
-15801.7172311568
-15801.7171523576
-15801.7175241375
-15801.7172156067
-15801.7171485825
-15801.7170515321
-15801.7172316706
-15801.7172142330
-15801.7172647922
-15801.7172908013
-15801.7172761471
-15801.7172967740
-15801.7172695480
-15801.7172451675
-15801.7172009896
-15801.7173141176
-15801.7172071375
-15801.7172131012
-15801.7171567041
-15801.7173825153
-15801.7171416332
-15801.7171011820
-15801.7171978655
-15801.7171036763
-15801.7172989189
-15801.7172936912
-15801.7173341768
-15801.7171026009
-15801.7172318388
-15801.7172478900
-15801.7171909739
-15801.7171538555
-15801.7172667095
-15801.7171526515
-15801.7172756121
-15801.7171937441
-15801.7174205577
-15801.7173646103
-15801.7172533119
-15801.7174277317
-15801.7172710383
-15801.7171663227
-15801.7171613566
-15801.7172788008
-15801.7172581776
-15801.7172178702
-15801.7172214876
-15801.7172716148
-15801.7173352293
-15801.7173480919
-15801.7173691858
-15801.7171627086
-15801.7172690449
-15801.7172328780
-15801.7172105996
-15801.7171832947
-15801.7174072365
-15801.7172221104
-15801.7172098123
-15801.7170836368
-15801.7172294729
-15801.7172317078
-15801.7175229713
-15801.7171200712
-15801.7173037259
-15801.7172993667
-15801.7172237294
-15801.7173053920
-15801.7170358871
-15801.7172447134
-15801.7172278570
-15801.7172738420
-15801.7171995093
-15801.7172310891
-15801.7170556207
-15801.7173245309
-15801.7172834847
-15801.7172023259
-15801.7173503252
-15801.7172377457
-15801.7171666951
-15801.7173779206
-15801.7173505324
-15801.7173202052
-15801.7173096263
-15801.7172248617
-15801.7174428150
-15801.7171442917
-15801.7173100561
-15801.7173116533
-15801.7172486085
-15801.7174026703
-15801.7174405389
-15801.7173087585
-15801.7172420454
-15801.7172679636
-15801.7171928502
-15801.7172857220
-15801.7172194960
-15801.7172791521
-15801.7172175826
-15801.7171250500
-15801.7173597938
-15801.7171834951
-15801.7172039126
-15801.7175221874
-15801.7174100061
-15801.7172691440
-15801.7172611105
-15801.7173164919
-15801.7174082953
-15801.7172879518
-15801.7173231890
-15801.7170760191
-15801.7174546122
-15801.7171151096
-15801.7171200714
-15801.7171824565
-15801.7170654871
-15801.7171639782
-15801.7173432071
-15801.7173408723
-15801.7172500383
-15801.7172486253
-15801.7171611633
-15801.7171615020
-15801.7171869591
-15801.7172657472
-15801.7171743929
-15801.7172849153
-15801.7172170731
-15801.7171943755
-15801.7172821575
-15801.7172294940
-15801.7170754161
-15801.7173224140
-15801.7172422111
-15801.7171901419
-15801.7172430753
-15801.7173257666
-15801.7173535084
-15801.7172493812
-15801.7169588262
-15801.7171886476
-15801.7172882006
-15801.7170972417
-15801.7173767830
-15801.7175230978
-15801.7173518270
-15801.7171722783
-15801.7172822053
-15801.7170057797
-15801.7172925105
-15801.7171980972
-15801.7173214797
-15801.7172951177
-15801.7172716983
-15801.7172179273
-15801.7173595078
-15801.7172584378
-15801.7173851558
-15801.7172406125
-15801.7172467096
-15801.7173557903
-15801.7172528231
-15801.7172318390
-15801.7170821470
-15801.7172750679
-15801.7173479608
-15801.7172667214
-15801.7172370863
-15801.7172146281
-15801.7171885283
-15801.7172782919
-15801.7170967039
-15801.7170771403
-15801.7172722717
-15801.7172244857
-15801.7171114257
-15801.7174069290
-15801.7172807159
-15801.7173028537
-15801.7174357927
-15801.7172569825
-15801.7172005762
-15801.7171919412
-15801.7172128704
-15801.7171393565
-15801.7171183586
-15801.7172719067
-15801.7173054414
-15801.7171339496
-15801.7173171792
-15801.7171718009
-15801.7173900417
-15801.7171184822
-15801.7175001193
-15801.7170842340
-15801.7172424921
-15801.7170846122
-15801.7171882067
-15801.7171569786
-15801.7172993325
-15801.7171093709
-15801.7171434936
-15801.7171741993
-15801.7171089052
-15801.7170601468
-15801.7173146001
-15801.7172431826
-15801.7172732191
-15801.7171845020
-15801.7172088303
-15801.7171614651
-15801.7172277769
-15801.7171537784
-15801.7174004892
-15801.7172351396
-15801.7173063544
-15801.7172494100
-15801.7173423812
-15801.7171553678
-15801.7173957550
-15801.7175221072
-15801.7172411281
-15801.7172627004
-15801.7171957378
-15801.7171430375
-15801.7172074963
-15801.7170899008
-15801.7172035267
-15801.7171309093
-15801.7172569994
-15801.7173593876
-15801.7172835023
-15801.7171809816
-15801.7170981220
-15801.7173110792
-15801.7173074430
-15801.7172534003
-15801.7171973186
-15801.7171783551
-15801.7170120586
-15801.7173708563
-15801.7173187782
-15801.7171375391
-15801.7172203944
-15801.7171256423
-15801.7174133343
-15801.7171192456
-15801.7171569078
-15801.7173082587
-15801.7175222611
-15801.7171410163
-15801.7171529493
-15801.7175125093
-15801.7171979311
-15801.7172241201
-15801.7175239259
-15801.7172305135
-15801.7172081910
-15801.7172978261
-15801.7173238085
-15801.7171339641
-15801.7171385374
-15801.7171545207
-15801.7173149234
-15801.7172500265
-15801.7173662312
-15801.7170938431
-15801.7172244620
-15801.7171241551
-15801.7172793537
-15801.7172333607
-15801.7171423402
-15801.7171893725
-15801.7171598885
-15801.7170460200
-15801.7171652695
-15801.7171438615
-15801.7172418953
-15801.7171556789
-15801.7171795377
-15801.7173085045
-15801.7173380461
-15801.7172635662
-15801.7171098092
-15801.7172188323
-15801.7172608715
-15801.7175204793
-15801.7175218484
-15801.7173123027
-15801.7171361249
-15801.7173735708
-15801.7170324155
-15801.7173642565
-15801.7172143026
-15801.7171368205
-15801.7171663931
-15801.7170872434
-15801.7172597237
-15801.7171653575
-15801.7172571337
-15801.7171532173
-15801.7173009168
-15801.7173402651
-15801.7173153237
-15801.7173830267
-15801.7172943462
-15801.7172301641
-15801.7175219069
-15801.7172099808
-15801.7172650634
-15801.7173605529
-15801.7172200704
-15801.7171452891
-15801.7173006089
-15801.7171539666
-15801.7172848752
-15801.7171878404
-15801.7173473502
-15801.7171786821
-15801.7173225944
-15801.7172927810
-15801.7173282048
-15801.7172702717
-15801.7173211425
-15801.7173279072
-15801.7171401357
-15801.7173900601
-15801.7173902339
-15801.7173012958
-15801.7171508470
-15801.7173353248
-15801.7172388172
-15801.7175146198
-15801.7173297146
-15801.7171619228
-15801.7172525207
-15801.7171246109
-15801.7173380753
-15801.7173049193
-15801.7174034280
-15801.7171436667
-15801.7172955794
-15801.7171835160
-15801.7173167529
-15801.7170831874
-15801.7173133254
-15801.7173361322
-15801.7171041972
-15801.7172000837
-15801.7175207760
-15801.7170935437
-15801.7173374594
-15801.7173244422
-15801.7172594679
-15801.7171944123
-15801.7172401864
-15801.7170087677
-15801.7173273833
-15801.7173076931
-15801.7173762656
-15801.7171095714
-15801.7172478877
-15801.7172465206
-15801.7171841004
-15801.7171793850
-15801.7171756781
-15801.7173623520
-15801.7173415429
-15801.7171189074
-15801.7172341763
-15801.7170386266
-15801.7172422546
-15801.7172915106
-15801.7173334842
-15801.7173905774
-15801.7172669056
-15801.7173400197
-15801.7172198603
-15801.7172455902
-15801.7172053736
-15801.7173539492
-15801.7173194233
-15801.7173977807
-15801.7172432848
-15801.7175013054
-15801.7173195291
-15801.7173172997
-15801.7172124670
-15801.7171337250
-15801.7173989477
-15801.7171710241
-15801.7172015065
-15801.7172900066
-15801.7172643877
-15801.7173095197
-15801.7171433956
-15801.7172818937
-15801.7171688151
-15801.7170891191
-15801.7170515501
-15801.7172783466
-15801.7173539150
-15801.7171680390
-15801.7174266136
-15801.7172164287
-15801.7174230706
-15801.7171515219
-15801.7171500880
-15801.7172118205
-15801.7172058338
-15801.7173225243
-15801.7173981472
-15801.7172132034
-15801.7171727846
-15801.7171724563
-15801.7173157713
-15801.7172479828
-15801.7171871547
-15801.7171140235
-15801.7172037783
-15801.7171843802
-15801.7174244798
-15801.7171786016
-15801.7172937437
-15801.7174031514
-15801.7173074634
-15801.7174515509
-15801.7173543529
-15801.7172713081
-15801.7170585097
-15801.7173595028
-15801.7172040338
-15801.7172228696
-15801.7174562216
-15801.7173804144
-15801.7172551424
-15801.7171156055
-15801.7172135761
-15801.7171525829
-15801.7173200833
-15801.7171976066
-15801.7171680891
-15801.7172866058
-15801.7173402162
-15801.7171441970
-15801.7172823030
-15801.7170148752
-15801.7173289779
-15801.7172145808
-15801.7173284573
-15801.7172514063
-15801.7172843167
-15801.7171830309
-15801.7171673203
-15801.7171296988
-15801.7172636847
-15801.7173291839
-15801.7172913890
-15801.7171758332
-15801.7173835958
-15801.7171653838
-15801.7172768742
-15801.7172462512
-15801.7171034976
-15801.7172956060
-15801.7175292039
-15801.7170377257
-15801.7172213002
-15801.7171494056
-15801.7173166588
-15801.7172943952
-15801.7171839476
-15801.7172745701
-15801.7172217978
-15801.7172559834
-15801.7171889951
-15801.7173830652
-15801.7173024341
-15801.7174865807
-15801.7172180033
-15801.7172203611
-15801.7172877313
-15801.7173205079
-15801.7170542825
-15801.7172221789
-15801.7172443681
-15801.7173680010
-15801.7172334176
-15801.7171588324
-15801.7172374357
-15801.7171839137
-15801.7171608856
-15801.7171680605
-15801.7171821333
-15801.7173172240
-15801.7171937872
-15801.7173016837
-15801.7173079462
-15801.7172878231
-15801.7172744720
-15801.7173450977
-15801.7173342035
-15801.7172347993
-15801.7173035132
-15801.7171999760
-15801.7171048500
-15801.7170644518
-15801.7174004204
-15801.7171864670
-15801.7172418678
-15801.7172555417
-15801.7172313778
-15801.7173007660
-15801.7175128331
-15801.7173645843
-15801.7172269607
-15801.7172494461
-15801.7172290346
-15801.7172108460
-15801.7170518623
-15801.7172232089
-15801.7172572436
-15801.7172929199
-15801.7171962752
-15801.7171820247
-15801.7172344850
-15801.7174548932
-15801.7172390523
-15801.7172977997
-15801.7171249710
-15801.7171752441
-15801.7171767812
-15801.7173785629
-15801.7172656292
-15801.7173649856
-15801.7171986170
-15801.7171800989
-15801.7171862498
-15801.7173710144
-15801.7171219565
-15801.7171387570
-15801.7172819235
-15801.7174359952
-15801.7173169366
-15801.7171955117
-15801.7173487139
-15801.7171615400
-15801.7172130270
-15801.7172318000
-15801.7173124324
-15801.7173220483
-15801.7171914996
-15801.7172137662
-15801.7172028746
-15801.7173125243
-15801.7172845209
-15801.7172681081
-15801.7172123328
-15801.7173568281
-15801.7173044841
-15801.7172046657
-15801.7171499331
-15801.7173646951
-15801.7173609392
-15801.7174577025
-15801.7172740740
-15801.7172239024
-15801.7171976228
-15801.7172801339
-15801.7171679362
-15801.7171976393
-15801.7172446627
-15801.7172463619
-15801.7170915910
-15801.7170545760
-15801.7171680908
-15801.7171349633
-15801.7172282703
-15801.7172278841
-15801.7171837672
-15801.7171052321
-15801.7172464239
-15801.7172640414
-15801.7174122361
-15801.7172995317
-15801.7172959950
-15801.7175230326
-15801.7171852252
-15801.7171586757
-15801.7172065536
-15801.7172389770
-15801.7172832987
-15801.7173197927
-15801.7171309097
-15801.7172298918
-15801.7171770130
-15801.7171810163
-15801.7173575226
-15801.7171932808
-15801.7171343330
-15801.7173707726
-15801.7170988375
-15801.7172284988
-15801.7171829066
-15801.7172133668
-15801.7171819363
-15801.7172565932
-15801.7172121152
-15801.7171934199
-15801.7170593591
-15801.7170929500
-15801.7172543429
-15801.7172506029
-15801.7170990985
-15801.7171546284
-15801.7173483098
-15801.7173209059
-15801.7172121947
-15801.7171487620
-15801.7173478589
-15801.7172411231
-15801.7172393701
-15801.7170639211
-15801.7175130433
-15801.7173279768
-15801.7173027720
-15801.7173845257
-15801.7172418258
-15801.7171436368
-15801.7173001105
-15801.7174182053
-15801.7172710532
-15801.7172934491
-15801.7173587207
-15801.7172610856
-15801.7171657441
-15801.7172022281
-15801.7172537947
-15801.7172518693
-15801.7173058000
-15801.7173421690
-15801.7173087255
-15801.7171430610
-15801.7172724067
-15801.7173462138
-15801.7171344730
-15801.7172408673
-15801.7172866299
-15801.7172897706
-15801.7171995921
-15801.7174496035
-15801.7170933046
-15801.7174851266
-15801.7172920550
-15801.7172631063
-15801.7172096763
-15801.7173551884
-15801.7171473747
-15801.7173548712
-15801.7171494538
-15801.7173989596
-15801.7172611825
-15801.7169872213
-15801.7171785304
-15801.7172166244
-15801.7172058083
-15801.7171701493
-15801.7173230536
-15801.7172766638
-15801.7172254744
-15801.7170791666
-15801.7169909012
-15801.7171287099
-15801.7172355108
-15801.7171650205
-15801.7171848202
-15801.7172740266
-15801.7173701131
-15801.7173375700
-15801.7172148372
-15801.7172115807
-15801.7171117406
-15801.7172117964
-15801.7170964269
-15801.7173704903
-15801.7173094204
-15801.7170362160
-15801.7171712522
-15801.7173732229
-15801.7170937230
-15801.7171812810
-15801.7171532210
-15801.7173314968
-15801.7173853391
-15801.7175232237
-15801.7172452219
-15801.7172981437
-15801.7169845633
-15801.7171555529
-15801.7171780880
-15801.7171115449
-15801.7173128670
-15801.7172530005
-15801.7173398649
-15801.7172222948
-15801.7172978865
-15801.7173448747
-15801.7171775105
-15801.7170935817
-15801.7171220762
-15801.7171935797
-15801.7172605990
-15801.7173811464
-15801.7171499952
-15801.7173163684
-15801.7170396640
-15801.7171946554
-15801.7172290015
-15801.7173539382
-15801.7172746444
-15801.7171800766
-15801.7171936173
-15801.7172322114
-15801.7172391285
-15801.7171871544
-15801.7171148868
-15801.7171495712
-15801.7173201315
-15801.7172021407
-15801.7170946689
-15801.7173229681
-15801.7171539632
-15801.7172831042
-15801.7175149159
-15801.7173108596
-15801.7175214749
-15801.7171286174
-15801.7173036580
-15801.7172964431
-15801.7170866982
-15801.7172104449
-15801.7174014790
-15801.7172787134
-15801.7173654220
-15801.7173171260
-15801.7173402594
-15801.7172614480
-15801.7171530133
-15801.7173031110
-15801.7172852982
-15801.7175222421
-15801.7171741161
-15801.7172625711
-15801.7173547847
-15801.7172502987
-15801.7170927567
-15801.7172011737
-15801.7171576608
-15801.7171377459
-15801.7172387074
-15801.7172028862
-15801.7171411709
-15801.7173017226
-15801.7171770447
-15801.7171886936
-15801.7173902322
-15801.7172705150
-15801.7172205780
-15801.7173104592
-15801.7173916874
-15801.7172673847
-15801.7172013318
-15801.7171846861
-15801.7170759109
-15801.7172918799
-15801.7171898233
-15801.7172980145
-15801.7171854890
-15801.7172514376
-15801.7171918779
-15801.7173829149
-15801.7171237265
-15801.7174810785
-15801.7170067880
-15801.7173089920
-15801.7171241754
-15801.7171201337
-15801.7173432694
-15801.7172789368
-15801.7172308443
-15801.7173086137
-15801.7172760431
-15801.7174522621
-15801.7172396895
-15801.7173382666
-15801.7172447188
-15801.7173274444
-15801.7171778734
-15801.7173389779
-15801.7171946493
-15801.7172067663
-15801.7172505285
-15801.7175227382
-15801.7173922273
-15801.7174085320
-15801.7172822161
-15801.7171153327
-15801.7169834960
-15801.7172432568
-15801.7173227951
-15801.7173046078
-15801.7171661056
-15801.7172632529
-15801.7172327055
-15801.7173071543
-15801.7172877514
-15801.7171958552
-15801.7174093818
-15801.7172166675
-15801.7171662903
-15801.7170841267
-15801.7171796487
-15801.7173086497
-15801.7173029868
-15801.7172893573
-15801.7172648464
-15801.7172647568
-15801.7171631888
-15801.7172884555
-15801.7171654572
-15801.7173008369
-15801.7172125824
-15801.7170580736
-15801.7172793998
-15801.7172271067
-15801.7171755674
-15801.7174048960
-15801.7170843736
-15801.7173587015
-15801.7173009855
-15801.7171749770
-15801.7172566138
-15801.7171816746
-15801.7172990371
-15801.7173177938
-15801.7172238770
-15801.7172519603
-15801.7174303430
-15801.7172343272
-15801.7171787442
-15801.7172314999
-15801.7175135302
-15801.7173026641
-15801.7175218135
-15801.7172122332
-15801.7172341871
-15801.7173335930
-15801.7172259276
-15801.7170529849
-15801.7172454054
-15801.7172662574
-15801.7174233321
-15801.7173030537
-15801.7171980730
-15801.7173522108
-15801.7169268208
-15801.7174093810
-15801.7173160080
-15801.7172063197
-15801.7172164691
-15801.7173061398
-15801.7171681560
-15801.7172483930
-15801.7172902195
-15801.7172626568
-15801.7170725454
-15801.7171675465
-15801.7172852977
-15801.7172615667
-15801.7172112265
-15801.7171192271
-15801.7172115309
-15801.7172550973
-15801.7171350699
-15801.7172920866
-15801.7172143543
-15801.7174281406
-15801.7172628050
-15801.7173468127
-15801.7174203093
-15801.7170682921
-15801.7172025143
-15801.7172446048
-15801.7171350912
-15801.7172938123
-15801.7172539493
-15801.7172608964
-15801.7172710461
-15801.7171177639
-15801.7172803279
-15801.7171325853
-15801.7172380448
-15801.7173725856
-15801.7171069160
-15801.7173366543
-15801.7170974865
-15801.7172326606
-15801.7174296299
-15801.7172133911
-15801.7173806545
-15801.7172373210
-15801.7172630557
-15801.7171779016
-15801.7171908967
-15801.7172987815
-15801.7172554035
-15801.7172081707
-15801.7172485577
-15801.7171583593
-15801.7173454393
-15801.7172544576
-15801.7171361913
-15801.7172819756
-15801.7172518380
-15801.7174206895
-15801.7173185562
-15801.7173262038
-15801.7171275127
-15801.7173901566
-15801.7172442944
-15801.7172443584
-15801.7172845672
-15801.7172227145
-15801.7172724190
-15801.7171429433
-15801.7173636828
-15801.7172827740
-15801.7172582529
-15801.7172967983
-15801.7172545277
-15801.7172408507
-15801.7175243757
-15801.7171793101
-15801.7173014934
-15801.7173625592
-15801.7172610955
-15801.7173251305
-15801.7172237281
-15801.7171866405
-15801.7173525645
-15801.7170135995
-15801.7172443065
-15801.7171603978
-15801.7172911901
-15801.7172709157
-15801.7171495135
-15801.7172866221
-15801.7172789631
-15801.7172855870
-15801.7173445453
-15801.7173171952
-15801.7173259202
-15801.7171456433
-15801.7171039964
-15801.7173568675
-15801.7170591221
-15801.7173844532
-15801.7173134742
-15801.7173235289
-15801.7172350169
-15801.7172678218
-15801.7172231271
-15801.7171620146
-15801.7171465703
-15801.7170067873
-15801.7171949762
-15801.7173539880
-15801.7172580637
-15801.7173315019
-15801.7171810336
-15801.7172491484
-15801.7172434439
-15801.7171870886
-15801.7172084983
-15801.7173264938
-15801.7172291419
-15801.7172864180
-15801.7173095975
-15801.7173453016
-15801.7172193044
-15801.7171817798
-15801.7173496681
-15801.7173081729
-15801.7171967615
-15801.7172315580
-15801.7171449468
-15801.7173943421
-15801.7173482806
-15801.7171363925
-15801.7173276481
-15801.7171057965
-15801.7174035140
-15801.7173264793
-15801.7171976863
-15801.7172580617
-15801.7171385010
-15801.7172516499
-15801.7173218761
-15801.7173586379
-15801.7172632634
-15801.7171911053
-15801.7172717695
-15801.7174184286
-15801.7173291964
-15801.7172247342
-15801.7171723145
-15801.7173520648
-15801.7173232853
-15801.7172220562
-15801.7172688707
-15801.7173358696
-15801.7171929377
-15801.7171556547
-15801.7172948542
-15801.7171860898
-15801.7172469677
-15801.7172435924
-15801.7173526579
-15801.7173254712
-15801.7171556835
-15801.7173692132
-15801.7172261579
-15801.7172964364
-15801.7172211909
-15801.7171339748
-15801.7171981297
-15801.7173192220
-15801.7172101325
-15801.7172544289
-15801.7173878390
-15801.7171921357
-15801.7173579942
-15801.7171305288
-15801.7171386925
-15801.7172924719
-15801.7173044426
-15801.7171374071
-15801.7172484712
-15801.7172162010
-15801.7171227140
-15801.7172062556
-15801.7173621557
-15801.7172538255
-15801.7173333124
-15801.7173666028
-15801.7172429764
-15801.7172484075
-15801.7170945163
-15801.7175228718
-15801.7173118174
-15801.7172876763
-15801.7170949491
-15801.7173701502
-15801.7172883770
-15801.7171466986
-15801.7171655657
-15801.7171584048
-15801.7173460585
-15801.7171981964
-15801.7172352579
-15801.7172016386
-15801.7171390767
-15801.7171311564
-15801.7173433220
-15801.7171736225
-15801.7172580754
-15801.7171838888
-15801.7172715004
-15801.7171361334
-15801.7171054159
-15801.7172798657
-15801.7172313497
-15801.7175145957
-15801.7172488324
-15801.7172197461
-15801.7173067557
-15801.7171228408
-15801.7173021212
-15801.7172528737
-15801.7173021996
-15801.7173437859
-15801.7171645940
-15801.7173570007
-15801.7172515540
-15801.7171879895
-15801.7172768950
-15801.7171911867
-15801.7173642943
-15801.7171460679
-15801.7171249338
-15801.7173499695
-15801.7171186759
-15801.7171749956
-15801.7172212865
-15801.7173656513
-15801.7172215225
-15801.7171491200
-15801.7172488244
-15801.7171495170
-15801.7172701260
-15801.7175227631
-15801.7172884189
-15801.7173163475
-15801.7170894507
-15801.7171993895
-15801.7172345903
-15801.7171975680
-15801.7173803395
-15801.7170667042
-15801.7173606694
-15801.7173156897
-15801.7172280685
-15801.7172548817
-15801.7170754498
-15801.7172574684
-15801.7172973229
-15801.7172498077
-15801.7173085025
-15801.7172714676
-15801.7172250711
-15801.7171956901
-15801.7173378212
-15801.7174577130
-15801.7172318811
-15801.7173478044
-15801.7171988153
-15801.7173236898
-15801.7172163946
-15801.7175217778
-15801.7172752033
-15801.7172189119
-15801.7172614088
-15801.7173380904
-15801.7172722330
-15801.7175136286
-15801.7172046815
-15801.7171931235
-15801.7173229403
-15801.7173652825
-15801.7171889564
-15801.7172727070
-15801.7174174981
-15801.7171096656
-15801.7170941223
-15801.7172448803
-15801.7175227051
-15801.7172582790
-15801.7172146426
-15801.7174628841
-15801.7172600680
-15801.7172476897
-15801.7173417986
-15801.7170274979
-15801.7172449288
-15801.7171284943
-15801.7173605914
-15801.7172835070
-15801.7172533216
-15801.7173160225
-15801.7172064430
-15801.7172755671
-15801.7173766343
-15801.7171799626
-15801.7171459981
-15801.7173055223
-15801.7173955034
-15801.7171629640
-15801.7171018107
-15801.7172375951
-15801.7170916166
-15801.7170744862
-15801.7173061909
-15801.7172027793
-15801.7174022395
-15801.7170148831
-15801.7172924048
-15801.7171529409
-15801.7171994048
-15801.7172652838
-15801.7173000414
-15801.7170996505
-15801.7172359676
-15801.7171172927
-15801.7175135550
-15801.7173383792
-15801.7173324668
-15801.7172890404
-15801.7172732265
-15801.7171134067
-15801.7172753501
-15801.7172468721
-15801.7172060768
-15801.7171070773
-15801.7172254454
-15801.7171809179
-15801.7172804867
-15801.7172479465
-15801.7174154317
-15801.7172466867
-15801.7172329967
-15801.7173095620
-15801.7171248028
-15801.7171377749
-15801.7172326784
-15801.7172807864
-15801.7172055005
-15801.7173340241
-15801.7172241946
-15801.7172588101
-15801.7173484770
-15801.7173666604
-15801.7171778206
-15801.7172064548
-15801.7173350910
-15801.7172721889
-15801.7171484857
-15801.7173413370
-15801.7171932243
-15801.7172271499
-15801.7172467070
-15801.7172525998
-15801.7174039274
-15801.7172370762
-15801.7172945289
-15801.7172245227
-15801.7172972157
-15801.7172356324
-15801.7171283850
-15801.7172292352
-15801.7173100921
-15801.7170193576
-15801.7171083678
-15801.7172072731
-15801.7172994364
-15801.7170920049
-15801.7170695580
-15801.7171888281
-15801.7173295630
-15801.7171936692
-15801.7172710599
-15801.7173584596
-15801.7173644658
-15801.7173221737
-15801.7172646773
-15801.7174790349
-15801.7172590331
-15801.7172014792
-15801.7173659900
-15801.7173009911
-15801.7173122779
-15801.7173784694
-15801.7172919275
-15801.7172601349
-15801.7172024713
-15801.7175217515
-15801.7173771725
-15801.7173895681
-15801.7172553657
-15801.7174596519
-15801.7172772964
-15801.7172523292
-15801.7173696300
-15801.7173045971
-15801.7172955512
-15801.7172270367
-15801.7172041410
-15801.7170808033
-15801.7172731248
-15801.7170828476
-15801.7171493016
-15801.7175222550
-15801.7172565628
-15801.7172608820
-15801.7171300678
-15801.7171939323
-15801.7171345074
-15801.7172022079
-15801.7171877363
-15801.7172749854
-15801.7172379116
-15801.7175221935
-15801.7172642763
-15801.7171820878
-15801.7173306784
-15801.7173287783
-15801.7172368950
-15801.7169639225
-15801.7174600091
-15801.7174356135
-15801.7173589923
-15801.7172666670
-15801.7171362748
-15801.7172580411
-15801.7172304790
-15801.7173425682
-15801.7172136705
-15801.7172357151
-15801.7172657486
-15801.7172637652
-15801.7172544008
-15801.7173143053
-15801.7173864669
-15801.7172441233
-15801.7172448996
-15801.7173411572
-15801.7171915585
-15801.7172092161
-15801.7172820134
-15801.7174004528
-15801.7171855307
-15801.7172141043
-15801.7173594084
-15801.7172194552
-15801.7172564319
-15801.7172871321
-15801.7173037408
-15801.7173010349
-15801.7172849880
-15801.7173387192
-15801.7172390562
-15801.7171901467
-15801.7172720560
-15801.7174326978
-15801.7173367216
-15801.7172494776
-15801.7171042152
-15801.7171304554
-15801.7172469599
-15801.7171932353
-15801.7172310757
-15801.7171736583
-15801.7171662832
-15801.7170788747
-15801.7172432662
-15801.7173947044
-15801.7171565767
-15801.7170633396
-15801.7171638485
-15801.7173072883
-15801.7173248150
-15801.7173337174
-15801.7172293295
-15801.7172847146
-15801.7171932177
-15801.7174325122
-15801.7171703278
-15801.7172392291
-15801.7171581109
-15801.7172758763
-15801.7171550008
-15801.7173248567
-15801.7173254512
-15801.7172836888
-15801.7172576354
-15801.7172436307
-15801.7173015936
-15801.7171244508
-15801.7172824268
-15801.7172035297
-15801.7171776368
-15801.7170773040
-15801.7171163133
-15801.7172602737
-15801.7171818562
-15801.7173662913
-15801.7171629871
-15801.7173121051
-15801.7171131769
-15801.7172673761
-15801.7172785675
-15801.7172775540
-15801.7170250733
-15801.7171107056
-15801.7173111210
-15801.7172832977
-15801.7173118201
-15801.7174453176
-15801.7172435136
-15801.7172455302
-15801.7171777209
-15801.7172440345
-15801.7171420356
-15801.7171542511
-15801.7173201100
-15801.7171990423
-15801.7172081742
-15801.7172961656
-15801.7172476138
-15801.7173101807
-15801.7175226592
-15801.7172187582
-15801.7173359218
-15801.7170767003
-15801.7172234242
-15801.7171692248
-15801.7172278127
-15801.7172936690
-15801.7172478009
-15801.7173592385
-15801.7173096837
-15801.7171956673
-15801.7172540100
-15801.7170554151
-15801.7173261586
-15801.7173659280
-15801.7171205262
-15801.7172973617
-15801.7172083030
-15801.7173201508
-15801.7171758610
-15801.7172278763
-15801.7172383549
-15801.7172366851
-15801.7172832004
-15801.7172186387
-15801.7173409458
-15801.7173480670
-15801.7172027875
-15801.7172536918
-15801.7173018497
-15801.7173165030
-15801.7171902538
-15801.7171265189
-15801.7173885944
-15801.7171977547
-15801.7172585561
-15801.7172785594
-15801.7171466561
-15801.7173380463
-15801.7171360761
-15801.7172075853
-15801.7173747112
-15801.7171160485
-15801.7171403023
-15801.7171710680
-15801.7173559481
-15801.7172394040
-15801.7172274303
-15801.7171722591
-15801.7172391111
-15801.7173873293
-15801.7172943371
-15801.7172760061
-15801.7173795022
-15801.7173742547
-15801.7172576054
-15801.7171744413
-15801.7172080487
-15801.7174408828
-15801.7171850848
-15801.7172146437
-15801.7172709509
-15801.7172507737
-15801.7172174589
-15801.7175229277
-15801.7170897065
-15801.7171658862
-15801.7171309704
-15801.7171993121
-15801.7172873297
-15801.7170562611
-15801.7171898205
-15801.7171453312
-15801.7170444400
-15801.7171398248
-15801.7171719315
-15801.7173261636
-15801.7172599162
-15801.7171664859
-15801.7173162599
-15801.7173321375
-15801.7172650330
-15801.7174186744
-15801.7171603784
-15801.7172669828
-15801.7172932398
-15801.7172626559
-15801.7172073532
-15801.7171082576
-15801.7172149605
-15801.7171387150
-15801.7173093304
-15801.7172389663
-15801.7170896057
-15801.7172906663
-15801.7172140088
-15801.7173489373
-15801.7172358458
-15801.7171872633
-15801.7172201762
-15801.7172853326
-15801.7172497831
-15801.7171704331
-15801.7173049605
-15801.7172653783
-15801.7172877093
-15801.7170843470
-15801.7172410644
-15801.7172618130
-15801.7171837704
-15801.7172196372
-15801.7172983895
-15801.7171693261
-15801.7172696732
-15801.7172400181
-15801.7175212155
-15801.7169964238
-15801.7173454403
-15801.7172411271
-15801.7172200860
-15801.7170148903
-15801.7171313454
-15801.7172103950
-15801.7172731441
-15801.7172144393
-15801.7172820723
-15801.7173090456
-15801.7173050470
-15801.7173994502
-15801.7173146261
-15801.7172765978
-15801.7173459555
-15801.7171978054
-15801.7172898730
-15801.7171650894
-15801.7172645662
-15801.7173943064
-15801.7172016741
-15801.7172605115
-15801.7173051280
-15801.7171813845
-15801.7172801872
-15801.7170954885
-15801.7171643795
-15801.7171539344
-15801.7169450215
-15801.7171068913
-15801.7175218340
-15801.7171320312
-15801.7174029321
-15801.7172382656
-15801.7172773976
-15801.7171729636
-15801.7170779081
-15801.7172999407
-15801.7174104933
-15801.7171380223
-15801.7172569705
-15801.7171956454
-15801.7173290155
-15801.7174227138
-15801.7174131439
-15801.7175217151
-15801.7171867890
-15801.7172304311
-15801.7174021898
-15801.7171590868
-15801.7172804289
-15801.7170627940
-15801.7173177449
-15801.7173163625
-15801.7172554136
-15801.7171945273
-15801.7172358191
-15801.7172830714
-15801.7173033576
-15801.7171844188
-15801.7171176753
-15801.7173187751
-15801.7173052871
-15801.7174507100
-15801.7171603789
-15801.7172683687
-15801.7171243076
-15801.7171029590
-15801.7171787345
-15801.7171273856
-15801.7170961275
-15801.7170975719
-15801.7172264750
-15801.7175230609
-15801.7172306733
-15801.7172380544
-15801.7172233850
-15801.7172958233
-15801.7170761231
-15801.7170529776
-15801.7172286261
-15801.7173945948
-15801.7171416696
-15801.7171579467
-15801.7172543433
-15801.7171944410
-15801.7172599387
-15801.7174131065
-15801.7173782533
-15801.7171204762
-15801.7171674471
-15801.7171645046
-15801.7171143127
-15801.7174429748
-15801.7172042289
-15801.7171797476
-15801.7171007630
-15801.7172255525
-15801.7172555742
-15801.7171723476
-15801.7172408689
-15801.7172085167
-15801.7172667447
-15801.7172468444
-15801.7172044097
-15801.7173646061
-15801.7172808444
-15801.7172327153
-15801.7172123119
-15801.7172000323
-15801.7172258993
-15801.7175225007
-15801.7172921107
-15801.7171762155
-15801.7173538795
-15801.7172057716
-15801.7173945926
-15801.7172853138
-15801.7170868989
-15801.7172881532
-15801.7172334333
-15801.7172571991
-15801.7172169833
-15801.7173237997
-15801.7172433885
-15801.7172149024
-15801.7171482573
-15801.7172376829
-15801.7173659036
-15801.7172105289
-15801.7171940365
-15801.7173341035
-15801.7171009465
-15801.7174516637
-15801.7173759246
-15801.7171052967
-15801.7172356097
-15801.7172975535
-15801.7173212506
-15801.7175225316
-15801.7172328913
-15801.7173406652
-15801.7173913897
-15801.7172256393
-15801.7172202214
-15801.7173057456
-15801.7174568026
-15801.7170948722
-15801.7171919752
-15801.7170924787
-15801.7173413045
-15801.7175205952
-15801.7171842155
-15801.7173116778
-15801.7170832118
-15801.7172962568
-15801.7171974044
-15801.7173582888
-15801.7173401557
-15801.7173935774
-15801.7174881333
-15801.7172163132
-15801.7173061932
-15801.7172392755
-15801.7172328575
-15801.7172227110
-15801.7175230127
-15801.7172735697
-15801.7173888811
-15801.7172438775
-15801.7171974653
-15801.7172214837
-15801.7172491804
-15801.7172011479
-15801.7172173593
-15801.7172002208
-15801.7173766242
-15801.7172816631
-15801.7172777861
-15801.7172082738
-15801.7170478822
-15801.7172528016
-15801.7171747373
-15801.7173612175
-15801.7172742708
-15801.7171491857
-15801.7173445225
-15801.7172659736
-15801.7170685008
-15801.7171378888
-15801.7172314046
-15801.7173909592
-15801.7172852652
-15801.7170311895
-15801.7170685820
-15801.7169691807
-15801.7171911572
-15801.7172259596
-15801.7172644876
-15801.7170894099
-15801.7171538679
-15801.7173004914
-15801.7172322660
-15801.7171732063
-15801.7173752967
-15801.7172544491
-15801.7173279455
-15801.7171244576
-15801.7171891532
-15801.7171759937
-15801.7172170252
-15801.7172759984
-15801.7171721348
-15801.7172838200
-15801.7173263800
-15801.7172861936
-15801.7172572206
-15801.7171109880
-15801.7173210326
-15801.7171709231
-15801.7172631296
-15801.7171652390
-15801.7173952741
-15801.7172037835
-15801.7173190991
-15801.7171816711
-15801.7172107734
-15801.7172320771
-15801.7175145259
-15801.7170583016
-15801.7171288474
-15801.7171320422
-15801.7172603259
-15801.7172288682
-15801.7171531553
-15801.7172339852
-15801.7170436496
-15801.7173079647
-15801.7171481073
-15801.7172699559
-15801.7171558304
-15801.7173449073
-15801.7172593830
-15801.7172689727
-15801.7172947316
-15801.7173244732
-15801.7172883010
-15801.7173214222
-15801.7171500003
-15801.7172278412
-15801.7174088174
-15801.7172314336
-15801.7172777288
-15801.7172018506
-15801.7171890898
-15801.7171395203
-15801.7172891326
-15801.7171514948
-15801.7170968933
-15801.7172649542
-15801.7173300710
-15801.7173265878
-15801.7172981852
-15801.7173884347
-15801.7171306930
-15801.7173077804
-15801.7171110960
-15801.7172287352
-15801.7175036984
-15801.7172113433
-15801.7171177816
-15801.7172686251
-15801.7173369751
-15801.7172061617
-15801.7172579915
-15801.7174299362
-15801.7173691991
-15801.7173505680
-15801.7171003197
-15801.7172112290
-15801.7172188843
-15801.7173124624
-15801.7172124533
-15801.7173381391
-15801.7172394613
-15801.7172609379
-15801.7173311022
-15801.7172075647
-15801.7172531411
-15801.7172280858
-15801.7172510393
-15801.7172468011
-15801.7172086203
-15801.7172246446
-15801.7174635437
-15801.7170566853
-15801.7172673947
-15801.7172937207
-15801.7171431947
-15801.7171911896
-15801.7172778920
-15801.7173975633
-15801.7172058865
-15801.7171081747
-15801.7172260722
-15801.7170892861
-15801.7172925766
-15801.7173595138
-15801.7172274414
-15801.7170056218
-15801.7171431575
-15801.7172932030
-15801.7172247325
-15801.7173052712
-15801.7171887141
-15801.7170288252
-15801.7172595945
-15801.7174286344
-15801.7172118802
-15801.7172191490
-15801.7171710058
-15801.7171870212
-15801.7172507234
-15801.7172546486
-15801.7174097565
-15801.7173848108
-15801.7172264815
-15801.7171678805
-15801.7173876492
-15801.7173956393
-15801.7173742173
-15801.7174241082
-15801.7175138355
-15801.7170795161
-15801.7172056564
-15801.7172832875
-15801.7172918992
-15801.7173888172
-15801.7172835290
-15801.7171863015
-15801.7173363067
-15801.7171430222
-15801.7173319802
-15801.7173658768
-15801.7172131519
-15801.7172033844
-15801.7173422193
-15801.7173601752
-15801.7171964555
-15801.7170589617
-15801.7171584482
-15801.7174437515
-15801.7171391427
-15801.7171064618
-15801.7173122328
-15801.7172478415
-15801.7170947824
-15801.7172138379
-15801.7171571977
-15801.7171956347
-15801.7172289543
-15801.7173581719
-15801.7173862467
-15801.7173463825
-15801.7172274452
-15801.7171724134
-15801.7173704740
-15801.7170848039
-15801.7171074330
-15801.7172542493
-15801.7171871928
-15801.7170590576
-15801.7172906029
-15801.7170799617
-15801.7174111081
-15801.7173416239
-15801.7175207311
-15801.7172267276
-15801.7171349636
-15801.7172572213
-15801.7170524660
-15801.7171505934
-15801.7171746073
-15801.7173441790
-15801.7170812309
-15801.7171963609
-15801.7173414903
-15801.7173228362
-15801.7171735954
-15801.7172741781
-15801.7172317604
-15801.7172853868
-15801.7171618192
-15801.7172451374
-15801.7173862602
-15801.7172433091
-15801.7172742842
-15801.7171818249
-15801.7173761084
-15801.7174842557
-15801.7174211844
-15801.7172870013
-15801.7172994356
-15801.7175125762
-15801.7173604893
-15801.7172499815
-15801.7171708158
-15801.7171437737
-15801.7173477165
-15801.7171876341
-15801.7174044750
-15801.7174550780
-15801.7173017467
-15801.7172261232
-15801.7170311445
-15801.7172380181
-15801.7171636119
-15801.7173125516
-15801.7170524380
-15801.7172173254
-15801.7173411337
-15801.7171671848
-15801.7172332989
-15801.7171412989
-15801.7172187691
-15801.7172015613
-15801.7171892674
-15801.7171940421
-15801.7170203886
-15801.7172102323
-15801.7172469398
-15801.7173244417
-15801.7172716050
-15801.7172453287
-15801.7171458666
-15801.7174695904
-15801.7171432290
-15801.7172905774
-15801.7170763551
-15801.7171674652
-15801.7172301523
-15801.7172336212
-15801.7170754401
-15801.7170844054
-15801.7172821543
-15801.7172749412
-15801.7172624515
-15801.7172170073
-15801.7173086738
-15801.7172621086
-15801.7172933389
-15801.7171083281
-15801.7173758757
-15801.7170088825
-15801.7171915931
-15801.7172281925
-15801.7171736065
-15801.7171809592
-15801.7174103852
-15801.7173877664
-15801.7171720465
-15801.7171612379
-15801.7175217916
-15801.7171493993
