-3127.3906008887
-3127.3906030361
-3127.3906024660
-3127.3906279434
-3127.3905936056
-3127.3906186414
-3127.3905986575
-3127.3906251906
-3127.3906030593
-3127.3906211916
-3127.3906080431
-3127.3906079378
-3127.3905997616
-3127.3906038605
-3127.3905871009
-3127.3906157689
-3127.3906048575
-3127.3905804599
-3127.3906024618
-3127.3906132947
-3127.3906109436
-3127.3906170845
-3127.3906076812
-3127.3906191902
-3127.3906155243
-3127.3906269786
-3127.3906432652
-3127.3906318506
-3127.3906141534
-3127.3906103771
-3127.3906111069
-3127.3905842271
-3127.3906033019
-3127.3906059944
-3127.3906299178
-3127.3906126325
-3127.3906007605
-3127.3906222352
-3127.3906029139
-3127.3906275123
-3127.3906096361
-3127.3906304501
-3127.3906266922
-3127.3906094573
-3127.3906234760
-3127.3905742668
-3127.3906163039
-3127.3906080961
-3127.3906369236
-3127.3906131950
-3127.3906356415
-3127.3906222950
-3127.3906179692
-3127.3905846377
-3127.3906000937
-3127.3906213387
-3127.3906206039
-3127.3906122965
-3127.3906095431
-3127.3906226850
-3127.3906173818
-3127.3906103668
-3127.3906055518
-3127.3905851360
-3127.3906216723
-3127.3905821814
-3127.3906302987
-3127.3906104053
-3127.3906446070
-3127.3906200038
-3127.3906097433
-3127.3906233019
-3127.3905966529
-3127.3906304958
-3127.3906222838
-3127.3906101333
-3127.3906208856
-3127.3906214155
-3127.3906221552
-3127.3906440160
-3127.3905980885
-3127.3906292022
-3127.3906161097
-3127.3906133450
-3127.3906207702
-3127.3906187588
-3127.3906068201
-3127.3906159664
-3127.3906131580
-3127.3906214300
-3127.3905746346
-3127.3906028420
-3127.3906114076
-3127.3906003065
-3127.3906225006
-3127.3906233195
-3127.3906304524
-3127.3906227373
-3127.3906379005
-3127.3906128740
-3127.3906106134
-3127.3905839957
-3127.3906350692
-3127.3906236644
-3127.3906436187
-3127.3906428908
-3127.3906323754
-3127.3906152480
-3127.3906326609
-3127.3906101904
-3127.3906099996
-3127.3906225457
-3127.3906256100
-3127.3906166236
-3127.3906170281
-3127.3906166951
-3127.3906169494
-3127.3906168559
-3127.3906167380
-3127.3906167586
-3127.3906169765
-3127.3906167936
-3127.3906168902
-3127.3906169326
-3127.3906168587
-3127.3906168914
-3127.3906169645
-3127.3906168248
-3127.3906168517
-3127.3906167622
-3127.3872180605
-3127.3876045848
-3127.3887775630
-3127.3896963398
-3127.3907671835
-3127.3875515730
-3127.3859344431
-3127.3911317280
-3127.3896369273
-3127.3848390588
-3127.3860562528
-3127.3893595964
-3127.3886039254
-3127.3887501590
-3127.3885128222
-3127.3861896536
-3127.3878524685
-3127.3887655203
-3127.3883953539
-3127.3894024795
-3127.3897444961
-3127.3904506853
-3127.3859382977
-3127.3871738483
-3127.3860817931
-3127.3874244095
-3127.3883818597
-3127.3878491533
-3127.3883366446
-3127.3872763848
-3127.3883886803
-3127.3880977317
-3127.3893652709
-3127.3879134913
-3127.3888910142
-3127.3878488757
-3127.3878059798
-3127.3871756719
-3127.3888127971
-3127.3890212812
-3127.3887480140
-3127.3865357570
-3127.3890042107
-3127.3871687569
-3127.3875683825
-3127.3858397740
-3127.3872534991
-3127.3887198288
-3127.3862209780
-3127.3898479020
-3127.3892840188
-3127.3872702245
-3127.3874104538
-3127.3893352066
-3127.3876764900
-3127.3896107836
-3127.3900697815
-3127.3868051676
-3127.3877575966
-3127.3888689275
-3127.3897011731
-3127.3897188800
-3127.3902495182
-3127.3887484915
-3127.3881849059
-3127.3892116949
-3127.3891038778
-3127.3873613590
-3127.3897581187
-3127.3856183663
-3127.3888143353
-3127.3894067045
-3127.3887957418
-3127.3875002764
-3127.3869467143
-3127.3882343144
-3127.3874676982
-3127.3877467670
-3127.3879261513
-3127.3898191679
-3127.3891837660
-3127.3859236590
-3127.3898888933
-3127.3886447038
-3127.3871930299
-3127.3894650547
-3127.3895782172
-3127.3872677712
-3127.3872620352
-3127.3882897965
-3127.3887791576
-3127.3888694917
-3127.3884027172
-3127.3870042160
-3127.3908467702
-3127.3901857064
-3127.3874298128
-3127.3912103276
-3127.3875328155
-3127.3882598987
-3127.3884212580
-3127.3886773563
-3127.3880902255
-3127.3879962302
-3127.3895629709
-3127.3874255541
-3127.3861895050
-3127.3878527001
-3127.3891328536
-3127.3876265791
-3127.3889043637
-3127.3878939846
-3127.3901700448
-3127.3897598519
-3127.3895016093
-3127.3872029921
-3127.3885429866
-3127.3866843123
-3127.3889312408
-3127.3888564233
-3127.3897514390
-3127.3859285783
-3127.3882155148
-3127.3866978485
-3127.3874749731
-3127.3900379773
-3127.3887524640
-3127.3873114643
-3127.3884742823
-3127.3868081343
-3127.3898686691
-3127.3885248204
-3127.3897942022
-3127.3881167178
-3127.3871322236
-3127.3886369981
-3127.3878494073
-3127.3898446097
-3127.3879867980
-3127.3866779437
-3127.3875744168
-3127.3874611536
-3127.3856560521
-3127.3883511012
-3127.3863230196
-3127.3854950801
-3127.3863242410
-3127.3870783907
-3127.3876376645
-3127.3851773882
-3127.3884974316
-3127.3836470031
-3127.3863593711
-3127.3867272726
-3127.3849205492
-3127.3867887638
-3127.3882242230
-3127.3858579586
-3127.3859246654
-3127.3891612867
-3127.3820232513
-3127.3805636072
-3127.3827083665
-3127.3855956171
-3127.3884741395
-3127.3848677727
-3127.3872762673
-3127.3863262095
-3127.3874598073
-3127.3824195296
-3127.3825105379
-3127.3898764717
-3127.3846789111
-3127.3833028517
-3127.3859031635
-3127.3887798856
-3127.3857541178
-3127.3833813071
-3127.3848119500
-3127.3847811921
-3127.3852973971
-3127.3861718499
-3127.3871148360
-3127.3861759855
-3127.3859283826
-3127.3860563034
-3127.3872811268
-3127.3872261967
-3127.3871511303
-3127.3841931203
-3127.3887814431
-3127.3894131896
-3127.3810222484
-3127.3872842547
-3127.3858858761
-3127.3869185139
-3127.3891864002
-3127.3854417786
-3127.3865631490
-3127.3848179755
-3127.3849947949
-3127.3878688453
-3127.3864013158
-3127.3861733808
-3127.3885659366
-3127.3828237081
-3127.3864708668
-3127.3875729816
-3127.3846761194
-3127.3864208586
-3127.3837812675
-3127.3817852387
-3127.3889713984
-3127.3856080741
-3127.3845929478
-3127.3838151991
-3127.3870641436
-3127.3830370037
-3127.3871907094
-3127.3878487638
-3127.3865444727
-3127.3824667378
-3127.3881121847
-3127.3852839553
-3127.3866174186
-3127.3859213458
-3127.3853979428
-3127.3862391983
-3127.3849199090
-3127.3856230351
-3127.3879186325
-3127.3869115146
-3127.3864878804
-3127.3833774842
-3127.3903853858
-3127.3901796909
-3127.3903038289
-3127.3903715426
-3127.3902418800
-3127.3901495644
-3127.3904034163
-3127.3904028602
-3127.3902336537
-3127.3903490392
-3127.3905207616
-3127.3903411361
-3127.3906348116
-3127.3902851676
-3127.3902086416
-3127.3901570184
-3127.3900795423
-3127.3901636941
-3127.3901442137
-3127.3903832885
-3127.3901205247
-3127.3899227514
-3127.3902805230
-3127.3903174490
-3127.3904539617
-3127.3904430653
-3127.3903446615
-3127.3904565012
-3127.3904267698
-3127.3902246502
-3127.3906210704
-3127.3903756849
-3127.3903919786
-3127.3903548374
-3127.3907176921
-3127.3903124613
-3127.3902308515
-3127.3904447823
-3127.3904105143
-3127.3904689048
-3127.3903732637
-3127.3901565495
-3127.3903149382
-3127.3904043475
-3127.3900529640
-3127.3903573181
-3127.3902077479
-3127.3904332416
-3127.3905114721
-3127.3904132673
-3127.3903201481
-3127.3901036089
-3127.3902897916
-3127.3906654807
-3127.3903154192
-3127.3904740967
-3127.3902404246
-3127.3903534276
-3127.3904616316
-3127.3902835065
-3127.3903126764
-3127.3903106214
-3127.3903573382
-3127.3905278033
-3127.3904373547
-3127.3901709255
-3127.3905071922
-3127.3905506745
-3127.3902865655
-3127.3902984473
-3127.3903621137
-3127.3899746366
-3127.3902298849
-3127.3905671034
-3127.3904104875
-3127.3903663435
-3127.3904584731
-3127.3904281909
-3127.3903359974
-3127.3899861621
-3127.3902728583
-3127.3903886494
-3127.3902568474
-3127.3900407050
-3127.3902520664
-3127.3901268643
-3127.3901923415
-3127.3903833977
-3127.3908766310
-3127.3906865345
-3127.3904826828
-3127.3901866027
-3127.3901455502
-3127.3904416875
-3127.3907721556
-3127.3906519018
-3127.3904694111
-3127.3905611200
-3127.3905870709
-3127.3906927402
-3127.3903567299
-3127.3904601207
-3127.3902749468
-3127.3905306743
-3127.3906328884
-3127.3906140250
-3127.3905442055
-3127.3902785047
-3127.3904804508
-3127.3903420720
-3127.3905812509
-3127.3904246959
-3127.3904759243
-3127.3904110500
-3127.3906834271
-3127.3908142846
-3127.3904766350
-3127.3906448032
-3127.3903505176
-3127.3900158811
-3127.3899121574
-3127.3895902213
-3127.3903610593
-3127.3898834635
-3127.3898898650
-3127.3902912559
-3127.3901478832
-3127.3896016986
-3127.3901125594
-3127.3897229767
-3127.3898480485
-3127.3900639813
-3127.3900998283
-3127.3902157331
-3127.3903472900
-3127.3900486854
-3127.3899713328
-3127.3900662984
-3127.3900482395
-3127.3901819557
-3127.3898219031
-3127.3898746129
-3127.3902374974
-3127.3899736604
-3127.3895472351
-3127.3901122902
-3127.3900540367
-3127.3897347945
-3127.3900169838
-3127.3896620806
-3127.3901465503
-3127.3900196209
-3127.3900031226
-3127.3899126446
-3127.3901028968
-3127.3899029165
-3127.3899648402
-3127.3899728159
-3127.3900813430
-3127.3899541033
-3127.3903444552
-3127.3899019151
-3127.3898462161
-3127.3903133440
-3127.3899452892
-3127.3903151402
-3127.3897525162
-3127.3899019473
-3127.3901369509
-3127.3901517667
-3127.3899338266
-3127.3900197373
-3127.3898803808
-3127.3900506888
-3127.3899818530
-3127.3899283522
-3127.3898422620
-3127.3899354240
-3127.3899633574
-3127.3898546904
-3127.3901594567
-3127.3898875719
-3127.3900890809
-3127.3898533104
-3127.3896017801
-3127.3898543181
-3127.3902856824
-3127.3898301244
-3127.3899736063
-3127.3899529979
-3127.3900673720
-3127.3898500361
-3127.3904419475
-3127.3902149493
-3127.3897293576
-3127.3901692294
-3127.3901466992
-3127.3898963204
-3127.3898374602
-3127.3901371844
-3127.3895436893
-3127.3895969598
-3127.3896153710
-3127.3897972586
-3127.3901806596
-3127.3898389063
-3127.3899187949
-3127.3898269204
-3127.3897495162
-3127.3896603930
-3127.3899492776
-3127.3901365571
-3127.3901181179
-3127.3899303823
-3127.3897397896
-3127.3901421095
-3127.3897675304
-3127.3899013004
-3127.3903551679
-3127.3897801357
-3127.3899931032
-3127.3899104171
-3127.3902975425
-3127.3900253505
-3127.3899846832
-3127.3903068055
-3127.3896817574
-3127.3897235046
-3127.3900957718
-3127.3895956977
-3127.3898551847
-3127.3902283895
-3127.3902029530
-3127.3900381871
-3127.3896861109
-3127.3901846520
-3127.3904277403
-3127.3897606689
-3127.3901102015
-3127.3900528117
-3127.3899151139
-3127.3896816894
-3127.3897009118
-3127.3902329734
-3127.3896023453
-3127.3895440287
-3127.3898241777
-3127.3896317900
-3127.3898393965
-3127.3897252799
-3127.3903340699
-3127.3896496059
-3127.3902540828
-3127.3902428241
-3127.3899800459
-3127.3900796450
-3127.3898655414
-3127.3897864167
-3127.3899838804
-3127.3898782036
-3127.3901711068
-3127.3898261258
-3127.3899089367
-3127.3899165828
-3127.3899524752
-3127.3900564334
-3127.3897719887
-3127.3898297225
-3127.3897525154
-3127.3899080878
-3127.3898833407
-3127.3902564673
-3127.3896826848
-3127.3899402718
-3127.3903163983
-3127.3902000970
-3127.3902622384
-3127.3901153258
-3127.3899952979
-3127.3899328597
-3127.3900639958
-3127.3901863763
-3127.3901962440
-3127.3901462071
-3127.3898178417
-3127.3901299685
-3127.3901853348
-3127.3900716564
-3127.3899469853
-3127.3896049325
-3127.3900817626
-3127.3898800311
-3127.3897695655
-3127.3895969652
-3127.3900424046
-3127.3904034870
-3127.3898226719
-3127.3900042642
-3127.3898679852
-3127.3897397291
-3127.3901243194
-3127.3900386852
-3127.3899628323
-3127.3899920829
-3127.3900603804
-3127.3901466667
-3127.3897746497
-3127.3896011477
-3127.3902463232
-3127.3897534358
-3127.3898341031
-3127.3899542806
-3127.3897551711
-3127.3899557656
-3127.3900885666
-3127.3900224923
-3127.3897368529
-3127.3900379501
-3127.3898693653
-3127.3898223972
-3127.3904237338
-3127.3900439101
-3127.3899236068
-3127.3900688727
-3127.3899052835
-3127.3898728909
-3127.3899686544
-3127.3900951093
-3127.3898830510
-3127.3899962700
-3127.3898441835
-3127.3903497008
-3127.3902303899
-3127.3897124114
-3127.3901217756
-3127.3899413507
-3127.3901907590
-3127.3900174899
-3127.3898423166
-3127.3895378929
-3127.3897742110
-3127.3898997763
-3127.3900166083
-3127.3900276237
-3127.3898924614
-3127.3898258887
-3127.3896455312
-3127.3901184757
-3127.3901095874
-3127.3899368218
-3127.3897833841
-3127.3899092150
-3127.3901984045
-3127.3899823147
-3127.3900487115
-3127.3896426510
-3127.3897992201
-3127.3900617205
-3127.3899438074
-3127.3899835259
-3127.3899832526
-3127.3899090230
-3127.3900442530
-3127.3901141644
-3127.3902279006
-3127.3900203876
-3127.3901596566
-3127.3900991789
-3127.3897345472
-3127.3894634878
-3127.3898815936
-3127.3897418170
-3127.3898187285
-3127.3899044063
-3127.3896223221
-3127.3898664046
-3127.3900612572
-3127.3897757919
-3127.3898982393
-3127.3902195506
-3127.3899081348
-3127.3900494279
-3127.3900018178
-3127.3901534774
-3127.3902477922
-3127.3901667352
-3127.3901992476
-3127.3902516642
-3127.3898511885
-3127.3896691242
-3127.3899655270
-3127.3900511092
-3127.3900568136
-3127.3899845121
-3127.3903180096
-3127.3898057279
-3127.3899852937
-3127.3898002208
-3127.3899578028
-3127.3897488803
-3127.3899336791
-3127.3901796474
-3127.3894646687
-3127.3899350007
-3127.3900293692
-3127.3895301305
-3127.3897780900
-3127.3897265080
-3127.3899949531
-3127.3896896817
-3127.3899637216
-3127.3900901381
-3127.3902993328
-3127.3899858107
-3127.3899133350
-3127.3901141491
-3127.3900993186
-3127.3899583846
-3127.3897871900
-3127.3900669684
-3127.3894213422
-3127.3901503930
-3127.3899621197
-3127.3897763547
-3127.3897411723
-3127.3899993297
-3127.3895846088
-3127.3900518957
-3127.3899504920
-3127.3901433119
-3127.3896208725
-3127.3900366104
-3127.3897256740
-3127.3898244506
-3127.3902803334
-3127.3902587624
-3127.3903706920
-3127.3900387723
-3127.3899244145
-3127.3900798074
-3127.3902097837
-3127.3897491792
-3127.3900373600
-3127.3895900111
-3127.3896506147
-3127.3899289469
-3127.3899160185
-3127.3902638616
-3127.3898305956
-3127.3897130380
-3127.3899342737
-3127.3903215585
-3127.3898077987
-3127.3897849722
-3127.3899770348
-3127.3900654811
-3127.3900325487
-3127.3898762634
-3127.3900018489
-3127.3901305984
-3127.3897706880
-3127.3898715785
-3127.3897913924
-3127.3900128978
-3127.3900903471
-3127.3899591760
-3127.3898591019
-3127.3898221550
-3127.3900447321
-3127.3897612863
-3127.3899350422
-3127.3898836111
-3127.3901253106
-3127.3899916261
-3127.3899336114
-3127.3899398610
-3127.3900469581
-3127.3900502725
-3127.3896751249
-3127.3903769536
-3127.3898239179
-3127.3899772593
-3127.3900152377
-3127.3902424244
-3127.3901817570
-3127.3901224950
-3127.3899636557
-3127.3897403608
-3127.3901180934
-3127.3898347795
-3127.3899732745
-3127.3898916958
-3127.3897828323
-3127.3902264821
-3127.3899508425
-3127.3902393507
-3127.3898391501
-3127.3899096558
-3127.3902201426
-3127.3900917391
-3127.3900423400
-3127.3900090558
-3127.3900060426
-3127.3899144006
-3127.3895531303
-3127.3902354102
-3127.3898341144
-3127.3897548957
-3127.3898249059
-3127.3897149119
-3127.3896236738
-3127.3898269170
-3127.3897687706
-3127.3902330009
-3127.3897161492
-3127.3899440385
-3127.3902111353
-3127.3900126599
-3127.3897746399
-3127.3896686488
-3127.3899571989
-3127.3900572585
-3127.3897446407
-3127.3901589701
-3127.3900319140
-3127.3898202572
-3127.3900249992
-3127.3901395590
-3127.3906231777
-3127.3906140385
-3127.3906092114
-3127.3905913861
-3127.3905944085
-3127.3906107925
-3127.3905943468
-3127.3905740155
-3127.3905988578
-3127.3906162084
-3127.3905845610
-3127.3906106307
-3127.3906070735
-3127.3905881593
-3127.3906211431
-3127.3906089169
-3127.3906266666
-3127.3905978606
-3127.3905983717
-3127.3905937273
-3127.3900388033
-3127.3900621640
-3127.3904051420
-3127.3897702843
-3127.3898311998
-3127.3898346809
-3127.3896137721
-3127.3898449538
-3127.3898314599
-3127.3898996006
-3127.3900106378
-3127.3901586208
-3127.3900617725
-3127.3899382755
-3127.3900968485
-3127.3895215918
-3127.3902442291
-3127.3899590245
-3127.3897893215
-3127.3901072475
-3127.3897551911
-3127.3895425749
-3127.3901721138
-3127.3897887266
-3127.3898075389
-3127.3897994402
-3127.3899129948
-3127.3901432104
-3127.3898924612
-3127.3900029202
-3127.3899196055
-3127.3899253278
-3127.3901102604
-3127.3903342625
-3127.3895426776
-3127.3901177569
-3127.3901202587
-3127.3898291532
-3127.3896869269
-3127.3899428613
-3127.3896813249
-3127.3901857949
-3127.3894248570
-3127.3883599700
-3127.3871769261
-3127.3881287702
-3127.3893809971
-3127.3890233466
-3127.3895792766
-3127.3886448274
-3127.3896115567
-3127.3889822650
-3127.3883543623
-3127.3906731141
-3127.3891290448
-3127.3880882785
-3127.3900605194
-3127.3879269584
-3127.3875191829
-3127.3902039868
-3127.3880700827
-3127.3880169902
-3127.3893940405
-3127.3884650026
-3127.3888282571
-3127.3877975341
-3127.3870095942
-3127.3880106990
-3127.3906108613
-3127.3906158733
-3127.3905935253
-3127.3906080205
-3127.3906059769
-3127.3906120844
-3127.3906418619
-3127.3906140866
-3127.3905981707
-3127.3906149981
-3127.3906231863
-3127.3905812747
-3127.3905891794
-3127.3906147389
-3127.3906099151
-3127.3882519913
-3127.3890833634
-3127.3880947731
-3127.3890582676
-3127.3856629617
-3127.3884127164
-3127.3867479295
-3127.3869429089
-3127.3882859757
-3127.3886508652
-3127.3872804631
-3127.3877656050
-3127.3894103917
-3127.3882283254
-3127.3906139693
-3127.3906203365
-3127.3906021555
-3127.3906255713
-3127.3906096160
-3127.3905994467
-3127.3906167434
-3127.3906132731
-3127.3906355595
-3127.3905938038
-3127.3906016290
-3127.3906075355
-3127.3905960305
-3127.3905805054
-3127.3905912917
-3127.3906261931
-3127.3906147814
-3127.3906057099
-3127.3905907493
-3127.3905863099
-3127.3890369408
-3127.3877639938
-3127.3884488174
-3127.3896558839
-3127.3873369313
-3127.3880437250
-3127.3899287318
-3127.3861197996
-3127.3876980709
-3127.3868147220
-3127.3854606588
-3127.3889200797
-3127.3892832582
-3127.3894388183
-3127.3895487672
-3127.3888818458
-3127.3862819209
-3127.3862428241
-3127.3882642471
-3127.3877774643
-3127.3882856790
-3127.3898365314
-3127.3900663359
-3127.3897220867
-3127.3899359794
-3127.3898385451
-3127.3900827983
-3127.3900669950
-3127.3899033856
-3127.3900134841
-3127.3860025684
-3127.3851423166
-3127.3815830825
-3127.3867845012
-3127.3852953229
-3127.3901785106
-3127.3900619241
-3127.3903175567
-3127.3907245181
-3127.3907460777
-3127.3901713913
-3127.3901343824
-3127.3899924693
-3127.3896263519
-3127.3901410205
-3127.3896816224
-3127.3899084477
-3127.3901973879
-3127.3899469552
-3127.3901768240
-3127.3901486882
-3127.3896947214
-3127.3901557607
-3127.3898771858
-3127.3899264399
-3127.3901298802
-3127.3895714082
-3127.3899949931
-3127.3901053323
-3127.3903120704
-3127.3902415935
-3127.3898679112
-3127.3902504324
-3127.3902465459
-3127.3902382626
-3127.3900508996
-3127.3899081027
-3127.3897423862
-3127.3898108217
-3127.3899850351
-3127.3906008733
-3127.3905917415
-3127.3906145491
-3127.3905894878
-3127.3905883485
-3127.3905854970
-3127.3906275572
-3127.3905900202
-3127.3906017280
-3127.3906211158
-3127.3905905243
-3127.3906227987
-3127.3905936573
-3127.3905944025
-3127.3905999825
-3127.3906114239
-3127.3905922982
-3127.3906187554
-3127.3906173217
-3127.3905969205
-3127.3898229842
-3127.3900365920
-3127.3898025485
-3127.3903119752
-3127.3896772067
-3127.3902156947
-3127.3896506407
-3127.3901327539
-3127.3900428138
-3127.3902408788
-3127.3901731766
-3127.3897559879
-3127.3900835103
-3127.3901290114
-3127.3901862546
-3127.3896544514
-3127.3899883348
-3127.3900362213
-3127.3902137188
-3127.3901306281
-3127.3899388547
-3127.3899696389
-3127.3901550473
-3127.3895629606
-3127.3901352489
-3127.3900738520
-3127.3898575492
-3127.3898205400
-3127.3899499480
-3127.3896925094
-3127.3902277996
-3127.3899665002
-3127.3899583966
-3127.3899272801
-3127.3900885907
-3127.3901648021
-3127.3899461329
-3127.3898041156
-3127.3901645875
-3127.3898167405
-3127.3898772370
-3127.3901798711
-3127.3897110182
-3127.3896740641
-3127.3899812985
-3127.3898566311
-3127.3899870805
-3127.3899403325
-3127.3900408016
-3127.3898384538
-3127.3898511161
-3127.3895842543
-3127.3898782461
-3127.3899558982
-3127.3897891938
-3127.3899780931
-3127.3902196578
-3127.3902555726
-3127.3902925914
-3127.3902718491
-3127.3898706403
-3127.3899026946
-3127.3901113548
-3127.3900551884
-3127.3899933655
-3127.3898353290
-3127.3896896437
-3127.3898524829
-3127.3899615683
-3127.3900754540
-3127.3897165880
-3127.3900590909
-3127.3898518236
-3127.3893351565
-3127.3898830582
-3127.3900549501
-3127.3897665969
-3127.3896188327
-3127.3899689361
-3127.3899447765
-3127.3895186145
-3127.3903454831
-3127.3901717040
-3127.3902227753
-3127.3897957390
-3127.3897254930
-3127.3903739189
-3127.3899299044
-3127.3899680458
-3127.3898909242
-3127.3898645301
-3127.3901350242
-3127.3901191043
-3127.3900544814
-3127.3901353422
-3127.3900029691
-3127.3897314948
-3127.3896664667
-3127.3902747135
-3127.3898024634
-3127.3898529614
-3127.3898815524
-3127.3897684063
-3127.3898378537
-3127.3894937681
-3127.3900167983
-3127.3897701459
-3127.3900692347
-3127.3898061728
-3127.3900194140
-3127.3900479506
-3127.3900485781
-3127.3899727856
-3127.3899335631
-3127.3900025218
-3127.3898882280
-3127.3902746601
-3127.3900020831
-3127.3902392931
-3127.3901699451
-3127.3899194505
-3127.3898167792
-3127.3899258547
-3127.3902279140
-3127.3900167636
-3127.3898746044
-3127.3897852287
-3127.3897812114
-3127.3899257142
-3127.3901338337
-3127.3903708075
-3127.3901453613
-3127.3899284295
-3127.3896808839
-3127.3900015395
-3127.3899603151
-3127.3903023616
-3127.3900866658
-3127.3897469560
-3127.3898433637
-3127.3899628961
-3127.3904445832
-3127.3898427726
-3127.3900242688
-3127.3901457218
-3127.3900415435
-3127.3905932689
-3127.3902741328
-3127.3902952257
-3127.3899874318
-3127.3896709184
-3127.3900266032
-3127.3901484154
-3127.3898918409
-3127.3900202513
-3127.3897811394
-3127.3900348174
-3127.3899094513
-3127.3901407777
-3127.3901713518
-3127.3901042934
-3127.3896917998
-3127.3897896730
-3127.3898178746
-3127.3900645900
-3127.3898778472
-3127.3899666541
-3127.3897602503
-3127.3901133441
-3127.3898819228
-3127.3901572906
-3127.3900139398
-3127.3898847818
-3127.3900902500
-3127.3895573049
-3127.3901592766
-3127.3902596481
-3127.3899828585
-3127.3895764669
-3127.3900801008
-3127.3899257895
-3127.3901790145
-3127.3899814288
-3127.3899368065
-3127.3901006567
-3127.3900383896
-3127.3899876724
-3127.3900582610
-3127.3899468401
-3127.3899373264
-3127.3902490005
-3127.3901615446
-3127.3898752236
-3127.3898654308
-3127.3899927031
-3127.3900436886
-3127.3897219606
-3127.3897816039
-3127.3901471966
-3127.3897184409
-3127.3900449651
-3127.3899069047
-3127.3899454630
-3127.3898697951
-3127.3899585611
-3127.3902526515
-3127.3900422352
-3127.3900327080
-3127.3898112929
-3127.3902936319
-3127.3899728996
-3127.3899650172
-3127.3899211622
-3127.3899779465
-3127.3897818061
-3127.3898157409
-3127.3900954195
-3127.3899008914
-3127.3899919252
-3127.3898177414
-3127.3901429532
-3127.3900753937
-3127.3898475808
-3127.3900942190
-3127.3900687707
-3127.3898445107
-3127.3897939029
-3127.3898671156
-3127.3901701790
-3127.3898549332
-3127.3898822864
-3127.3899700027
-3127.3900371841
-3127.3900151607
-3127.3899486381
-3127.3898838010
-3127.3899635698
-3127.3898103417
-3127.3897923229
-3127.3899892311
-3127.3901893310
-3127.3899681007
-3127.3899153450
-3127.3898256024
-3127.3906008334
-3127.3896942212
-3127.3898401556
-3127.3899091296
-3127.3897312469
-3127.3896926846
-3127.3901301287
-3127.3897583124
-3127.3896483263
-3127.3906005524
-3127.3901429176
-3127.3897817817
-3127.3899792554
-3127.3900775693
-3127.3898518038
-3127.3898797134
-3127.3898530934
-3127.3896577127
-3127.3898147136
-3127.3898236813
-3127.3899028672
-3127.3898574422
-3127.3897658782
-3127.3900270426
-3127.3900860332
-3127.3896280316
-3127.3899016071
-3127.3900928500
-3127.3896581162
-3127.3898443166
-3127.3898841237
-3127.3892827490
-3127.3896178047
-3127.3901391763
-3127.3898274595
-3127.3899943476
-3127.3899547804
-3127.3896864467
-3127.3898942741
-3127.3894720931
-3127.3900139380
-3127.3898813315
-3127.3905907169
-3127.3899851257
-3127.3900534950
-3127.3900491614
-3127.3901267453
-3127.3898773601
-3127.3899164525
-3127.3899303967
-3127.3900036633
-3127.3897401077
-3127.3895766987
-3127.3901553187
-3127.3901078322
-3127.3900477419
-3127.3901709698
-3127.3899762709
-3127.3899386287
-3127.3894767295
-3127.3900220623
-3127.3900459900
-3127.3898782956
-3127.3899385079
-3127.3897645581
-3127.3898182891
-3127.3906137926
-3127.3903047281
-3127.3900068417
-3127.3900174934
-3127.3898051776
-3127.3897981049
-3127.3894943030
-3127.3898602138
-3127.3900887616
-3127.3902185557
-3127.3900613968
-3127.3899804431
-3127.3899202671
-3127.3897689393
-3127.3899177154
-3127.3900116889
-3127.3901861812
-3127.3902333137
-3127.3901376751
-3127.3899874997
-3127.3901402970
-3127.3901889686
-3127.3901559227
-3127.3898215190
-3127.3903176071
-3127.3896496364
-3127.3900020904
-3127.3898782377
-3127.3899479700
-3127.3899304476
-3127.3898770755
-3127.3900567866
-3127.3898415013
-3127.3899974423
-3127.3899360715
-3127.3901802433
-3127.3898514904
-3127.3897002460
-3127.3903468935
-3127.3901552930
-3127.3899432842
-3127.3900543633
-3127.3898605063
-3127.3901000339
-3127.3895725104
-3127.3899701675
-3127.3900972863
-3127.3899043175
-3127.3898311982
-3127.3898013952
-3127.3899054329
-3127.3898314145
-3127.3901164804
-3127.3898116374
-3127.3899849232
-3127.3900800773
-3127.3898089657
-3127.3900808095
-3127.3899169867
-3127.3902232166
-3127.3900688459
-3127.3903764671
-3127.3898682900
-3127.3899379268
-3127.3899176044
-3127.3899967719
-3127.3897788463
-3127.3906036418
-3127.3900451093
-3127.3897217034
-3127.3896226099
-3127.3903081450
-3127.3899753585
-3127.3898525443
-3127.3902273619
-3127.3900614771
-3127.3899061196
-3127.3898507688
-3127.3897220905
-3127.3898062474
-3127.3897544345
-3127.3898181098
-3127.3896531314
-3127.3899466472
-3127.3898013122
-3127.3897627167
-3127.3896973951
-3127.3899157938
-3127.3899568354
-3127.3899340557
-3127.3901342208
-3127.3906051832
-3127.3899612547
-3127.3899494558
-3127.3900450327
-3127.3899128951
-3127.3898667285
-3127.3895853234
-3127.3903526690
-3127.3900889012
-3127.3896688564
-3127.3899324067
-3127.3900137362
-3127.3901718708
-3127.3901144531
-3127.3900031246
-3127.3899043763
-3127.3898010316
-3127.3903357690
-3127.3897801044
-3127.3901161942
-3127.3900690105
-3127.3897391568
-3127.3898482434
-3127.3898176024
-3127.3900164888
-3127.3896636521
-3127.3900948411
-3127.3898055043
-3127.3896278431
-3127.3900227025
-3127.3897309558
-3127.3900386358
-3127.3899448112
-3127.3901830288
-3127.3900108289
-3127.3899966050
-3127.3898537551
-3127.3897546136
-3127.3897439223
-3127.3898598992
-3127.3903921733
-3127.3899767264
-3127.3901589213
-3127.3900858079
-3127.3899737417
-3127.3903532395
-3127.3897875918
-3127.3897775964
-3127.3900815484
-3127.3900280968
-3127.3898405349
-3127.3905870396
-3127.3899647967
-3127.3899820196
-3127.3905864955
-3127.3895645594
-3127.3901042304
-3127.3899403347
-3127.3900477910
-3127.3898995113
-3127.3901296115
-3127.3899039460
-3127.3897453866
-3127.3902080219
-3127.3899905287
-3127.3898930890
-3127.3903238619
-3127.3899360634
-3127.3899078664
-3127.3901553243
-3127.3896520642
-3127.3900341137
-3127.3901512882
-3127.3902781027
-3127.3896910743
-3127.3906165611
-3127.3898837728
-3127.3899924130
-3127.3901110386
-3127.3900010070
-3127.3899588277
-3127.3899324146
-3127.3901664151
-3127.3899849026
-3127.3898172397
-3127.3899239084
-3127.3900114250
-3127.3900584140
-3127.3901198247
-3127.3898873114
-3127.3899466690
-3127.3898454135
-3127.3900610582
-3127.3901101013
-3127.3897823209
-3127.3900699318
-3127.3898089301
-3127.3900245827
-3127.3900511237
-3127.3899450533
-3127.3900589414
-3127.3896574224
-3127.3894120560
-3127.3897130268
-3127.3901378278
-3127.3897761731
-3127.3901118349
-3127.3899585625
-3127.3899229835
-3127.3895442181
-3127.3899647398
-3127.3898474278
-3127.3898771224
-3127.3898405410
-3127.3900140802
-3127.3896413776
-3127.3898870163
-3127.3904173858
-3127.3896009563
-3127.3901149481
-3127.3905062591
-3127.3903282324
-3127.3897131133
-3127.3898622699
-3127.3901004446
-3127.3906156304
-3127.3901540974
-3127.3902347839
-3127.3900994116
-3127.3896894663
-3127.3899392539
-3127.3898624509
-3127.3898550123
-3127.3901108541
-3127.3901051650
-3127.3896786531
-3127.3897346580
-3127.3898652603
-3127.3899650705
-3127.3904870380
-3127.3899953981
-3127.3902679349
-3127.3899917392
-3127.3896343628
-3127.3901348621
-3127.3901643008
-3127.3900229945
-3127.3897099051
-3127.3898831308
-3127.3902717945
-3127.3903008711
-3127.3899295848
-3127.3900128189
-3127.3899557904
-3127.3897979014
-3127.3897939526
-3127.3898410635
-3127.3897650942
-3127.3898390176
-3127.3899484966
-3127.3900895908
-3127.3896514652
-3127.3900430548
-3127.3898109640
-3127.3900701982
-3127.3900588142
-3127.3899589393
-3127.3897074225
-3127.3899231094
-3127.3899480479
-3127.3901570826
-3127.3900123227
-3127.3901903604
-3127.3897576675
-3127.3899940395
-3127.3901849317
-3127.3902298592
-3127.3897840610
-3127.3902146199
-3127.3900854577
-3127.3899436985
-3127.3898287061
-3127.3901044012
-3127.3898199468
-3127.3894394786
-3127.3899930060
-3127.3898567165
-3127.3898714184
-3127.3895810949
-3127.3904190797
-3127.3901017041
-3127.3899612575
-3127.3898460475
-3127.3901328520
-3127.3897500731
-3127.3898983740
-3127.3897873445
-3127.3898520347
-3127.3899371827
-3127.3900213327
-3127.3898704427
-3127.3897571702
-3127.3900181113
-3127.3898508265
-3127.3905996331
-3127.3899610873
-3127.3901008753
-3127.3900666994
-3127.3906175270
-3127.3900295947
-3127.3898091622
-3127.3899755578
-3127.3899016801
-3127.3899398628
-3127.3899071681
-3127.3901033648
-3127.3899711751
-3127.3900332276
-3127.3897118696
-3127.3897462593
-3127.3899646056
-3127.3900399630
-3127.3896415707
-3127.3900485137
-3127.3900435591
-3127.3899114993
-3127.3897914550
-3127.3894756387
-3127.3900880459
-3127.3900167718
-3127.3894256379
-3127.3899545022
-3127.3901276913
-3127.3898080480
-3127.3897823638
-3127.3899063294
-3127.3896470377
-3127.3901197878
-3127.3898338532
-3127.3900730891
-3127.3901201014
-3127.3900457574
-3127.3900341750
-3127.3896800563
-3127.3900706078
-3127.3899824823
-3127.3900548468
-3127.3899512497
-3127.3900015978
-3127.3897700445
-3127.3897815311
-3127.3899618409
-3127.3899747369
-3127.3895942959
-3127.3899416430
-3127.3897857866
-3127.3899450861
-3127.3895423885
-3127.3898579493
-3127.3897056627
-3127.3901727716
-3127.3898706753
-3127.3897845468
-3127.3897939967
-3127.3901646907
-3127.3900609023
-3127.3896675730
-3127.3903730316
-3127.3898969361
-3127.3902568021
-3127.3901495004
-3127.3900942478
-3127.3901030542
-3127.3897426522
-3127.3899705945
-3127.3904888926
-3127.3900240157
-3127.3902884649
-3127.3900438734
-3127.3895621651
-3127.3897029820
-3127.3900447696
-3127.3899059324
-3127.3899108098
-3127.3903168474
-3127.3897721126
-3127.3899592856
-3127.3899674271
-3127.3901967838
-3127.3897010418
-3127.3896757468
-3127.3900504754
-3127.3899936982
-3127.3901993012
-3127.3898038906
-3127.3897776421
-3127.3900601098
-3127.3900229032
-3127.3898719166
-3127.3899768602
-3127.3896243161
-3127.3899717451
-3127.3893747163
-3127.3899402831
-3127.3900164491
-3127.3898390289
-3127.3899772307
-3127.3897386915
-3127.3897521241
-3127.3901806164
-3127.3900016380
-3127.3898543516
-3127.3898321819
-3127.3898926720
-3127.3896694890
-3127.3906028518
-3127.3898137712
-3127.3898889459
-3127.3899447464
-3127.3899030030
-3127.3899601998
-3127.3898324256
-3127.3899100640
-3127.3901562063
-3127.3897723925
-3127.3899233462
-3127.3901461475
-3127.3899223221
-3127.3898025381
-3127.3899662294
-3127.3898295413
-3127.3897906461
-3127.3894887065
-3127.3896998341
-3127.3900937242
-3127.3902304174
-3127.3901795822
-3127.3898067300
-3127.3899655692
-3127.3897537025
-3127.3898670917
-3127.3899869363
-3127.3898973488
-3127.3898770187
-3127.3902126759
-3127.3898922919
-3127.3897893658
-3127.3899160137
-3127.3896514742
-3127.3899573853
-3127.3899986117
-3127.3898366788
-3127.3902029818
-3127.3905799911
-3127.3903518442
-3127.3896071376
-3127.3900912576
-3127.3899193466
-3127.3899511860
-3127.3901726261
-3127.3899470275
-3127.3898833827
-3127.3899210723
-3127.3902093259
-3127.3899009620
-3127.3901092081
-3127.3899709033
-3127.3901076645
-3127.3896385323
-3127.3900261981
-3127.3899982181
-3127.3898942268
-3127.3899935668
-3127.3903393198
-3127.3900266900
-3127.3901516595
-3127.3897149710
-3127.3899743255
-3127.3899121686
-3127.3900715260
-3127.3899175038
-3127.3898388396
-3127.3895648284
-3127.3900716049
-3127.3900157945
-3127.3897776295
-3127.3899102337
-3127.3902208339
-3127.3902878276
-3127.3899256858
-3127.3898552244
-3127.3905946808
-3127.3896834472
-3127.3900887066
-3127.3899749593
-3127.3898651646
-3127.3897961398
-3127.3901015833
-3127.3895339586
-3127.3899088220
-3127.3902041022
-3127.3896609067
-3127.3900005496
-3127.3897157083
-3127.3899945591
-3127.3898393123
-3127.3900756963
-3127.3903858818
-3127.3897162611
-3127.3896708399
-3127.3906191791
-3127.3902428268
-3127.3905909765
-3127.3898869735
-3127.3898194853
-3127.3901492354
-3127.3901006210
-3127.3900771411
-3127.3903285838
-3127.3902862663
-3127.3898668845
-3127.3902276976
-3127.3896971604
-3127.3901162157
-3127.3896525556
-3127.3900522887
-3127.3896795876
-3127.3901184393
-3127.3897973090
-3127.3897745685
-3127.3900471187
-3127.3897475717
-3127.3906280325
-3127.3903060529
-3127.3900052148
-3127.3901981454
-3127.3901433600
-3127.3899665407
-3127.3904174123
-3127.3896630524
-3127.3900591389
-3127.3901852965
-3127.3902914283
-3127.3903821716
-3127.3901724482
-3127.3902371509
-3127.3901612558
-3127.3899571687
-3127.3898009854
-3127.3899257676
-3127.3899059317
-3127.3898693762
-3127.3898576132
-3127.3901639286
-3127.3901949458
-3127.3899214092
-3127.3898240740
-3127.3899182827
-3127.3900742683
-3127.3897535080
-3127.3901941391
-3127.3899330731
-3127.3898743614
-3127.3900313163
-3127.3901713853
-3127.3900216417
-3127.3897301596
-3127.3899183729
-3127.3902013021
-3127.3900277595
-3127.3902055928
-3127.3899634051
-3127.3899776426
-3127.3898353622
-3127.3899799039
-3127.3900824315
-3127.3899602438
-3127.3901107486
-3127.3898895264
-3127.3899447788
-3127.3895543817
-3127.3898926818
-3127.3901538265
-3127.3898501514
-3127.3902869841
-3127.3898237907
-3127.3903015200
-3127.3898287243
-3127.3899884127
-3127.3897955881
-3127.3897401413
-3127.3901532928
-3127.3893905976
-3127.3898832123
-3127.3899795375
-3127.3898930140
-3127.3899354005
-3127.3903457568
-3127.3899586927
-3127.3898535250
-3127.3897767200
-3127.3901431767
-3127.3898931321
-3127.3897359579
-3127.3900635046
-3127.3898841116
-3127.3899453247
-3127.3896514294
-3127.3901557362
-3127.3902045783
-3127.3901555938
-3127.3899146776
-3127.3901314819
-3127.3897263293
-3127.3900490575
-3127.3901488127
-3127.3899046276
-3127.3895020126
-3127.3898474600
-3127.3901416646
-3127.3895287844
-3127.3897696750
-3127.3903682531
-3127.3897275891
-3127.3902028423
-3127.3897875336
-3127.3897571837
-3127.3897548464
-3127.3901493576
-3127.3902891294
-3127.3900478390
-3127.3899748193
-3127.3903243154
-3127.3898572614
-3127.3896950871
-3127.3899710656
-3127.3898114355
-3127.3902163885
-3127.3898686206
-3127.3900005029
-3127.3901341337
-3127.3898215682
-3127.3900573013
-3127.3897402292
-3127.3900051572
-3127.3898194569
-3127.3897186371
-3127.3896056291
-3127.3898029767
-3127.3901541000
-3127.3900942545
-3127.3900758060
-3127.3898459381
-3127.3900331080
-3127.3900365437
-3127.3901471227
-3127.3900562268
-3127.3899604862
-3127.3901384090
-3127.3897400718
-3127.3902739591
-3127.3899889229
-3127.3898585353
-3127.3896575162
-3127.3898222785
-3127.3900463872
-3127.3899279316
-3127.3897757580
-3127.3897869171
-3127.3898020296
-3127.3902521604
-3127.3900216176
-3127.3902085588
-3127.3896902992
-3127.3897745408
-3127.3901142312
-3127.3897069624
-3127.3897851892
-3127.3899404956
-3127.3895962218
-3127.3896528606
-3127.3901816566
-3127.3900998603
-3127.3898208449
-3127.3899893803
-3127.3899978986
-3127.3896845800
-3127.3896841272
-3127.3897871851
-3127.3902264688
-3127.3899062048
-3127.3899225556
-3127.3898686959
-3127.3899979061
-3127.3900484703
-3127.3900003702
-3127.3897469320
-3127.3895304826
-3127.3902713157
-3127.3896728557
-3127.3896101485
-3127.3898468560
-3127.3897537623
-3127.3899579600
-3127.3902672520
-3127.3899568613
-3127.3900775020
-3127.3897426342
-3127.3902257318
-3127.3900380609
-3127.3898982812
-3127.3898878862
-3127.3896951542
-3127.3896706193
-3127.3896389143
-3127.3901183018
-3127.3899096444
-3127.3898726599
-3127.3897955649
-3127.3901151375
-3127.3900267107
-3127.3902319974
-3127.3902669482
-3127.3899760860
-3127.3901146139
-3127.3899044383
-3127.3900886988
-3127.3895496805
-3127.3901165716
-3127.3901348930
-3127.3899077579
-3127.3900840823
-3127.3898344106
-3127.3899464455
-3127.3901950386
-3127.3901674537
-3127.3898897668
-3127.3900408304
-3127.3900187942
-3127.3898970667
-3127.3898878386
-3127.3898463804
-3127.3900559691
-3127.3898432160
-3127.3901862393
-3127.3899247293
-3127.3896001569
-3127.3899326559
-3127.3896691602
-3127.3897531112
-3127.3895295620
-3127.3898274923
-3127.3897045938
-3127.3903100828
-3127.3897580555
-3127.3897115384
-3127.3900513408
-3127.3898004413
-3127.3900739068
-3127.3903093601
-3127.3895514610
-3127.3906195367
-3127.3898971902
-3127.3900022560
-3127.3901595484
-3127.3899518999
-3127.3901017126
-3127.3905976822
-3127.3902120251
-3127.3895930387
-3127.3899339531
-3127.3901498678
-3127.3898475937
-3127.3905963462
-3127.3899827498
-3127.3901433589
-3127.3901472656
-3127.3898130310
-3127.3894987689
-3127.3902498719
-3127.3897320670
-3127.3894513000
-3127.3900153904
-3127.3897956067
-3127.3897617704
-3127.3901149169
-3127.3900349346
-3127.3898730084
-3127.3902111221
-3127.3899562161
-3127.3901171741
-3127.3896664808
-3127.3898083539
-3127.3900888440
-3127.3900310609
-3127.3901406164
-3127.3899883548
-3127.3899393474
-3127.3897141482
-3127.3899806015
-3127.3906283809
-3127.3901736908
-3127.3897914084
-3127.3897377374
-3127.3898709319
-3127.3898563579
-3127.3898498551
-3127.3899525739
-3127.3901762732
-3127.3901638486
-3127.3898483556
-3127.3897571169
-3127.3899436250
-3127.3905962509
-3127.3894570028
-3127.3899619551
-3127.3897529456
-3127.3897469485
-3127.3897344393
-3127.3901718558
-3127.3899087185
-3127.3899405581
-3127.3899437202
-3127.3897984483
-3127.3900711389
-3127.3899806459
-3127.3901662282
-3127.3898078000
-3127.3896411122
-3127.3898931048
-3127.3901510947
-3127.3903019688
-3127.3902206973
-3127.3902472893
-3127.3902332680
-3127.3898965273
-3127.3902123891
-3127.3900839317
-3127.3899505010
-3127.3897976396
-3127.3901664530
-3127.3899002543
-3127.3898743689
-3127.3898232027
-3127.3905897021
-3127.3899544463
-3127.3902444455
-3127.3899855440
-3127.3900704481
-3127.3898978168
-3127.3899936850
-3127.3898520730
-3127.3900384734
-3127.3900518290
-3127.3899588179
-3127.3900708025
-3127.3900880083
-3127.3896597201
-3127.3900551176
-3127.3901045982
-3127.3900095984
-3127.3898686222
-3127.3897496886
-3127.3903091677
-3127.3901282183
-3127.3897647676
-3127.3902021297
-3127.3899362528
-3127.3901561659
-3127.3899023378
-3127.3897827063
-3127.3899931390
-3127.3900226389
-3127.3899367215
-3127.3899544565
-3127.3900522405
-3127.3899947426
-3127.3899706233
-3127.3897468212
-3127.3903349372
-3127.3899312139
-3127.3900519149
-3127.3897315548
-3127.3898637228
-3127.3899412608
-3127.3897769636
-3127.3898741673
-3127.3903675815
-3127.3901153293
-3127.3898349910
-3127.3898041057
-3127.3900870221
-3127.3896805773
-3127.3901216830
-3127.3899408305
-3127.3899054271
-3127.3896486632
-3127.3900088367
-3127.3899819166
-3127.3899874406
-3127.3902719087
-3127.3901884946
-3127.3898156011
-3127.3899944207
-3127.3899617071
-3127.3900982295
-3127.3895912867
-3127.3900051100
-3127.3900208851
-3127.3897832712
-3127.3901970987
-3127.3896945288
-3127.3899322706
-3127.3898467517
-3127.3902325820
-3127.3896369684
-3127.3899002569
-3127.3899012015
-3127.3903742822
-3127.3899217029
-3127.3896591456
-3127.3900279004
-3127.3901001472
-3127.3898860060
-3127.3900406351
-3127.3899367166
-3127.3897062272
-3127.3903430208
-3127.3899519162
-3127.3899983056
-3127.3898898941
-3127.3903511945
-3127.3900553362
-3127.3898585393
-3127.3900115819
-3127.3899503907
-3127.3900961428
-3127.3900277843
-3127.3900839730
-3127.3899092759
-3127.3901278718
-3127.3900311217
-3127.3900870615
-3127.3894448605
-3127.3896701948
-3127.3898245298
-3127.3898516024
-3127.3900761186
-3127.3896993215
-3127.3898864631
-3127.3898259351
-3127.3897272107
-3127.3901085349
-3127.3899638499
-3127.3905919442
-3127.3903719830
-3127.3898322373
-3127.3901922890
-3127.3897666929
-3127.3897005777
-3127.3899062693
-3127.3900947581
-3127.3897783922
-3127.3901125647
-3127.3899395249
-3127.3899956649
-3127.3901878647
-3127.3897786985
-3127.3898764013
-3127.3898566286
-3127.3899983672
-3127.3898338755
-3127.3899401954
-3127.3897272358
-3127.3900961999
-3127.3900370439
-3127.3898725021
-3127.3899680893
-3127.3894583974
-3127.3901842434
-3127.3898743900
-3127.3901048977
-3127.3896907919
-3127.3897548209
-3127.3901460179
-3127.3899266528
-3127.3901535202
-3127.3898307933
-3127.3901982335
-3127.3900387059
-3127.3899294765
-3127.3903416240
-3127.3904257297
-3127.3900205462
-3127.3898080044
-3127.3898595526
-3127.3899068655
-3127.3897514693
-3127.3901842436
-3127.3899075613
-3127.3898935469
-3127.3899173892
-3127.3901407263
-3127.3895649711
-3127.3899090581
-3127.3899742587
-3127.3895236933
-3127.3901449612
-3127.3900482887
-3127.3897635716
-3127.3896776032
-3127.3898131896
-3127.3899200540
-3127.3900700918
-3127.3898003836
-3127.3903675546
-3127.3897624143
-3127.3902045544
-3127.3900385977
-3127.3900880619
-3127.3898762705
-3127.3901127694
-3127.3898901529
-3127.3899328889
-3127.3893643459
-3127.3903081909
-3127.3901754351
-3127.3900217225
-3127.3897773154
-3127.3901036053
-3127.3898257672
-3127.3896312559
-3127.3897971664
-3127.3901623068
-3127.3899911987
-3127.3896214619
-3127.3901000279
-3127.3899611021
-3127.3897200567
-3127.3902602611
-3127.3898791593
-3127.3899464686
-3127.3899460165
-3127.3901719892
-3127.3900027358
-3127.3899543521
-3127.3902915270
-3127.3898791021
-3127.3900577922
-3127.3898567729
-3127.3905721738
-3127.3899059796
-3127.3900527296
-3127.3904279935
-3127.3899254267
-3127.3898909466
-3127.3904444459
-3127.3906186334
-3127.3896726847
-3127.3895798353
-3127.3904413132
-3127.3899148026
-3127.3899476830
-3127.3899165993
-3127.3897924181
-3127.3899891582
-3127.3898742447
-3127.3895472880
-3127.3897607788
-3127.3898486439
-3127.3899852068
-3127.3900508766
-3127.3895276616
-3127.3897888404
-3127.3899679209
-3127.3899684553
-3127.3901759832
-3127.3898562078
-3127.3899812753
-3127.3899767145
-3127.3896347984
-3127.3899105539
-3127.3897265384
-3127.3896841471
-3127.3901863433
-3127.3897713192
-3127.3900538381
-3127.3901910931
-3127.3896394315
-3127.3899584090
-3127.3903123836
-3127.3901926497
-3127.3900763104
-3127.3901039008
-3127.3897663796
-3127.3897214653
-3127.3899012679
-3127.3900900181
-3127.3898186564
-3127.3894668621
-3127.3897890431
-3127.3899973542
-3127.3898548987
-3127.3899857652
-3127.3897712436
-3127.3900479238
-3127.3902529029
-3127.3900817010
-3127.3899375054
-3127.3898909885
-3127.3894198891
-3127.3901012985
-3127.3899571384
-3127.3900662140
-3127.3899964168
-3127.3903209677
-3127.3903157088
-3127.3897337503
-3127.3898718527
-3127.3902831724
-3127.3900748030
-3127.3895912214
-3127.3900631541
-3127.3900997824
-3127.3900930342
-3127.3899628680
-3127.3896840920
-3127.3900859808
-3127.3898679286
-3127.3898326707
-3127.3899373066
-3127.3902305475
-3127.3900700129
-3127.3895647475
-3127.3900715328
-3127.3901523078
-3127.3898695939
-3127.3897131666
-3127.3899782046
-3127.3898026248
-3127.3903088235
-3127.3897884857
-3127.3899212899
-3127.3898333273
-3127.3899290623
-3127.3900192937
-3127.3899131602
-3127.3900649537
-3127.3896390550
-3127.3900651614
-3127.3898209020
-3127.3899524793
-3127.3903182311
-3127.3899358413
-3127.3899985445
-3127.3895243335
-3127.3894393960
-3127.3897746706
-3127.3900662287
-3127.3899053810
-3127.3899724520
-3127.3901266901
-3127.3897809573
-3127.3903110564
-3127.3897702057
-3127.3903832296
-3127.3897645276
-3127.3898941040
-3127.3901909109
-3127.3900093554
-3127.3898588726
-3127.3904088567
-3127.3898557544
-3127.3900266214
-3127.3897793370
-3127.3898531700
-3127.3900620213
-3127.3896132575
-3127.3898791168
-3127.3901813066
-3127.3897304778
-3127.3897894459
-3127.3898107642
-3127.3897966299
-3127.3895546265
-3127.3899682104
-3127.3902507827
-3127.3901695207
-3127.3898136723
-3127.3902820457
-3127.3900222794
-3127.3900068934
-3127.3901885275
-3127.3899850670
-3127.3898082242
-3127.3902363829
-3127.3900367891
-3127.3897926658
-3127.3901149257
-3127.3904691813
-3127.3898039069
-3127.3899861243
-3127.3899887213
-3127.3898426663
-3127.3900509912
-3127.3902844665
-3127.3902284927
-3127.3899856842
-3127.3901022667
-3127.3901885648
-3127.3900448316
-3127.3900886995
-3127.3898363662
-3127.3897111249
-3127.3901352711
-3127.3899271726
-3127.3902211960
-3127.3900634085
-3127.3900021732
-3127.3898996250
-3127.3900254754
-3127.3900588124
-3127.3899524228
-3127.3896492866
-3127.3901784439
-3127.3896514431
-3127.3902403734
-3127.3899153726
-3127.3900919293
-3127.3893945373
-3127.3901732452
-3127.3898114935
-3127.3898255351
-3127.3897412265
-3127.3897964811
-3127.3900603179
-3127.3901895954
-3127.3896552004
-3127.3898400340
-3127.3897443636
-3127.3898561460
-3127.3900810734
-3127.3902151014
-3127.3899446467
-3127.3898100424
-3127.3901154233
-3127.3898753994
-3127.3898413333
-3127.3897913463
-3127.3899272110
-3127.3899846501
-3127.3900505063
-3127.3898285208
-3127.3898448268
-3127.3900527266
-3127.3898756742
-3127.3901974234
-3127.3897166733
-3127.3898857799
-3127.3901236430
-3127.3901342268
-3127.3898514949
-3127.3897861092
-3127.3900376000
-3127.3898536980
-3127.3898311916
-3127.3896732704
-3127.3899146394
-3127.3899455361
-3127.3896797532
-3127.3902528273
-3127.3898775476
-3127.3899299012
-3127.3895733984
-3127.3900052389
-3127.3898480798
-3127.3901435902
-3127.3899722318
-3127.3900107564
-3127.3898106938
-3127.3897224300
-3127.3901977754
-3127.3903689194
-3127.3899847583
-3127.3897380013
-3127.3899973471
-3127.3900200649
-3127.3903889892
-3127.3896832158
-3127.3899237948
-3127.3894947349
-3127.3898315268
-3127.3906034695
-3127.3902733901
-3127.3899470782
-3127.3903326430
-3127.3900364817
-3127.3896562899
-3127.3901523599
-3127.3900531983
-3127.3899047829
-3127.3906056739
-3127.3897054427
-3127.3902148611
-3127.3902944474
-3127.3896165486
-3127.3897343673
-3127.3901622544
-3127.3899349965
-3127.3899167851
-3127.3898899067
-3127.3900099616
-3127.3900063184
-3127.3900844413
-3127.3894249432
-3127.3897654213
-3127.3899477113
-3127.3897278307
-3127.3899160344
-3127.3898613206
-3127.3901420852
-3127.3898729755
-3127.3900098547
-3127.3902207775
-3127.3896880387
-3127.3897588714
-3127.3897946198
-3127.3897293043
-3127.3897129637
-3127.3899651765
-3127.3899204799
-3127.3899877189
-3127.3901233200
-3127.3899196226
-3127.3900714922
-3127.3898297755
-3127.3900687781
-3127.3898396065
-3127.3901220268
-3127.3901176881
-3127.3897698004
-3127.3899129079
-3127.3903317735
-3127.3905975300
-3127.3900313088
-3127.3900825740
-3127.3899312267
-3127.3897531418
-3127.3899178506
-3127.3900528915
-3127.3898924610
-3127.3900031769
-3127.3901499409
-3127.3899048638
-3127.3898888827
-3127.3902885400
-3127.3901538975
-3127.3906116513
-3127.3899050851
-3127.3898327163
-3127.3901348821
-3127.3898802127
-3127.3900226230
-3127.3900706757
-3127.3896885078
-3127.3899188749
-3127.3898660744
-3127.3899826283
-3127.3898918017
-3127.3898821011
-3127.3898461566
-3127.3896875603
-3127.3898788954
-3127.3898595989
-3127.3900620447
-3127.3900955340
-3127.3901819096
-3127.3899819324
-3127.3905115651
-3127.3892577554
-3127.3901658162
-3127.3899495975
-3127.3902118577
-3127.3900370121
-3127.3898319656
-3127.3897856175
-3127.3899449902
-3127.3898808384
-3127.3898949602
-3127.3899227706
-3127.3899064353
-3127.3896059627
-3127.3898186159
-3127.3897948793
-3127.3900091560
-3127.3898804599
-3127.3900540185
-3127.3901296004
-3127.3897333278
-3127.3903127620
-3127.3902042531
-3127.3906146994
-3127.3899592701
-3127.3898776845
-3127.3901610161
-3127.3899807312
-3127.3903202916
-3127.3897680054
-3127.3901850516
-3127.3903995092
-3127.3903213648
-3127.3898699343
-3127.3900986551
-3127.3899951271
-3127.3899952963
-3127.3898731190
-3127.3895874794
-3127.3899628524
-3127.3904153933
-3127.3899211782
-3127.3900597209
-3127.3896573253
-3127.3898269248
-3127.3899435227
-3127.3901553691
-3127.3898461276
-3127.3899978041
-3127.3897627018
-3127.3898666780
-3127.3898630288
-3127.3900379607
-3127.3901288961
-3127.3904021417
-3127.3897810043
-3127.3900545126
-3127.3900633375
-3127.3905958827
-3127.3900637962
-3127.3906058509
-3127.3895946130
-3127.3898868095
-3127.3896511161
-3127.3898333230
-3127.3900564830
-3127.3900819821
-3127.3900090954
-3127.3895969717
-3127.3900135839
-3127.3900427474
-3127.3900955878
-3127.3896247576
-3127.3901435845
-3127.3900155066
-3127.3898397754
-3127.3901819786
-3127.3899808060
-3127.3902519505
-3127.3899300582
-3127.3897901905
-3127.3900139212
-3127.3898692658
-3127.3901523216
-3127.3898255820
-3127.3901196724
-3127.3900183631
-3127.3899166069
-3127.3901259781
-3127.3898985880
-3127.3899661463
-3127.3903926395
-3127.3900229060
-3127.3900268214
-3127.3899068544
-3127.3898894164
-3127.3900474949
-3127.3900108126
-3127.3901493877
-3127.3899074332
-3127.3898884812
-3127.3898486007
-3127.3899586840
-3127.3899030137
-3127.3898324567
-3127.3897278737
-3127.3899155720
-3127.3899817159
-3127.3899565951
-3127.3898656516
-3127.3898833409
-3127.3894742724
-3127.3902016348
-3127.3898064847
-3127.3895112640
-3127.3898932282
-3127.3895734249
-3127.3902955952
-3127.3900126049
-3127.3895259906
-3127.3898132123
-3127.3896926636
-3127.3900195542
-3127.3898710774
-3127.3901069520
-3127.3899069293
-3127.3899141262
-3127.3896943314
-3127.3901700162
-3127.3898513685
-3127.3899604085
-3127.3898612460
-3127.3902153061
-3127.3899310075
-3127.3901611676
-3127.3901912095
-3127.3900109791
-3127.3897289055
-3127.3897884535
-3127.3901537141
-3127.3900226243
-3127.3898716789
-3127.3902394160
-3127.3898319579
-3127.3899818580
-3127.3895938973
-3127.3897910718
-3127.3899064747
-3127.3897897561
-3127.3898952446
-3127.3900475025
-3127.3897171958
-3127.3897417403
-3127.3901581819
-3127.3896135720
-3127.3898135363
-3127.3897484479
-3127.3906011921
-3127.3898812511
-3127.3899690098
-3127.3898768765
-3127.3895452725
-3127.3905892740
-3127.3899846948
-3127.3901319134
-3127.3900546349
-3127.3898090327
-3127.3899184838
-3127.3899500571
-3127.3901442650
-3127.3897551122
-3127.3901943971
-3127.3902824817
-3127.3898233739
-3127.3898004662
-3127.3902425324
-3127.3899234277
-3127.3902163604
-3127.3901110800
-3127.3896836215
-3127.3898585773
-3127.3895325338
-3127.3899553461
-3127.3902586488
-3127.3898983820
-3127.3899792287
-3127.3898098383
-3127.3896583600
-3127.3901299865
-3127.3897976874
-3127.3901951702
-3127.3897790663
-3127.3901190402
-3127.3896220765
-3127.3894970952
-3127.3900565608
-3127.3899034141
-3127.3900343261
-3127.3898304889
-3127.3900441575
-3127.3898873138
-3127.3900746339
-3127.3899915913
-3127.3900481615
-3127.3899888456
-3127.3900877488
-3127.3896884628
-3127.3899624409
-3127.3900624242
-3127.3901676237
-3127.3897900225
-3127.3900532690
-3127.3898964459
-3127.3897360375
-3127.3894366947
-3127.3901100501
-3127.3898746660
-3127.3896954364
-3127.3897140161
-3127.3900976130
-3127.3902023937
-3127.3895807958
-3127.3900593983
-3127.3899002976
-3127.3897847417
-3127.3901535420
-3127.3899497844
-3127.3906232083
-3127.3900880248
-3127.3898913087
-3127.3900516087
-3127.3897681261
-3127.3900035938
-3127.3903797889
-3127.3901427495
-3127.3898626975
-3127.3900108865
-3127.3898437350
-3127.3900193239
-3127.3897164942
-3127.3899412100
-3127.3898852299
-3127.3899549447
-3127.3898392702
-3127.3900591046
-3127.3900089736
-3127.3898788174
-3127.3897656273
-3127.3898466382
-3127.3897919662
-3127.3898745211
-3127.3898695619
-3127.3899215838
-3127.3899928232
-3127.3899871076
-3127.3899958697
-3127.3900413013
-3127.3900090286
-3127.3899391206
-3127.3894950548
-3127.3897392276
-3127.3896728491
-3127.3897748723
-3127.3898111822
-3127.3898802016
-3127.3900042248
-3127.3901097898
-3127.3900496620
-3127.3897158523
-3127.3902282836
-3127.3899528246
-3127.3896258855
-3127.3899930970
-3127.3901570408
-3127.3898895150
-3127.3899296291
-3127.3901628890
-3127.3900488568
-3127.3899165335
-3127.3900080866
-3127.3898964850
-3127.3899825437
-3127.3898560608
-3127.3898363953
-3127.3901017539
-3127.3900516797
-3127.3899022773
-3127.3900587718
-3127.3897179560
-3127.3898735280
-3127.3897316879
-3127.3902104590
-3127.3894214405
-3127.3901031883
-3127.3899647970
-3127.3897871466
-3127.3897469789
-3127.3899896430
-3127.3899970546
-3127.3898137383
-3127.3903448201
-3127.3900488720
-3127.3898249040
-3127.3901173566
-3127.3906026693
-3127.3899114821
-3127.3898650875
-3127.3901619404
-3127.3899600930
-3127.3898166845
-3127.3897797981
-3127.3903118506
-3127.3900980882
-3127.3900043437
-3127.3897773617
-3127.3897474827
-3127.3901484417
-3127.3904647010
-3127.3898712094
-3127.3898127111
-3127.3896270115
-3127.3898583911
-3127.3898738339
-3127.3901860792
-3127.3895834787
-3127.3899665579
-3127.3898921319
-3127.3900117707
-3127.3900646015
-3127.3899437040
-3127.3898353440
-3127.3901920052
-3127.3899760574
-3127.3898119640
-3127.3899215081
-3127.3897703603
-3127.3902880680
-3127.3898401440
-3127.3896837921
-3127.3900494339
-3127.3905678435
-3127.3900388684
-3127.3899655473
-3127.3902155132
-3127.3900072428
-3127.3896577125
-3127.3899495210
-3127.3899041324
-3127.3896042862
-3127.3898265853
-3127.3898909834
-3127.3896198941
-3127.3899429074
-3127.3901752602
-3127.3898919997
-3127.3898618025
-3127.3899535219
-3127.3900816353
-3127.3901249722
-3127.3899570464
-3127.3898110110
-3127.3900344755
-3127.3898865707
-3127.3898935736
-3127.3902137617
-3127.3902062949
-3127.3899772259
-3127.3899585540
-3127.3899911302
-3127.3900682335
-3127.3902139352
-3127.3898502344
-3127.3901243830
-3127.3901114180
-3127.3900844568
-3127.3898072396
-3127.3899481438
-3127.3901625373
-3127.3898679670
-3127.3896306587
-3127.3906055476
-3127.3905273555
-3127.3900218281
-3127.3899136500
-3127.3900459981
-3127.3897980009
-3127.3900747721
-3127.3897624822
-3127.3899088419
-3127.3899162758
-3127.3901236696
-3127.3899530227
-3127.3895326011
-3127.3898641241
-3127.3899989128
-3127.3898990290
-3127.3899514243
-3127.3899904676
-3127.3900101929
-3127.3898090691
-3127.3900918129
-3127.3901794229
-3127.3898969735
-3127.3901631397
-3127.3901134867
-3127.3899642174
-3127.3903874621
-3127.3897166371
-3127.3899340506
-3127.3895792921
-3127.3897440804
-3127.3902493136
-3127.3898833820
-3127.3898975257
-3127.3899431134
-3127.3902916157
-3127.3898109241
-3127.3896427855
-3127.3899277638
-3127.3899419253
-3127.3898344105
-3127.3898453488
-3127.3900014275
-3127.3899183851
-3127.3900268843
-3127.3899235595
-3127.3897222450
-3127.3900149344
-3127.3899587792
-3127.3897749849
-3127.3899792983
-3127.3902386797
-3127.3900061809
-3127.3899764534
-3127.3898539096
-3127.3898869823
-3127.3899816428
-3127.3896950270
-3127.3898112460
-3127.3900419744
-3127.3898796394
-3127.3898145095
-3127.3901146054
-3127.3900010502
-3127.3898658406
-3127.3906230239
-3127.3897791521
-3127.3897262548
-3127.3901243937
-3127.3901251425
-3127.3901645390
-3127.3894493832
-3127.3896845767
-3127.3900306321
-3127.3900875184
-3127.3901718799
-3127.3901361531
-3127.3901745491
-3127.3901893396
-3127.3898673493
-3127.3899879483
-3127.3902826231
-3127.3898778010
-3127.3900901902
-3127.3901317171
-3127.3895913776
-3127.3900106072
-3127.3897387289
-3127.3900836732
-3127.3901070055
-3127.3900689265
-3127.3899990741
-3127.3899204783
-3127.3900063274
-3127.3899971216
-3127.3899577128
-3127.3898981866
-3127.3897641704
-3127.3901357346
-3127.3898566824
-3127.3900274512
-3127.3900082493
-3127.3900559014
-3127.3898274813
-3127.3894473833
-3127.3901662327
-3127.3901545827
-3127.3899860321
-3127.3900326685
-3127.3899180417
-3127.3899530462
-3127.3899808883
-3127.3904232760
-3127.3901630766
-3127.3899862417
-3127.3898219003
-3127.3897414567
-3127.3902144683
-3127.3898462645
-3127.3899911586
-3127.3898921725
-3127.3902846963
-3127.3899028895
-3127.3897663016
-3127.3898747042
-3127.3905974266
-3127.3896940505
-3127.3894256392
-3127.3900294829
-3127.3896909921
-3127.3899549401
-3127.3901704439
-3127.3899407404
-3127.3901356820
-3127.3902231536
-3127.3899149155
-3127.3901716950
-3127.3904620936
-3127.3897431158
-3127.3899031495
-3127.3899254221
-3127.3898208042
-3127.3899255967
-3127.3899190899
-3127.3901233333
-3127.3898203054
-3127.3898403345
-3127.3899540838
-3127.3900403614
-3127.3896224410
-3127.3895621850
-3127.3902029394
-3127.3902573272
-3127.3898834339
-3127.3899236445
-3127.3896949771
-3127.3897156746
-3127.3895714117
-3127.3898047709
-3127.3900275718
-3127.3899455945
-3127.3902304615
-3127.3897702134
-3127.3897249873
-3127.3900687696
-3127.3898338191
-3127.3897912438
-3127.3896595932
-3127.3898663385
-3127.3901616902
-3127.3899432453
-3127.3897436266
-3127.3902852554
-3127.3903524246
-3127.3899692956
-3127.3900991927
-3127.3903132570
-3127.3898478550
-3127.3902506107
-3127.3900780784
-3127.3900825532
-3127.3898479312
-3127.3901700273
-3127.3899843863
-3127.3900140052
-3127.3898574041
-3127.3896118210
-3127.3898035456
-3127.3898619392
-3127.3897077165
-3127.3899617831
-3127.3901212609
-3127.3899771722
-3127.3901891504
-3127.3896847379
-3127.3899527915
-3127.3900996352
-3127.3901179012
-3127.3899388386
-3127.3898985749
-3127.3897018089
-3127.3900073183
-3127.3899318656
-3127.3901128390
-3127.3902205819
-3127.3898444690
-3127.3901636977
-3127.3897673603
-3127.3898686885
-3127.3899946343
-3127.3902927568
-3127.3896180032
-3127.3900044624
-3127.3900170327
-3127.3899960956
-3127.3903148815
-3127.3906030800
-3127.3902838569
-3127.3900940562
-3127.3896335427
-3127.3897728206
-3127.3901772964
-3127.3900422123
-3127.3901767077
-3127.3897847270
-3127.3899267557
-3127.3902764350
-3127.3897521748
-3127.3899694647
-3127.3897631401
-3127.3898603909
-3127.3899859561
-3127.3899169712
-3127.3901085385
-3127.3898788753
-3127.3901381777
-3127.3898634585
-3127.3900100908
-3127.3897148724
-3127.3899751961
-3127.3902439339
-3127.3903870996
-3127.3900203041
-3127.3901003336
-3127.3898947303
-3127.3902069875
-3127.3898312688
-3127.3898789038
-3127.3900896145
-3127.3902238074
-3127.3901348581
-3127.3898933982
-3127.3898330327
-3127.3898693658
-3127.3898068093
-3127.3893831159
-3127.3899161508
-3127.3903200943
-3127.3900025586
-3127.3898745314
-3127.3901540481
-3127.3900194834
-3127.3897933020
-3127.3902547103
-3127.3902020807
-3127.3901619010
-3127.3899119949
-3127.3900424610
-3127.3898502980
-3127.3899999960
-3127.3900147690
-3127.3899039710
-3127.3899912727
-3127.3900994242
-3127.3900338516
-3127.3898788424
-3127.3901483065
-3127.3897619916
-3127.3897576246
-3127.3899613498
-3127.3898244628
-3127.3898874308
-3127.3901333379
-3127.3901747859
-3127.3899287223
-3127.3896406255
-3127.3899010166
-3127.3899286861
-3127.3902617780
-3127.3897367976
-3127.3902249980
-3127.3900358893
-3127.3899773368
-3127.3899773812
-3127.3897420760
-3127.3902138381
-3127.3900288239
-3127.3898320374
-3127.3898261432
-3127.3902266918
-3127.3898058943
-3127.3900537994
-3127.3897576730
-3127.3900390157
-3127.3895926253
-3127.3898688304
-3127.3901372405
-3127.3898053565
-3127.3898230395
-3127.3897600903
-3127.3896621765
-3127.3898262294
-3127.3897464837
-3127.3898178436
-3127.3899181500
-3127.3899081044
-3127.3896412178
-3127.3900530541
-3127.3899565514
-3127.3899024391
-3127.3899181004
-3127.3900801806
-3127.3898808253
-3127.3900904570
-3127.3898496282
-3127.3902523833
-3127.3897531050
-3127.3898880411
-3127.3896325172
-3127.3906063956
-3127.3899688897
-3127.3903558234
-3127.3896211627
-3127.3900792438
-3127.3898193431
-3127.3903118573
-3127.3901704515
-3127.3899075818
-3127.3899852400
-3127.3899630486
-3127.3899034378
-3127.3900938394
-3127.3898342969
-3127.3900284138
-3127.3902017236
-3127.3901180412
-3127.3899631801
-3127.3898812845
-3127.3902165369
-3127.3898497790
-3127.3903482841
-3127.3902189515
-3127.3901366218
-3127.3897338219
-3127.3897707931
-3127.3897485497
-3127.3896736863
-3127.3903453287
-3127.3899254254
-3127.3898600417
-3127.3900247190
-3127.3898583746
-3127.3898689058
-3127.3900198673
-3127.3900482563
-3127.3902540412
-3127.3897264068
-3127.3899554881
-3127.3896117261
-3127.3899490261
-3127.3899029916
-3127.3896777419
-3127.3902327044
-3127.3903029610
-3127.3895651649
-3127.3899697789
-3127.3900703759
-3127.3895561478
-3127.3902922765
-3127.3899270300
-3127.3897641046
-3127.3897442570
-3127.3901796012
-3127.3894513180
-3127.3901555059
-3127.3899032247
-3127.3900513637
-3127.3900559820
-3127.3901469535
-3127.3897591889
-3127.3898717504
-3127.3897431709
-3127.3898993380
-3127.3897165575
-3127.3898112877
-3127.3899448812
-3127.3896328259
-3127.3897684997
-3127.3901443440
-3127.3898646588
-3127.3905865695
-3127.3896440906
-3127.3897825237
-3127.3905979128
-3127.3897831796
-3127.3899524078
-3127.3902336281
-3127.3900421288
-3127.3900349907
-3127.3902038304
-3127.3906226830
-3127.3900376699
-3127.3898123872
-3127.3901308832
-3127.3898389326
-3127.3898360827
-3127.3901250917
-3127.3897070697
-3127.3902070244
-3127.3896969424
-3127.3901846282
-3127.3896869143
-3127.3899600994
-3127.3904425426
-3127.3905942481
-3127.3899973657
-3127.3898936767
-3127.3898477677
-3127.3902278727
-3127.3899771207
-3127.3899985320
-3127.3899406930
-3127.3900708618
-3127.3898284644
-3127.3902600522
-3127.3903019939
-3127.3898734371
-3127.3896944382
-3127.3898059393
-3127.3897469501
-3127.3897468374
-3127.3899995902
-3127.3897286988
-3127.3899738102
-3127.3899968073
-3127.3899297006
-3127.3897284004
-3127.3900275464
-3127.3902359374
-3127.3898260192
-3127.3900686127
-3127.3898160025
-3127.3899376218
-3127.3900861786
-3127.3901380914
-3127.3897402192
-3127.3898459776
-3127.3900814758
-3127.3900968209
-3127.3901433194
-3127.3898492340
-3127.3898771331
-3127.3901200848
-3127.3898499979
-3127.3897963001
-3127.3899983675
-3127.3900907268
-3127.3900629830
-3127.3901206567
-3127.3902980895
-3127.3899392701
-3127.3897987039
-3127.3899182978
-3127.3899633604
-3127.3899662982
-3127.3900313874
-3127.3900450311
-3127.3900951056
-3127.3897401561
-3127.3899778571
-3127.3901021385
-3127.3901551430
-3127.3902680512
-3127.3901925249
-3127.3898932591
-3127.3900684173
-3127.3906055868
-3127.3900774020
-3127.3899907968
-3127.3897373776
-3127.3901340158
-3127.3896812934
-3127.3901216654
-3127.3897957059
-3127.3903221725
-3127.3902585396
-3127.3900294427
-3127.3900672602
-3127.3898150922
-3127.3901558248
-3127.3897532753
-3127.3898688558
-3127.3899863932
-3127.3897843281
-3127.3899711063
-3127.3900337516
-3127.3903915058
-3127.3900803952
-3127.3898103600
-3127.3896935674
-3127.3895620285
-3127.3906091582
-3127.3893963603
-3127.3904374352
-3127.3901922907
-3127.3893134907
-3127.3900397763
-3127.3899769437
-3127.3900156130
-3127.3899035239
-3127.3900897730
-3127.3895838675
-3127.3898741353
-3127.3897538964
-3127.3901176271
-3127.3899682207
-3127.3899224662
-3127.3900611652
-3127.3901176239
-3127.3900244551
-3127.3903621620
-3127.3899331242
-3127.3901181978
-3127.3900567624
-3127.3899564914
-3127.3899040336
-3127.3898847807
-3127.3899285859
-3127.3897789631
-3127.3897508441
-3127.3897819976
-3127.3903178465
-3127.3898296430
-3127.3900019135
-3127.3901305922
-3127.3902666981
-3127.3897992893
-3127.3898292216
-3127.3899083408
-3127.3895129385
-3127.3897798068
-3127.3899362633
-3127.3900144787
-3127.3896668371
-3127.3898921826
-3127.3896603861
-3127.3904040600
-3127.3898321396
-3127.3898642630
-3127.3898540466
-3127.3901885529
-3127.3901555272
-3127.3898076607
-3127.3899650906
-3127.3897722683
-3127.3898182947
-3127.3899820256
-3127.3898323273
-3127.3899157628
-3127.3897470614
-3127.3897874039
-3127.3903392797
-3127.3900268411
-3127.3898639035
-3127.3902110269
-3127.3897401683
-3127.3899025261
-3127.3895512427
-3127.3901628516
-3127.3901413618
-3127.3906209954
-3127.3899777366
-3127.3899443476
-3127.3898880019
-3127.3902428373
-3127.3902632818
-3127.3902672012
-3127.3899832371
-3127.3898067762
-3127.3900406076
-3127.3895027494
-3127.3899914011
-3127.3899328582
-3127.3899071010
-3127.3901591007
-3127.3905701031
-3127.3902066865
-3127.3899586527
-3127.3900038055
-3127.3901365609
-3127.3902089873
-3127.3898754758
-3127.3903083917
-3127.3902744563
-3127.3896258940
-3127.3901243147
-3127.3900038594
-3127.3897872891
-3127.3899796891
-3127.3898049799
-3127.3900532860
-3127.3902029906
-3127.3895773237
-3127.3897832662
-3127.3901497798
-3127.3900180444
-3127.3898192596
-3127.3900706716
-3127.3903318687
-3127.3900222614
-3127.3899130997
-3127.3903238836
-3127.3896405886
-3127.3899301022
-3127.3901521011
-3127.3899144058
-3127.3903723306
-3127.3901560301
-3127.3898551709
-3127.3900618221
-3127.3901922357
-3127.3898925438
-3127.3897512735
-3127.3897131056
-3127.3899840871
-3127.3899311551
-3127.3903212797
-3127.3898407060
-3127.3900385645
-3127.3900150250
-3127.3901486106
-3127.3898956204
-3127.3902615277
-3127.3898221920
-3127.3900677056
-3127.3899663630
-3127.3895090998
-3127.3899371748
-3127.3904215503
-3127.3895119804
-3127.3896581032
-3127.3897352548
-3127.3901717810
-3127.3898425265
-3127.3898548904
-3127.3901508544
-3127.3906071833
-3127.3900332368
-3127.3902529753
-3127.3900450126
-3127.3896494259
-3127.3901641296
-3127.3901114438
-3127.3900091386
-3127.3902850913
-3127.3901800815
-3127.3896430799
-3127.3906148176
-3127.3898142252
-3127.3900458030
-3127.3896814037
-3127.3902101648
-3127.3899847096
-3127.3897642764
-3127.3901408917
-3127.3900949858
-3127.3896229145
-3127.3897839359
-3127.3900954888
-3127.3901819465
-3127.3898294046
-3127.3896843936
-3127.3897919846
-3127.3900951895
-3127.3900028269
-3127.3899488284
-3127.3898280378
-3127.3897154034
-3127.3905847858
-3127.3898663949
-3127.3899185815
-3127.3900776968
-3127.3900681231
-3127.3898652995
-3127.3899918214
-3127.3903057599
-3127.3898337678
-3127.3902062230
-3127.3898289068
-3127.3901280882
-3127.3899651543
-3127.3901154084
-3127.3906124962
-3127.3896005083
-3127.3900148743
-3127.3897767099
-3127.3898510664
-3127.3894944133
-3127.3900664503
-3127.3899776604
-3127.3899157513
-3127.3901958807
-3127.3899477068
-3127.3903067896
-3127.3899746880
-3127.3903959392
-3127.3900630127
-3127.3903435700
-3127.3900129586
-3127.3898842910
-3127.3900576401
-3127.3897348370
-3127.3902020680
-3127.3897221659
-3127.3901259369
-3127.3900218668
-3127.3897171142
-3127.3899206249
-3127.3897009423
-3127.3894586009
-3127.3897100361
-3127.3899641254
-3127.3906110092
-3127.3899951288
-3127.3899938826
-3127.3900916772
-3127.3897767897
-3127.3899624199
-3127.3894284059
-3127.3902098909
-3127.3896205049
-3127.3906097351
-3127.3898002729
-3127.3898426385
-3127.3899157623
-3127.3896894846
-3127.3900219102
-3127.3896798230
-3127.3898181424
-3127.3899158963
-3127.3898211302
-3127.3899357689
-3127.3898267038
-3127.3901476762
-3127.3899851873
-3127.3897165922
-3127.3899755172
-3127.3898935092
-3127.3898246911
-3127.3898272579
-3127.3902565443
-3127.3901334564
-3127.3901633908
-3127.3897124346
-3127.3899110497
-3127.3896333814
-3127.3900562755
-3127.3900899946
-3127.3898574773
-3127.3898368475
-3127.3897514999
-3127.3900037704
-3127.3896610477
-3127.3897454846
-3127.3898335872
-3127.3900467531
-3127.3894496266
-3127.3899155049
-3127.3901563437
-3127.3902351232
-3127.3900795743
-3127.3898933525
-3127.3902568423
-3127.3901238647
-3127.3899567467
-3127.3897497293
-3127.3895917890
-3127.3897849576
-3127.3895587143
-3127.3901743940
-3127.3901119310
-3127.3900226950
-3127.3901085721
-3127.3899570108
-3127.3900819180
-3127.3897562982
-3127.3899069573
-3127.3902350413
-3127.3897210303
-3127.3899896140
-3127.3898485787
-3127.3898402655
-3127.3901837879
-3127.3897106034
-3127.3898457680
-3127.3899670348
-3127.3899740250
-3127.3898367922
-3127.3897121130
-3127.3900143128
-3127.3902497065
-3127.3898400983
-3127.3895298354
-3127.3896769067
-3127.3902467337
-3127.3897870410
-3127.3898532474
-3127.3900672349
-3127.3901977538
-3127.3903125241
-3127.3900480077
-3127.3899111597
-3127.3897370906
-3127.3902016780
-3127.3900759440
-3127.3901333738
-3127.3898932034
-3127.3897648432
-3127.3898744547
-3127.3900160531
-3127.3901023249
-3127.3900015003
-3127.3900702965
-3127.3898769767
-3127.3899397710
-3127.3897914110
-3127.3899982004
-3127.3899491402
-3127.3902201685
-3127.3900191502
-3127.3900102647
-3127.3897551184
-3127.3900059979
-3127.3897318880
-3127.3902342035
-3127.3895340052
-3127.3896730618
-3127.3898120537
-3127.3900889062
-3127.3902256790
-3127.3900137766
-3127.3899123185
-3127.3899285698
-3127.3898410313
-3127.3901138456
-3127.3896288069
-3127.3899113172
-3127.3899600850
-3127.3897514446
-3127.3900658897
-3127.3897588836
-3127.3898866712
-3127.3899289559
-3127.3904117231
-3127.3900106110
-3127.3900103901
-3127.3899290669
-3127.3901238989
-3127.3899739350
-3127.3902251515
-3127.3898422036
-3127.3896268765
-3127.3898514660
-3127.3896690730
-3127.3895467494
-3127.3899903497
-3127.3897424416
-3127.3897116748
-3127.3895059106
-3127.3901835439
-3127.3896698641
-3127.3897248161
-3127.3897351924
-3127.3900556715
-3127.3899197873
-3127.3898837755
-3127.3898600178
-3127.3899931026
-3127.3899830326
-3127.3897941691
-3127.3899771978
-3127.3899089548
-3127.3900429468
-3127.3898190143
-3127.3898250562
-3127.3902295731
-3127.3901032907
-3127.3901310620
-3127.3898836165
-3127.3901450605
-3127.3896552651
-3127.3903870779
-3127.3897556274
-3127.3898666606
-3127.3898008281
-3127.3900030167
-3127.3900313922
-3127.3897294510
-3127.3896181633
-3127.3900575272
-3127.3900304563
-3127.3900691209
-3127.3898151127
-3127.3902251670
-3127.3900124661
-3127.3897166048
-3127.3901870522
-3127.3900176743
-3127.3901888548
-3127.3900192361
-3127.3900241670
-3127.3900776030
-3127.3900860203
-3127.3900151615
-3127.3899957267
-3127.3900704288
-3127.3902133656
-3127.3906161447
-3127.3903596794
-3127.3901119191
-3127.3897703230
-3127.3900495691
-3127.3899259839
-3127.3896384198
-3127.3902535293
-3127.3898423400
-3127.3900549019
-3127.3903192927
-3127.3899116142
-3127.3896985677
-3127.3898410984
-3127.3896826868
-3127.3897848945
-3127.3899392134
-3127.3906136628
-3127.3895163066
-3127.3901477475
-3127.3901453930
-3127.3897240540
-3127.3895427177
-3127.3899032771
-3127.3898898360
-3127.3897425976
-3127.3899496120
-3127.3900185208
-3127.3903399548
-3127.3900228207
-3127.3906267023
-3127.3899989276
-3127.3897749130
-3127.3900721932
-3127.3898705649
-3127.3898612324
-3127.3898568426
-3127.3901228003
-3127.3897454895
-3127.3896687401
-3127.3899585439
-3127.3901390444
-3127.3905034293
-3127.3895434434
-3127.3899580843
-3127.3896052485
-3127.3897446652
-3127.3899070763
-3127.3898099683
-3127.3899965984
-3127.3898451724
-3127.3897418271
-3127.3898906779
-3127.3900559811
-3127.3902227589
-3127.3899949764
-3127.3897400119
-3127.3899637996
-3127.3900077437
-3127.3899765805
-3127.3898117478
-3127.3906232974
-3127.3894718083
-3127.3899422095
-3127.3902876923
-3127.3898305977
-3127.3901489432
-3127.3898483719
-3127.3897660572
-3127.3895225347
-3127.3901326370
-3127.3902026417
-3127.3895968518
-3127.3898825979
-3127.3896509069
-3127.3900109719
-3127.3900222234
-3127.3900641579
-3127.3900457934
-3127.3900704069
-3127.3902195074
-3127.3898415303
-3127.3899163752
-3127.3900779176
-3127.3906214278
-3127.3902710987
-3127.3899381221
-3127.3897556753
-3127.3897842680
-3127.3900258396
-3127.3899578389
-3127.3895950590
-3127.3896930754
-3127.3898787744
-3127.3899140233
-3127.3896860210
-3127.3902100681
-3127.3901596207
-3127.3899872279
-3127.3896558191
-3127.3898836062
-3127.3900355366
-3127.3898396268
-3127.3899037972
-3127.3902623487
-3127.3899271171
-3127.3902486890
-3127.3899372273
-3127.3899707058
-3127.3903660084
-3127.3895336171
-3127.3898816159
-3127.3899971389
-3127.3898861740
-3127.3897814407
-3127.3902275712
-3127.3901820948
-3127.3899781440
-3127.3898827218
-3127.3901339457
-3127.3899796985
-3127.3902498984
-3127.3900983512
-3127.3900229723
-3127.3906486762
-3127.3898723478
-3127.3897381472
-3127.3899444830
-3127.3897717578
-3127.3898936850
-3127.3901740089
-3127.3896156427
-3127.3896865109
-3127.3901159384
-3127.3898056670
-3127.3899554746
-3127.3899741340
-3127.3901345579
-3127.3899226056
-3127.3898314096
-3127.3897557412
-3127.3902399798
-3127.3899200680
-3127.3897381145
-3127.3899700657
-3127.3898423027
-3127.3897666871
-3127.3900460371
-3127.3898951967
-3127.3900361400
-3127.3897434018
-3127.3900435407
-3127.3901250764
-3127.3896960507
-3127.3900043528
-3127.3898906459
-3127.3899277502
-3127.3897927284
-3127.3898202866
-3127.3901024376
-3127.3901622133
-3127.3896517917
-3127.3896648629
-3127.3897618952
-3127.3897800787
-3127.3903174502
-3127.3896051763
-3127.3902066376
-3127.3895152060
-3127.3898672923
-3127.3898782560
-3127.3901117934
-3127.3899406303
-3127.3901634280
-3127.3900309189
-3127.3906026634
-3127.3898450790
-3127.3895551965
-3127.3898534631
-3127.3900250997
-3127.3900570064
-3127.3899551086
-3127.3902305343
-3127.3898121686
-3127.3897132307
-3127.3902168845
-3127.3898246157
-3127.3895633216
-3127.3900684618
-3127.3897087532
-3127.3899219266
-3127.3899001630
-3127.3897626112
-3127.3898936630
-3127.3898838430
-3127.3898809429
-3127.3898268419
-3127.3906085094
-3127.3896732460
-3127.3897346540
-3127.3901419196
-3127.3895895689
-3127.3900977488
-3127.3898522964
-3127.3899903681
-3127.3901624154
-3127.3905983803
-3127.3897640136
-3127.3898210653
-3127.3896717365
-3127.3899339268
-3127.3895916372
-3127.3901052104
-3127.3900703235
-3127.3900304178
-3127.3901090547
-3127.3901762565
-3127.3897337085
-3127.3902295701
-3127.3898707383
-3127.3897660342
-3127.3899804062
-3127.3898079920
-3127.3897330456
-3127.3898401316
-3127.3899173751
-3127.3900622344
-3127.3902480159
-3127.3899777719
-3127.3897028363
-3127.3899047753
-3127.3901496418
-3127.3898791285
-3127.3897623278
-3127.3898907984
-3127.3898366992
-3127.3897243041
-3127.3897523725
-3127.3898531653
-3127.3898967854
-3127.3900654126
-3127.3900093828
-3127.3901188792
-3127.3896415902
-3127.3899386431
-3127.3900544727
-3127.3899263342
-3127.3899529318
-3127.3901958577
-3127.3895869790
-3127.3898871549
-3127.3902531320
-3127.3901572573
-3127.3899996202
-3127.3902676938
-3127.3901290870
-3127.3900373224
-3127.3901244037
-3127.3900690378
-3127.3896300353
-3127.3901994529
-3127.3898732787
-3127.3898425395
-3127.3902920201
-3127.3896782541
-3127.3897752001
-3127.3903312280
-3127.3902480434
-3127.3900363866
-3127.3897459181
-3127.3901386900
-3127.3899149174
-3127.3897519522
-3127.3903012563
-3127.3899053479
-3127.3901612595
-3127.3906229570
-3127.3898341335
-3127.3898546140
-3127.3898327805
-3127.3900033116
-3127.3897424592
-3127.3897592248
-3127.3900935113
-3127.3899936715
-3127.3899435770
-3127.3902338350
-3127.3897368370
-3127.3900179303
-3127.3899223127
-3127.3899975588
-3127.3898283280
-3127.3899347033
-3127.3900668606
-3127.3906076928
-3127.3895397645
-3127.3896803566
-3127.3897123904
-3127.3900260127
-3127.3900597835
-3127.3899132564
-3127.3900251769
-3127.3905959573
-3127.3899362971
-3127.3900356818
-3127.3899464155
-3127.3898266916
-3127.3899871727
-3127.3901968924
-3127.3897891237
-3127.3901091623
-3127.3901077172
-3127.3899589821
-3127.3899934738
-3127.3902552974
-3127.3899412237
-3127.3899360882
-3127.3901445403
-3127.3900219036
-3127.3906171269
-3127.3901412186
-3127.3900327566
-3127.3900338564
-3127.3900836059
-3127.3894736150
-3127.3901091745
-3127.3898667807
-3127.3901435281
-3127.3901765909
-3127.3898212225
-3127.3902232443
-3127.3898874954
-3127.3900932052
-3127.3901379599
-3127.3903660064
-3127.3898180031
-3127.3899556400
-3127.3898657591
-3127.3896676163
-3127.3901299628
-3127.3903324160
-3127.3899437579
-3127.3900847627
-3127.3897928676
-3127.3900985344
-3127.3896140706
-3127.3896226771
-3127.3900469467
-3127.3898566008
-3127.3896467735
-3127.3899264217
-3127.3901418063
-3127.3901184110
-3127.3902640782
-3127.3898764561
-3127.3898048017
-3127.3898107875
-3127.3897629810
-3127.3900152346
-3127.3899740109
-3127.3901628731
-3127.3900964958
-3127.3900917066
-3127.3897210726
-3127.3903180608
-3127.3902906235
-3127.3898508266
-3127.3897362448
-3127.3902587839
-3127.3901478457
-3127.3898004541
-3127.3899311464
-3127.3895030392
-3127.3899351117
-3127.3902006579
-3127.3897680165
-3127.3899282175
-3127.3893792123
-3127.3899302301
-3127.3898403705
-3127.3901635363
-3127.3898043933
-3127.3899952228
-3127.3898458501
-3127.3900487429
-3127.3897527135
-3127.3900885158
-3127.3899297932
-3127.3900973844
-3127.3900821735
-3127.3899811063
-3127.3896717947
-3127.3901708555
-3127.3898187645
-3127.3896166216
-3127.3898633013
-3127.3899046405
-3127.3896445174
-3127.3898223810
-3127.3900996570
-3127.3898944933
-3127.3900419514
-3127.3902843702
-3127.3895966784
-3127.3901540755
-3127.3900180637
-3127.3900298895
-3127.3899015351
-3127.3896788219
-3127.3901964532
-3127.3899512301
-3127.3901301751
-3127.3898751060
-3127.3896674466
-3127.3899165994
-3127.3899414907
-3127.3898437160
-3127.3901357284
-3127.3900693137
-3127.3898098923
-3127.3897435384
-3127.3901303975
-3127.3895489429
-3127.3899699953
-3127.3899861259
-3127.3901031866
-3127.3898241220
-3127.3900871225
-3127.3900339082
-3127.3901607931
-3127.3902303670
-3127.3899660981
-3127.3897337574
-3127.3898523023
-3127.3899634566
-3127.3897755481
-3127.3899271988
-3127.3900698053
-3127.3900588986
-3127.3896100711
-3127.3898840650
-3127.3901019488
-3127.3901233459
-3127.3898547758
-3127.3899974076
-3127.3900353035
-3127.3901515540
-3127.3899757910
-3127.3901222572
-3127.3900749794
-3127.3901121727
-3127.3897559675
-3127.3898018329
-3127.3900781218
-3127.3897684645
-3127.3900991898
-3127.3897679031
-3127.3898461832
-3127.3902547828
-3127.3894174737
-3127.3901919050
-3127.3897605819
-3127.3896504251
-3127.3900238140
-3127.3895936575
-3127.3898086525
-3127.3899909218
-3127.3898867226
-3127.3906171455
-3127.3901409940
-3127.3897994123
-3127.3900169034
-3127.3898560312
-3127.3900273433
-3127.3900071909
-3127.3897986111
-3127.3899213619
-3127.3901064137
-3127.3901093790
-3127.3901799868
-3127.3900228342
-3127.3902470064
-3127.3900101245
-3127.3901399748
-3127.3900490433
-3127.3897579741
-3127.3899976481
-3127.3900625887
-3127.3900579044
-3127.3897732453
-3127.3898735091
-3127.3898819856
-3127.3899025963
-3127.3899764885
-3127.3896538333
-3127.3895629147
-3127.3900907304
-3127.3902611922
-3127.3902088075
-3127.3897590494
-3127.3899732385
-3127.3902432027
-3127.3898936963
-3127.3898400056
-3127.3900846721
-3127.3904071671
-3127.3896175653
-3127.3902353168
-3127.3899474281
-3127.3898411404
-3127.3905379976
-3127.3901367099
-3127.3898602495
-3127.3898978303
-3127.3900101973
-3127.3901565596
-3127.3896550255
-3127.3896182274
-3127.3901480240
-3127.3902851773
-3127.3901648103
-3127.3899722868
-3127.3899626403
-3127.3902647540
-3127.3901112313
-3127.3902946366
-3127.3897517512
-3127.3900836131
-3127.3898716768
-3127.3896503758
-3127.3901611494
-3127.3895842878
-3127.3901568130
-3127.3900177220
-3127.3901335149
-3127.3898642977
-3127.3901869781
-3127.3898776841
-3127.3901005396
-3127.3899400650
-3127.3900917434
-3127.3897492094
-3127.3898034812
-3127.3899849483
-3127.3901015965
-3127.3898302267
-3127.3898587128
-3127.3897538758
-3127.3898421015
-3127.3898088806
-3127.3899502937
-3127.3896114991
-3127.3898557159
-3127.3897535788
-3127.3902735473
-3127.3897999252
-3127.3899666873
-3127.3899827977
-3127.3896912848
-3127.3899174254
-3127.3897251695
-3127.3902817224
-3127.3897001891
-3127.3903128971
-3127.3897531823
-3127.3900836230
-3127.3898724089
-3127.3899799351
-3127.3900059468
-3127.3899045797
-3127.3900523765
-3127.3899532928
-3127.3897159127
-3127.3895746214
-3127.3902373309
-3127.3898687404
-3127.3896953770
-3127.3899292035
-3127.3900356523
-3127.3900452659
-3127.3898871692
-3127.3899678391
-3127.3899147579
-3127.3898748496
-3127.3900445526
-3127.3900475413
-3127.3899796417
-3127.3897783263
-3127.3898418199
-3127.3899742824
-3127.3902409541
-3127.3901346203
-3127.3900749070
-3127.3896671219
-3127.3898374497
-3127.3899538182
-3127.3901370303
-3127.3898657100
-3127.3901283520
-3127.3898201843
-3127.3900292171
-3127.3901765042
-3127.3898969391
-3127.3899570216
-3127.3906207478
-3127.3902066602
-3127.3897374693
-3127.3899844334
-3127.3900216001
-3127.3905810942
-3127.3895531264
-3127.3899904880
-3127.3898135758
-3127.3901669360
-3127.3899357639
-3127.3896151207
-3127.3898659601
-3127.3897284623
-3127.3902905507
-3127.3901833123
-3127.3898528412
-3127.3898115439
-3127.3899343517
-3127.3896024228
-3127.3896513017
-3127.3901465675
-3127.3898362640
-3127.3899554544
-3127.3897106225
-3127.3897832501
-3127.3895654858
-3127.3894638546
-3127.3900973427
-3127.3898434624
-3127.3896597823
-3127.3899451031
-3127.3900079767
-3127.3901196431
-3127.3899540461
-3127.3897810470
-3127.3897832526
-3127.3900505537
-3127.3903202434
-3127.3906181150
-3127.3896516734
-3127.3900503011
-3127.3900401965
-3127.3897142538
-3127.3895577905
-3127.3900301343
-3127.3901873371
-3127.3903142707
-3127.3900460716
-3127.3899699217
-3127.3904809167
-3127.3900450426
-3127.3898982512
-3127.3895807010
-3127.3897379660
-3127.3899868554
-3127.3901792497
-3127.3896382167
-3127.3901085651
-3127.3895758508
-3127.3895487970
-3127.3898060404
-3127.3902292290
-3127.3898722042
-3127.3897226933
-3127.3900449543
-3127.3897325019
-3127.3902830707
-3127.3899750972
-3127.3898319118
-3127.3903522549
-3127.3896169234
-3127.3902998049
-3127.3901857485
-3127.3896276740
-3127.3895441221
-3127.3895956284
-3127.3897710298
-3127.3901904198
-3127.3900134036
-3127.3899250026
-3127.3902380703
-3127.3899638364
-3127.3899676338
-3127.3899708874
-3127.3898422499
-3127.3899101409
-3127.3903515099
-3127.3900004240
-3127.3898296714
-3127.3897441362
-3127.3898062159
-3127.3901532982
-3127.3898270291
-3127.3898818033
-3127.3899480797
-3127.3900377381
-3127.3901829924
-3127.3901320510
-3127.3897312658
-3127.3899402444
-3127.3899104358
-3127.3901029413
-3127.3899159417
-3127.3898918569
-3127.3898071833
-3127.3901171841
-3127.3899905943
-3127.3899644534
-3127.3899553172
-3127.3900175614
-3127.3898969061
-3127.3903308445
-3127.3900810703
-3127.3898062596
-3127.3899186266
-3127.3899874730
-3127.3899176793
-3127.3896108033
-3127.3896253174
-3127.3897258450
-3127.3899154412
-3127.3899816795
-3127.3898459220
-3127.3895306924
-3127.3899384545
-3127.3896332370
-3127.3900381565
-3127.3901701353
-3127.3898427539
-3127.3897786508
-3127.3901705605
-3127.3896463886
-3127.3900303227
-3127.3901151209
-3127.3902212887
-3127.3899881434
-3127.3901131566
-3127.3899453317
-3127.3900247278
-3127.3900881210
-3127.3898835794
-3127.3901011522
-3127.3899979738
-3127.3902906751
-3127.3900580121
-3127.3899628668
-3127.3900830659
-3127.3900601539
-3127.3896471002
-3127.3898004281
-3127.3898093876
-3127.3901572717
-3127.3902035316
-3127.3899229688
-3127.3900478104
-3127.3899766006
-3127.3897953776
-3127.3900497450
-3127.3898898417
-3127.3898749965
-3127.3900875224
-3127.3898708790
-3127.3895953254
-3127.3903561145
-3127.3900058455
-3127.3899438553
-3127.3899556163
-3127.3903282244
-3127.3895451006
-3127.3901447676
-3127.3899553013
-3127.3897958977
-3127.3898821100
-3127.3898204269
-3127.3899534812
-3127.3897722279
-3127.3898327235
-3127.3901786916
-3127.3903544754
-3127.3902433214
-3127.3899787987
-3127.3901663904
-3127.3899264721
-3127.3897710062
-3127.3900796294
-3127.3899633988
-3127.3901432458
-3127.3899443157
-3127.3901662398
-3127.3898389398
-3127.3899838256
-3127.3899372623
-3127.3899496707
-3127.3896038882
-3127.3902494367
-3127.3900167153
-3127.3902111334
-3127.3900253991
-3127.3903062833
-3127.3896991654
-3127.3898851690
-3127.3897565419
-3127.3902709569
-3127.3901151344
-3127.3899034692
-3127.3899304688
-3127.3899113324
-3127.3895267411
-3127.3900679833
-3127.3906177646
-3127.3897981752
-3127.3903404966
-3127.3896829538
-3127.3896218175
-3127.3897150995
-3127.3897183509
-3127.3893941294
-3127.3900881167
-3127.3897250175
-3127.3904839914
-3127.3895603390
-3127.3901163637
-3127.3897715859
-3127.3901790039
-3127.3902031493
-3127.3900436731
-3127.3900398553
-3127.3900576815
-3127.3896713574
-3127.3903739846
-3127.3899101987
-3127.3899030661
-3127.3898089814
-3127.3901014191
-3127.3899773020
-3127.3900395566
-3127.3895838021
-3127.3901373085
-3127.3898225697
-3127.3898265854
-3127.3896446607
-3127.3902973746
-3127.3898697935
-3127.3901464434
-3127.3897647104
-3127.3901194160
-3127.3894459720
-3127.3898870712
-3127.3900518305
-3127.3894350016
-3127.3902260148
-3127.3901460666
-3127.3897594709
-3127.3897048944
-3127.3900748791
-3127.3898108525
-3127.3898474513
-3127.3902435348
-3127.3900188601
-3127.3898243161
-3127.3900865728
-3127.3903313118
-3127.3898164130
-3127.3901174573
-3127.3901152112
-3127.3897857180
-3127.3899761252
-3127.3899032476
-3127.3897132902
-3127.3898743769
-3127.3899277566
-3127.3899438076
-3127.3897767489
-3127.3900715368
-3127.3900352934
-3127.3895405793
-3127.3900344843
-3127.3899407606
-3127.3898670412
-3127.3897255783
-3127.3902070933
-3127.3900148965
-3127.3900811116
-3127.3897123125
-3127.3900038953
-3127.3898122683
-3127.3898203037
-3127.3902221342
-3127.3903420222
-3127.3900683192
-3127.3901743286
-3127.3900772292
-3127.3897997245
-3127.3894787571
-3127.3898106751
-3127.3901345662
-3127.3897645320
-3127.3900218027
-3127.3895425632
-3127.3897231230
-3127.3899611089
-3127.3900564199
-3127.3897916293
-3127.3897471077
-3127.3895132984
-3127.3898723146
-3127.3897265223
-3127.3900288424
-3127.3898260261
-3127.3898029983
-3127.3904085437
-3127.3900160780
-3127.3898942786
-3127.3898648562
-3127.3899513500
-3127.3898285382
-3127.3898199462
-3127.3899792149
-3127.3899944154
-3127.3898544392
-3127.3896935012
-3127.3899411918
-3127.3898910478
-3127.3902310921
-3127.3899235717
-3127.3899812926
-3127.3897200492
-3127.3906214433
-3127.3900713430
-3127.3899108766
-3127.3901487875
-3127.3900349821
-3127.3906475215
-3127.3900267733
-3127.3897212467
-3127.3898844915
-3127.3901195986
-3127.3898618414
-3127.3906189054
-3127.3898169470
-3127.3896657090
-3127.3897356022
-3127.3900835194
-3127.3901179610
-3127.3898674209
-3127.3900713979
-3127.3897056694
-3127.3896180326
-3127.3900749144
-3127.3899874251
-3127.3897987619
-3127.3898855083
-3127.3900960068
-3127.3898733010
-3127.3901550441
-3127.3899847039
-3127.3897795609
-3127.3896443248
-3127.3903180134
-3127.3894230819
-3127.3899032880
-3127.3902524070
-3127.3899631283
-3127.3899830642
-3127.3899832772
-3127.3900676022
-3127.3899569037
-3127.3899904248
-3127.3897767801
-3127.3899595558
-3127.3898208076
-3127.3899290336
-3127.3898622137
-3127.3900331017
-3127.3897539289
-3127.3898146588
-3127.3906142920
-3127.3899378330
-3127.3900831397
-3127.3902128094
-3127.3897624550
-3127.3898201871
-3127.3897966890
-3127.3899947875
-3127.3897185119
-3127.3898317927
-3127.3900359093
-3127.3898806641
-3127.3896227058
-3127.3904428713
-3127.3898989021
-3127.3903389406
-3127.3903294072
-3127.3896183562
-3127.3901588780
-3127.3903761136
-3127.3899896051
-3127.3898520748
-3127.3899443163
-3127.3898908689
-3127.3902139830
-3127.3897318231
-3127.3899516408
-3127.3897783330
-3127.3904407349
-3127.3898731604
-3127.3899150392
-3127.3901043649
-3127.3897668717
-3127.3897331491
-3127.3901588952
-3127.3904712080
-3127.3901283347
-3127.3902279342
-3127.3906090106
-3127.3898616326
-3127.3899553533
-3127.3901593488
-3127.3897611990
-3127.3898460205
-3127.3899998032
-3127.3899350715
-3127.3905890762
-3127.3899698849
-3127.3901124919
-3127.3895766624
-3127.3899232638
-3127.3896575648
-3127.3899101797
-3127.3898520160
-3127.3900354329
-3127.3896762576
-3127.3897096061
-3127.3899422994
-3127.3896843841
-3127.3900881767
-3127.3897990642
-3127.3897535767
-3127.3900622341
-3127.3897554264
-3127.3901634898
-3127.3900076708
-3127.3898629999
-3127.3902819888
-3127.3899209743
-3127.3898681267
-3127.3898315287
-3127.3900699802
-3127.3897913048
-3127.3897100169
-3127.3900805616
-3127.3898549481
-3127.3898636534
-3127.3901023020
-3127.3902216503
-3127.3898647262
-3127.3899128490
-3127.3899084957
-3127.3898894829
-3127.3900494465
-3127.3894847299
-3127.3899830101
-3127.3896758538
-3127.3902333461
-3127.3896516251
-3127.3900467053
-3127.3901987462
-3127.3901030411
-3127.3900719870
-3127.3898225808
-3127.3897690863
-3127.3894532552
-3127.3897931546
-3127.3897369920
-3127.3897982409
-3127.3901385768
-3127.3900266620
-3127.3901282300
-3127.3901165901
-3127.3895639273
-3127.3898482027
-3127.3898994951
-3127.3899431626
-3127.3898819622
-3127.3902985675
-3127.3900004610
-3127.3897494297
-3127.3899290350
-3127.3898035275
-3127.3898334587
-3127.3896072112
-3127.3898779054
-3127.3899609069
-3127.3900294865
-3127.3900956366
-3127.3901566471
-3127.3897003818
-3127.3899535411
-3127.3900748424
-3127.3898826671
-3127.3898629020
-3127.3898815805
-3127.3899508430
-3127.3900660563
-3127.3905855471
-3127.3901215392
-3127.3902042335
-3127.3899019686
-3127.3897944386
-3127.3903291972
-3127.3899571903
-3127.3897913754
-3127.3900593251
-3127.3898935360
-3127.3906360111
-3127.3900692921
-3127.3902450495
-3127.3900862307
-3127.3897129517
-3127.3905999289
-3127.3901427058
-3127.3901778440
-3127.3902100582
-3127.3900888220
-3127.3900033614
-3127.3901163350
-3127.3902540775
-3127.3901850237
-3127.3899407897
-3127.3899276140
-3127.3900383794
-3127.3902621413
-3127.3895817750
-3127.3901366052
-3127.3906145299
-3127.3900282291
-3127.3901374867
-3127.3898282617
-3127.3898511243
-3127.3900515032
-3127.3896312841
-3127.3901291810
-3127.3898376550
-3127.3900912983
-3127.3900122725
-3127.3897518806
-3127.3900081636
-3127.3898751594
-3127.3898209047
-3127.3899144780
-3127.3899041110
-3127.3899108831
-3127.3900577267
-3127.3900115551
-3127.3899234231
-3127.3897671258
-3127.3900367935
-3127.3900463520
-3127.3899035540
-3127.3897725406
-3127.3897394076
-3127.3897699071
-3127.3902013169
-3127.3899877527
-3127.3896305166
-3127.3899149372
-3127.3896319061
-3127.3900041117
-3127.3900125435
-3127.3899183649
-3127.3899802348
-3127.3896370269
-3127.3897031238
-3127.3898109486
-3127.3899886657
-3127.3898822908
-3127.3901303095
-3127.3899451714
-3127.3898830095
-3127.3899053592
-3127.3898616184
-3127.3900289571
-3127.3898923759
-3127.3895889724
-3127.3901057823
-3127.3896821081
-3127.3899216299
-3127.3898551939
-3127.3901407493
-3127.3897710386
-3127.3897698094
-3127.3896892075
-3127.3897405721
-3127.3900839953
-3127.3898703548
-3127.3900392088
-3127.3899529375
-3127.3903383521
-3127.3901775370
-3127.3895702664
-3127.3898169659
-3127.3899284710
-3127.3900657970
-3127.3898928062
-3127.3899729486
-3127.3900015885
-3127.3900787201
-3127.3898067884
-3127.3898596411
-3127.3906007909
-3127.3897513513
-3127.3900083872
-3127.3900560042
-3127.3901492520
-3127.3901408923
-3127.3902161007
-3127.3895118133
-3127.3900341941
-3127.3898539317
-3127.3897302806
-3127.3899620847
-3127.3899645510
-3127.3898488047
-3127.3898748154
-3127.3900521611
-3127.3896265995
-3127.3898744948
-3127.3898343957
-3127.3898799793
-3127.3901938272
-3127.3897463950
-3127.3895640574
-3127.3899736841
-3127.3899589982
-3127.3897988138
-3127.3898872784
-3127.3897179043
-3127.3899707099
-3127.3897097694
-3127.3898719073
-3127.3897989296
-3127.3901422767
-3127.3899412901
-3127.3896663536
-3127.3906293520
-3127.3901698727
-3127.3897412393
-3127.3898313708
-3127.3902826026
-3127.3896140210
-3127.3899617824
-3127.3900207612
-3127.3900443912
-3127.3900013338
-3127.3901444974
-3127.3900274119
-3127.3896351115
-3127.3897304758
-3127.3901391046
-3127.3901147677
-3127.3899902660
-3127.3895601135
-3127.3897775763
-3127.3904295678
-3127.3897760425
-3127.3898370429
-3127.3897535464
-3127.3901830082
-3127.3898515834
-3127.3898455597
-3127.3898203907
-3127.3899077370
-3127.3903313518
-3127.3899753286
-3127.3898112939
-3127.3900296668
-3127.3899214365
-3127.3901055395
-3127.3899364451
-3127.3901227894
-3127.3904267073
-3127.3895455905
-3127.3898450933
-3127.3902789701
-3127.3903377209
-3127.3901716386
-3127.3900081871
-3127.3899425794
-3127.3901161673
-3127.3899285945
-3127.3898233291
-3127.3901425628
-3127.3901131521
-3127.3897784137
-3127.3906009966
-3127.3901208318
-3127.3896238929
-3127.3899621534
-3127.3903155491
-3127.3897066184
-3127.3898329020
-3127.3897965801
-3127.3906083141
-3127.3899712455
-3127.3898095303
-3127.3899964337
-3127.3894711607
-3127.3896355691
-3127.3899119347
-3127.3901910661
-3127.3905952262
-3127.3902576510
-3127.3899905897
-3127.3899568778
-3127.3896714795
-3127.3898648340
-3127.3901644642
-3127.3899290229
-3127.3900392220
-3127.3897101090
-3127.3897175174
-3127.3899584354
-3127.3900392532
-3127.3903923865
-3127.3900303504
-3127.3897394471
-3127.3899813878
-3127.3896529232
-3127.3901058188
-3127.3897826820
-3127.3903386788
-3127.3896897504
-3127.3900945145
-3127.3899597064
-3127.3897685848
-3127.3900969169
-3127.3898036164
-3127.3896949094
-3127.3900229501
-3127.3899461565
-3127.3900590911
-3127.3898599574
-3127.3901227757
-3127.3898611665
-3127.3900500033
-3127.3896450135
-3127.3894681421
-3127.3900425754
-3127.3896605814
-3127.3900614375
-3127.3899856396
-3127.3896468756
-3127.3901135551
-3127.3897627677
-3127.3899051971
-3127.3899236654
-3127.3901841696
-3127.3906076097
-3127.3899882573
-3127.3900332381
-3127.3899066205
-3127.3899711816
-3127.3898679582
-3127.3899270067
-3127.3899965313
-3127.3899406770
-3127.3897390220
-3127.3899594524
-3127.3902827711
-3127.3898032982
-3127.3902256460
-3127.3903097125
-3127.3901421311
-3127.3900707032
-3127.3903428324
-3127.3897051221
-3127.3899923987
-3127.3899541041
-3127.3899181368
-3127.3900060664
-3127.3899479559
-3127.3901078818
-3127.3901230016
-3127.3899888971
-3127.3898567364
-3127.3901023959
-3127.3902362754
-3127.3898106325
-3127.3899320053
-3127.3900458867
-3127.3897641623
-3127.3901441764
-3127.3901281500
-3127.3902481119
-3127.3900089600
-3127.3896281610
-3127.3899043413
-3127.3900070543
-3127.3896931481
-3127.3899949955
-3127.3898361959
-3127.3900025936
-3127.3900262588
-3127.3897818612
-3127.3898792703
-3127.3895610723
-3127.3897694106
-3127.3903438269
-3127.3895249162
-3127.3898116573
-3127.3897005362
-3127.3896126732
-3127.3900467796
-3127.3900006057
-3127.3899888521
-3127.3905920020
-3127.3900872740
-3127.3893959764
-3127.3895830416
-3127.3901714279
-3127.3897981366
-3127.3897817144
-3127.3899825070
-3127.3898630674
-3127.3899133017
-3127.3898329930
-3127.3901015217
-3127.3897336627
-3127.3898229762
-3127.3899157897
-3127.3903223005
-3127.3900354697
-3127.3897428170
-3127.3906162073
-3127.3900260456
-3127.3900863449
-3127.3901627913
-3127.3904018469
-3127.3900201253
-3127.3897957254
-3127.3902363514
-3127.3902784000
-3127.3899904022
-3127.3906207749
-3127.3902897432
-3127.3898412267
-3127.3902673172
-3127.3899248926
-3127.3901180566
-3127.3900803282
-3127.3900768660
-3127.3895617565
-3127.3899911057
-3127.3896578344
-3127.3897684319
-3127.3902253044
-3127.3901406127
-3127.3899861354
-3127.3896178747
-3127.3898969340
-3127.3902677582
-3127.3901309280
-3127.3898769541
-3127.3895070082
-3127.3899463933
-3127.3902160310
-3127.3898660619
-3127.3900897444
-3127.3899268750
-3127.3898769584
-3127.3899152766
-3127.3897330939
-3127.3899391846
-3127.3901515570
-3127.3905890832
-3127.3895508103
-3127.3902580212
-3127.3901524584
-3127.3897756791
-3127.3899292161
-3127.3897409531
-3127.3902173454
-3127.3900813762
-3127.3897672342
-3127.3896115700
-3127.3902551435
-3127.3902776635
-3127.3900432672
-3127.3896591883
-3127.3899991571
-3127.3901051116
-3127.3899291857
-3127.3898810884
-3127.3898393023
-3127.3897400722
-3127.3899477544
-3127.3900354720
-3127.3895269140
-3127.3900240160
-3127.3897148032
-3127.3902046836
-3127.3905934868
-3127.3897362972
-3127.3901162982
-3127.3901622590
-3127.3900450825
-3127.3898567128
-3127.3900383655
-3127.3899330699
-3127.3902271500
-3127.3897391995
-3127.3900332409
-3127.3900193294
-3127.3898770141
-3127.3898440603
-3127.3897480792
-3127.3901690532
-3127.3896925004
-3127.3899186976
-3127.3897615844
-3127.3897442908
-3127.3898412366
-3127.3899387117
-3127.3900160914
-3127.3899567255
-3127.3897547870
-3127.3897997227
-3127.3897840211
-3127.3902215769
-3127.3898899490
-3127.3902903049
-3127.3899067845
-3127.3900523311
-3127.3899823190
-3127.3897467482
-3127.3898354797
-3127.3899001656
-3127.3900727011
-3127.3900144746
-3127.3900371224
-3127.3896188599
-3127.3900949305
-3127.3896324281
-3127.3903468263
-3127.3900358050
-3127.3899139258
-3127.3902201979
-3127.3900239977
-3127.3901710756
-3127.3905969206
-3127.3896510998
-3127.3899456131
-3127.3901462819
-3127.3898264197
-3127.3897809057
-3127.3900430201
-3127.3898972078
-3127.3897406467
-3127.3900694621
-3127.3901024056
-3127.3903248929
-3127.3898391639
-3127.3899786016
-3127.3896858420
-3127.3898055014
-3127.3898246177
-3127.3904532210
-3127.3901380280
-3127.3901869948
-3127.3896300965
-3127.3898414231
-3127.3899296940
-3127.3899982861
-3127.3901331027
-3127.3902999244
-3127.3901156280
-3127.3898542206
-3127.3903405654
-3127.3898442043
-3127.3900408571
-3127.3897128471
-3127.3904052908
-3127.3896673392
-3127.3899904805
-3127.3901187898
-3127.3901192228
-3127.3903755435
-3127.3894099608
-3127.3900782463
-3127.3900546273
-3127.3899421370
-3127.3899710990
-3127.3900942361
-3127.3896670716
-3127.3901490108
-3127.3895887865
-3127.3902323606
-3127.3894956508
-3127.3898242078
-3127.3903839479
-3127.3901081748
-3127.3895974179
-3127.3905999709
