-964.4143198579
-964.4173524849
-964.4086683605
-964.4135007820
-964.4125585177
-964.4163068504
-964.4150466577
-964.4096491348
-964.4078176633
-964.4173987779
-964.4252297990
-964.4258215259
-964.4253533836
-964.4258832205
-964.4257373454
-964.4254297507
-964.4252009890
-964.4252272234
-964.4252698646
-964.4255375914
-964.4252397240
-964.4253096633
-964.4251985500
-964.4252133930
-964.4249511871
-964.4250493104
-964.4253272803
-964.4256304193
-964.4260001485
-964.4260519993
-964.4259574205
-964.4259925376
-964.4257407981
-964.4257733508
-964.4257462619
-964.4257731177
-964.4257566896
-964.4258060920
-964.4257838924
-964.4258214740
-964.4257634526
-964.4257950670
-964.4257636416
-964.4257573692
-964.4258026394
-964.4257631336
-964.4257761395
-964.4257643853
-964.4257598007
-964.4257985524
-964.4257828893
-964.4257861390
-964.4254999677
-964.4254493868
-964.4253268582
-964.4253305629
-964.4252948396
-964.4256768243
-964.4254680425
-964.4256202587
-964.4250413341
-964.4252351723
-964.4254189878
-964.4255268161
-964.4252226485
-964.4254139352
-964.4254407399
-964.4252740827
-964.4257497030
-964.4257489919
-964.4257544770
-964.4257593883
-964.4257366052
-964.4257404618
-964.4257736709
-964.4257634622
-964.4257788959
-964.4257545055
-964.4257960899
-964.4257799454
-964.4257441705
-964.4257603245
-964.4258280792
-964.4257853448
-964.4257628514
-964.4257732383
-964.4257782742
-964.4258230324
-964.4257932683
-964.4254035188
-964.4256448138
-964.4253325573
-964.4254296850
-964.4254627884
-964.4251328992
-964.4255714978
-964.4255850693
-964.4255649864
-964.4253103555
-964.4253644082
-964.4254143024
-964.4252798766
-964.4251898949
-964.4253592100
-964.4253521194
-964.4256088241
-964.4251783448
-964.4254938793
-964.4253629305
-964.4255294714
-964.4257811318
-964.4253473279
-964.4251532152
-964.4254060529
-964.4255758212
-964.4253116471
-964.4255004813
-964.4255713361
-964.4257372077
-964.4252852189
-964.4254397515
-964.4253697417
-964.4255968024
-964.4254978412
-964.4254990118
-964.4254401306
-964.4253645730
-964.4253939932
-964.4254340571
-964.4252618904
-964.4255368461
-964.4254178126
-964.4254548764
-964.4254880127
-964.4253734213
-964.4252594761
-964.4252626658
-964.4251832102
-964.4252390414
-964.4252474939
-964.4254255436
-964.4253657045
-964.4250546599
-964.4253630576
-964.4255215961
-964.4253995612
-964.4253879270
-964.4255791786
-964.4259854830
-964.4255669597
-964.4252557520
-964.4250051417
-964.4253093495
-964.4252110958
-964.4251658734
-964.4253687352
-964.4255992131
-964.4252905540
-964.4252284935
-964.4253896263
-964.4257950185
-964.4255392409
-964.4253484922
-964.4253507040
-964.4250985382
-964.4253062613
-964.4254668625
-964.4253828623
-964.4255296068
-964.4256432578
-964.4253307996
-964.4253778191
-964.4252256521
-964.4253162204
-964.4253210932
-964.4253268814
-964.4252453302
-964.4255012700
-964.4252997402
-964.4254744849
-964.4254405205
-964.4258055347
-964.4254839898
-964.4257950249
-964.4251789294
-964.4251469392
-964.4253612419
-964.4255520643
-964.4253813968
-964.4252095118
-964.4253417867
-964.4254260761
-964.4250901597
-964.4255994243
-964.4254058748
-964.4251169443
-964.4255143402
-964.4254772876
-964.4256644988
-964.4253578549
-964.4252755952
-964.4253408892
-964.4253532946
-964.4259959930
-964.4253554644
-964.4252834810
-964.4253902303
-964.4254084924
-964.4251591252
-964.4254804705
-964.4252101600
-964.4257594970
-964.4252895194
-964.4257767946
-964.4255352172
-964.4254193156
-964.4253377792
-964.4253843680
-964.4254182754
-964.4254179216
-964.4251904832
-964.4252635938
-964.4256584911
-964.4253794976
-964.4252871700
-964.4255848773
-964.4253348973
-964.4252624764
-964.4253795855
-964.4253882486
-964.4251967830
-964.4254066641
-964.4254231684
-964.4257504580
-964.4251317300
-964.4257325107
-964.4253982243
-964.4253417569
-964.4254668761
-964.4256214711
-964.4253418618
-964.4253583008
-964.4257619543
-964.4253265562
-964.4252607553
-964.4254962211
-964.4255330005
-964.4257918572
-964.4254264872
-964.4258642823
-964.4258591201
-964.4258497475
-964.4253946744
-964.4253968667
-964.4255014765
-964.4251619877
-964.4254733318
-964.4255973699
-964.4255564950
-964.4252666258
-964.4254126174
-964.4252638720
-964.4254546592
-964.4254467132
-964.4254747184
-964.4254901869
-964.4254977355
-964.4254407313
-964.4253889059
-964.4254102562
-964.4257264090
-964.4252504778
-964.4254908396
-964.4254366230
-964.4254871294
-964.4255049314
-964.4254696856
-964.4255962243
-964.4254030692
-964.4252932980
-964.4253742163
-964.4252148323
-964.4251967273
-964.4253986725
-964.4255226142
-964.4253517009
-964.4255190421
-964.4254342746
-964.4253454557
-964.4255866280
-964.4254619213
-964.4254481916
-964.4254860940
-964.4256521455
-964.4255693681
-964.4252698862
-964.4252954809
-964.4256311326
-964.4250587810
-964.4258040215
-964.4255058327
-964.4254452088
-964.4251797752
-964.4252963725
-964.4253522215
-964.4257784219
-964.4254999752
-964.4253014912
-964.4253873546
-964.4252956035
-964.4254246250
-964.4253838061
-964.4252328516
-964.4256550930
-964.4253030123
-964.4253492900
-964.4255050871
-964.4253826800
-964.4258967488
-964.4253792753
-964.4254005000
-964.4253445983
-964.4255887518
-964.4254118590
-964.4253351594
-964.4254702242
-964.4254161540
-964.4254380961
-964.4250998539
-964.4252398090
-964.4255758449
-964.4252939319
-964.4258963177
-964.4253999103
-964.4252647942
-964.4257617867
-964.4255238080
-964.4253486819
-964.4254155134
-964.4253613291
-964.4254361109
-964.4255416877
-964.4255342493
-964.4254437079
-964.4256790997
-964.4252287787
-964.4255517589
-964.4253977218
-964.4252503562
-964.4253786257
-964.4255611736
-964.4252888854
-964.4253343457
-964.4252788152
-964.4255370121
-964.4253006119
-964.4255317926
-964.4256673423
-964.4253354482
-964.4252258232
-964.4252364336
-964.4255092954
-964.4254413540
-964.4253581342
-964.4254563473
-964.4253531125
-964.4253120898
-964.4253801338
-964.4251145942
-964.4253352140
-964.4254583174
-964.4252933114
-964.4252298964
-964.4253951011
-964.4256278952
-964.4255264326
-964.4253614511
-964.4257296913
-964.4254098329
-964.4256026810
-964.4252460058
-964.4255117171
-964.4255816759
-964.4251747749
-964.4254383386
-964.4252603769
-964.4254734450
-964.4255543847
-964.4253926920
-964.4252710408
-964.4254560709
-964.4254142158
-964.4254617937
-964.4253533180
-964.4252625958
-964.4252266119
-964.4250611930
-964.4257755079
-964.4254323707
-964.4253085762
-964.4254352597
-964.4253761502
-964.4253759560
-964.4254651105
-964.4252634926
-964.4253599857
-964.4253238169
-964.4251841414
-964.4256959266
-964.4252768319
-964.4251423889
-964.4252663514
-964.4255572904
-964.4254902804
-964.4254730390
-964.4254769715
-964.4257773915
-964.4253228710
-964.4256828828
-964.4250392872
-964.4254417244
-964.4252919346
-964.4253368742
-964.4256272401
-964.4253899814
-964.4252096490
-964.4253712260
-964.4251989830
-964.4251141647
-964.4254331052
-964.4254213463
-964.4253652973
-964.4251442974
-964.4254699231
-964.4253260708
-964.4252724315
-964.4254491033
-964.4253193407
-964.4253814224
-964.4256351307
-964.4254328408
-964.4252657750
-964.4253744528
-964.4255205999
-964.4253642258
-964.4257848908
-964.4254791767
-964.4257120275
-964.4253644106
-964.4250406796
-964.4254294533
-964.4254439726
-964.4254827738
-964.4256139483
-964.4254373075
-964.4254125357
-964.4251450911
-964.4253437730
-964.4254865757
-964.4252587515
-964.4256096590
-964.4252241242
-964.4252072835
-964.4253959228
-964.4253062886
-964.4254465690
-964.4253900868
-964.4258133469
-964.4253461259
-964.4252819917
-964.4254102536
-964.4255918764
-964.4254998765
-964.4254913129
-964.4252426443
-964.4253434166
-964.4255706750
-964.4257083676
-964.4255740199
-964.4254566037
-964.4254168979
-964.4251951034
-964.4254313203
-964.4256978730
-964.4253692362
-964.4253814115
-964.4254553245
-964.4254558478
-964.4254680670
-964.4254363444
-964.4254826645
-964.4254043195
-964.4254681343
-964.4253229584
-964.4253100146
-964.4252418623
-964.4253190100
-964.4252364557
-964.4251911355
-964.4252075060
-964.4255878288
-964.4256850470
-964.4256150760
-964.4252773573
-964.4254263970
-964.4257735779
-964.4254493725
-964.4255376363
-964.4252512350
-964.4253724361
-964.4252891712
-964.4251729662
-964.4254207545
-964.4254283384
-964.4256382753
-964.4253917655
-964.4254091331
-964.4254873685
-964.4253499880
-964.4254239622
-964.4257976385
-964.4253572916
-964.4254757917
-964.4251602243
-964.4254557392
-964.4255522640
-964.4257616557
-964.4253657507
-964.4257209686
-964.4253029189
-964.4254398668
-964.4253049601
-964.4258338027
-964.4255651771
-964.4253574772
-964.4257749450
-964.4252128601
-964.4254178401
-964.4253494251
-964.4257770314
-964.4253455079
-964.4255234245
-964.4256410666
-964.4253128566
-964.4254256950
-964.4255388778
-964.4253124917
-964.4253969389
-964.4254833192
-964.4253778089
-964.4253430383
-964.4253940829
-964.4252751897
-964.4252890608
-964.4258134566
-964.4254134768
-964.4254232109
-964.4255813885
-964.4256580224
-964.4252814772
-964.4253801837
-964.4325521975
-964.4253749046
-964.4253776873
-964.4258475234
-964.4254814578
-964.4254118140
-964.4253820866
-964.4255987112
-964.4255880269
-964.4252974163
-964.4253711081
-964.4255460842
-964.4254659108
-964.4252643685
-964.4253273892
-964.4252938952
-964.4253774544
-964.4254656668
-964.4251731929
-964.4255259260
-964.4252056249
-964.4323631004
-964.4254498446
-964.4255236930
-964.4257758669
-964.4255117975
-964.4251454318
-964.4253803676
-964.4251578353
-964.4252457060
-964.4253745019
-964.4255282051
-964.4253632726
-964.4254413466
-964.4253486689
-964.4254611746
-964.4253875627
-964.4254570131
-964.4253213016
-964.4254915241
-964.4254457995
-964.4253823082
-964.4253222430
-964.4256290167
-964.4255305613
-964.4253647139
-964.4252892590
-964.4254727389
-964.4255696698
-964.4255233920
-964.4257490634
-964.4251400298
-964.4254909905
-964.4251701984
-964.4255229541
-964.4254297364
-964.4254229114
-964.4254368036
-964.4253656626
-964.4254315171
-964.4254314665
-964.4254601350
-964.4257665323
-964.4254183257
-964.4253250870
-964.4254798182
-964.4253861123
-964.4254881386
-964.4253441554
-964.4252611002
-964.4253450698
-964.4251776208
-964.4253628922
-964.4257794367
-964.4254164472
-964.4253174436
-964.4255468659
-964.4325601932
-964.4253244766
-964.4254962454
-964.4254910344
-964.4255011445
-964.4254085212
-964.4252756917
-964.4253485917
-964.4253166488
-964.4255218268
-964.4255501979
-964.4251935226
-964.4254611698
-964.4253812681
-964.4252680216
-964.4253989213
-964.4252495945
-964.4253936181
-964.4255777482
-964.4256673217
-964.4255307540
-964.4256393295
-964.4255679487
-964.4256643216
-964.4253687900
-964.4251032501
-964.4250532676
-964.4253907322
-964.4252924619
-964.4255052399
-964.4251496894
-964.4253877382
-964.4253470335
-964.4255443958
-964.4253663294
-964.4254775715
-964.4257502331
-964.4252539750
-964.4254786176
-964.4254550204
-964.4254112554
-964.4251617935
-964.4253603697
-964.4252767550
-964.4252929579
-964.4251614208
-964.4252459693
-964.4254110402
-964.4254113273
-964.4253336933
-964.4255300924
-964.4253669666
-964.4256123043
-964.4252935146
-964.4254013216
-964.4253664770
-964.4252215719
-964.4253062275
-964.4254233193
-964.4253388668
-964.4252570763
-964.4253969173
-964.4254508280
-964.4253365066
-964.4253706731
-964.4252478226
-964.4254109814
-964.4256164020
-964.4257768758
-964.4251889003
-964.4253995346
-964.4257412458
-964.4253076081
-964.4251257462
-964.4253497527
-964.4253796456
-964.4253452553
-964.4253719450
-964.4255147145
-964.4253439626
-964.4257718705
-964.4252481906
-964.4252845968
-964.4252278626
-964.4253712572
-964.4253851277
-964.4254217270
-964.4257196947
-964.4252563864
-964.4254503673
-964.4255468175
-964.4251912325
-964.4255440414
-964.4254023064
-964.4257042307
-964.4255300997
-964.4254231534
-964.4254071569
-964.4254993352
-964.4253616012
-964.4254252969
-964.4250245177
-964.4255142871
-964.4252200289
-964.4259505530
-964.4256359629
-964.4251568094
-964.4254378885
-964.4252984752
-964.4254809753
-964.4254586927
-964.4256150961
-964.4254665663
-964.4255398774
-964.4257263409
-964.4252779009
-964.4253591125
-964.4259169812
-964.4252584625
-964.4253004480
-964.4253400569
-964.4253697972
-964.4253433149
-964.4256212643
-964.4253089051
-964.4253971862
-964.4251239357
-964.4253357719
-964.4255081825
-964.4254865438
-964.4253357954
-964.4253499157
-964.4254673178
-964.4252913847
-964.4251067070
-964.4254183772
-964.4254553131
-964.4253507778
-964.4253129014
-964.4254530862
-964.4252934993
-964.4253801270
-964.4254086541
-964.4255495696
-964.4253378288
-964.4255977118
-964.4258047562
-964.4252448480
-964.4252624406
-964.4256286203
-964.4250686434
-964.4253345529
-964.4256374611
-964.4257643711
-964.4254487332
-964.4253091057
-964.4252851868
-964.4253162169
-964.4254379533
-964.4257767877
-964.4252361289
-964.4254324846
-964.4253071738
-964.4253253718
-964.4256334698
-964.4253135996
-964.4252508898
-964.4253747943
-964.4257623096
-964.4252772547
-964.4257281718
-964.4254899914
-964.4253259743
-964.4252971376
-964.4250871002
-964.4252207131
-964.4253385558
-964.4253486822
-964.4253206647
-964.4255098469
-964.4250161605
-964.4254511702
-964.4256029770
-964.4255285271
-964.4253536763
-964.4253983355
-964.4253936805
-964.4251680973
-964.4252018442
-964.4254007506
-964.4254943817
-964.4252570176
-964.4251816646
-964.4255158364
-964.4257994539
-964.4253123994
-964.4254098974
-964.4253894029
-964.4255824490
-964.4251896029
-964.4256373115
-964.4254388853
-964.4255739948
-964.4252828314
-964.4254333030
-964.4253915742
-964.4260015715
-964.4256857796
-964.4255431026
-964.4255874455
-964.4253588206
-964.4252800892
-964.4254578475
-964.4254206780
-964.4252429688
-964.4253391209
-964.4254237514
-964.4254204767
-964.4253173923
-964.4249928304
-964.4252391850
-964.4253324812
-964.4252448264
-964.4250757387
-964.4257738189
-964.4251778486
-964.4254703977
-964.4252395233
-964.4255229955
-964.4255197869
-964.4253130046
-964.4257209314
-964.4254437089
-964.4252910909
-964.4252990171
-964.4252954121
-964.4254174591
-964.4254869388
-964.4251193423
-964.4253417983
-964.4252339335
-964.4253505615
-964.4252825981
-964.4254132754
-964.4253449637
-964.4259984751
-964.4257780826
-964.4254313777
-964.4254295302
-964.4253776046
-964.4253042160
-964.4253957208
-964.4254378721
-964.4258030092
-964.4252101973
-964.4250746238
-964.4254166464
-964.4255221127
-964.4253129534
-964.4254103089
-964.4251955103
-964.4253780596
-964.4257763724
-964.4254130810
-964.4256540918
-964.4254757170
-964.4254178700
-964.4253074176
-964.4253280300
-964.4254416143
-964.4255891303
-964.4254486260
-964.4254925392
-964.4253728740
-964.4254875743
-964.4256210659
-964.4254491770
-964.4254020787
-964.4255475284
-964.4253877579
-964.4257734577
-964.4257661707
-964.4254716751
-964.4257638793
-964.4252279168
-964.4252578602
-964.4258936188
-964.4254534705
-964.4252801634
-964.4254692738
-964.4253624024
-964.4257346799
-964.4254897185
-964.4254794334
-964.4255630626
-964.4255554441
-964.4257763279
-964.4252344492
-964.4253230613
-964.4249969778
-964.4254773767
-964.4252681869
-964.4253845011
-964.4253122590
-964.4252510208
-964.4253837990
-964.4254678808
-964.4254859305
-964.4253060532
-964.4253615940
-964.4255594829
-964.4324866487
-964.4254164894
-964.4251716390
-964.4252413740
-964.4254007579
-964.4258456174
-964.4254415512
-964.4255243253
-964.4257605261
-964.4253693722
-964.4254246412
-964.4253248579
-964.4253396392
-964.4255312787
-964.4255591884
-964.4255591946
-964.4253359756
-964.4253279020
-964.4257764100
-964.4254498630
-964.4251565142
-964.4252353570
-964.4252495636
-964.4254748974
-964.4253762316
-964.4255545645
-964.4254491059
-964.4253294450
-964.4254168162
-964.4252056168
-964.4252426009
-964.4253556417
-964.4254674592
-964.4252180581
-964.4253753390
-964.4253045050
-964.4254317942
-964.4253559446
-964.4258309179
-964.4254180724
-964.4254978100
-964.4256422729
-964.4253208695
-964.4253808460
-964.4252550494
-964.4255419154
-964.4251925304
-964.4254294267
-964.4255074632
-964.4254164049
-964.4253308910
-964.4254300571
-964.4253509162
-964.4252705492
-964.4254984580
-964.4252546240
-964.4253245838
-964.4251977998
-964.4253179107
-964.4253614221
-964.4254380349
-964.4253512660
-964.4253826679
-964.4252004352
-964.4255765647
-964.4253004706
-964.4249939854
-964.4257382450
-964.4257200613
-964.4253780070
-964.4254825638
-964.4253203868
-964.4253989509
-964.4254603003
-964.4252599563
-964.4253716415
-964.4256427982
-964.4255962424
-964.4253791835
-964.4254876485
-964.4251727019
-964.4254684502
-964.4253353104
-964.4254526734
-964.4254662183
-964.4253732170
-964.4252512066
-964.4252141643
-964.4253042909
-964.4253513031
-964.4252925922
-964.4252417965
-964.4253932808
-964.4254126046
-964.4251374975
-964.4253661447
-964.4254334620
-964.4256020028
-964.4253618079
-964.4256880989
-964.4253980807
-964.4254419140
-964.4257828045
-964.4254075270
-964.4254033680
-964.4253270691
-964.4254395868
-964.4257652305
-964.4253936700
-964.4252722529
-964.4253695448
-964.4253503719
-964.4253356054
-964.4253937608
-964.4252412482
-964.4253418860
-964.4253767375
-964.4252526208
-964.4254761857
-964.4253432640
-964.4251687628
-964.4252705532
-964.4257646769
-964.4252839425
-964.4256784444
-964.4253217462
-964.4254575305
-964.4252543067
-964.4252518951
-964.4253722911
-964.4256719970
-964.4253124688
-964.4253839167
-964.4256526298
-964.4255530602
-964.4253911999
-964.4253476683
-964.4252796983
-964.4257616598
-964.4254266228
-964.4251430705
-964.4250358932
-964.4252673509
-964.4251708836
-964.4252604729
-964.4255283774
-964.4250323076
-964.4254686276
-964.4253951915
-964.4256073988
-964.4253202994
-964.4253179776
-964.4253962795
-964.4252375364
-964.4252502244
-964.4254673385
-964.4253883153
-964.4253474795
-964.4252881227
-964.4256836995
-964.4254243707
-964.4251763059
-964.4255324365
-964.4257317468
-964.4252525646
-964.4254013554
-964.4251771976
-964.4256570634
-964.4255867966
-964.4254034288
-964.4253535341
-964.4254477301
-964.4255621687
-964.4254325458
-964.4256511717
-964.4254253241
-964.4254488743
-964.4252302247
-964.4253870498
-964.4257747922
-964.4257642113
-964.4253822595
-964.4254374522
-964.4252847876
-964.4255107769
-964.4252957224
-964.4258373562
-964.4253899084
-964.4253355011
-964.4253556339
-964.4254296593
-964.4253590431
-964.4253943777
-964.4253681148
-964.4252911562
-964.4257010370
-964.4258208867
-964.4258911101
-964.4251635665
-964.4254181000
-964.4252359494
-964.4253627121
-964.4251889787
-964.4258328996
-964.4253279924
-964.4253842469
-964.4253045417
-964.4253420636
-964.4252212880
-964.4253758968
-964.4254686154
-964.4256366575
-964.4253955283
-964.4254546025
-964.4254702480
-964.4255596850
-964.4256473895
-964.4253206924
-964.4253209078
-964.4257755244
-964.4252804218
-964.4256066768
-964.4254504755
-964.4256260646
-964.4252702129
-964.4253812500
-964.4252745711
-964.4257606700
-964.4258610654
-964.4252614039
-964.4253750283
-964.4253285201
-964.4254500797
-964.4253433584
-964.4253417263
-964.4254408694
-964.4254836487
-964.4254788847
-964.4254521139
-964.4253548210
-964.4250307974
-964.4254490018
-964.4255628964
-964.4253577471
-964.4255685476
-964.4257618959
-964.4253968670
-964.4252660734
-964.4252652953
-964.4255276174
-964.4256406301
-964.4255122892
-964.4258415343
-964.4257336248
-964.4253699120
-964.4255867371
-964.4256588149
-964.4252200055
-964.4254331491
-964.4254521341
-964.4253289268
-964.4253212508
-964.4253766074
-964.4254608169
-964.4256863499
-964.4257041185
-964.4253789989
-964.4254346180
-964.4255699275
-964.4253705326
-964.4251424022
-964.4253205584
-964.4254560917
-964.4256851977
-964.4253291801
-964.4258255726
-964.4257169536
-964.4254587153
-964.4251278934
-964.4253756086
-964.4254082709
-964.4253329345
-964.4252156670
-964.4253950613
-964.4252742276
-964.4253705269
-964.4255697506
-964.4252346897
-964.4252399357
-964.4254740623
-964.4255385877
-964.4256397223
-964.4253284958
-964.4254761051
-964.4324911778
-964.4254652003
-964.4254288168
-964.4257597005
-964.4253075096
-964.4253709648
-964.4253785286
-964.4254449783
-964.4253288943
-964.4256733512
-964.4252256763
-964.4254220608
-964.4253886275
-964.4256966038
-964.4256980670
-964.4256377018
-964.4254343269
-964.4251214912
-964.4251623633
-964.4253632617
-964.4255136555
-964.4253463341
-964.4252724896
-964.4252293065
-964.4254312252
-964.4254211078
-964.4327166850
-964.4253636520
-964.4255064327
-964.4252851694
-964.4253082290
-964.4252488882
-964.4253300734
-964.4252913571
-964.4253157193
-964.4254247314
-964.4253613532
-964.4253307018
-964.4253972032
-964.4256323007
-964.4253181500
-964.4255487554
-964.4254442854
-964.4254224995
-964.4253532998
-964.4254424629
-964.4252697804
-964.4256681028
-964.4253115785
-964.4252480841
-964.4253815016
-964.4253695203
-964.4252615200
-964.4253529380
-964.4254158036
-964.4254817220
-964.4254081905
-964.4252456369
-964.4254475202
-964.4254831817
-964.4253468932
-964.4254414830
-964.4253945722
-964.4252674161
-964.4254590970
-964.4256173426
-964.4253575580
-964.4254968945
-964.4251595224
-964.4256497290
-964.4256880191
-964.4253489868
-964.4251120588
-964.4254511068
-964.4254640206
-964.4257768628
-964.4257744456
-964.4252493446
-964.4251478421
-964.4253593766
-964.4255190803
-964.4256599805
-964.4251660211
-964.4254659056
-964.4255412396
-964.4256235973
-964.4253118476
-964.4256162084
-964.4253986989
-964.4253256487
-964.4253788464
-964.4254335375
-964.4252711297
-964.4252790422
-964.4252532287
-964.4253865253
-964.4255438754
-964.4254109256
-964.4256529192
-964.4254071872
-964.4251173674
-964.4257150884
-964.4252314943
-964.4256498627
-964.4252691808
-964.4257810233
-964.4254210938
-964.4255397616
-964.4253755219
-964.4253199946
-964.4254417217
-964.4253377309
-964.4252639070
-964.4252771607
-964.4257612901
-964.4253106903
-964.4254193351
-964.4252205538
-964.4256221098
-964.4253850606
-964.4252813417
-964.4255492963
-964.4253055321
-964.4255391559
-964.4253026029
-964.4254399088
-964.4254155508
-964.4254404025
-964.4253876486
-964.4253622158
-964.4251987806
-964.4254549575
-964.4252909316
-964.4255341851
-964.4251006637
-964.4253538586
-964.4255300386
-964.4253795099
-964.4256474849
-964.4256554006
-964.4254468078
-964.4252507081
-964.4255995287
-964.4254258509
-964.4252160692
-964.4256014124
-964.4256392282
-964.4254289976
-964.4254555281
-964.4253713808
-964.4251941003
-964.4253877385
-964.4251855093
-964.4252114701
-964.4253693282
-964.4252814178
-964.4252513902
-964.4254107024
-964.4256291509
-964.4253767400
-964.4253000526
-964.4257749243
-964.4324564074
-964.4255399215
-964.4253379029
-964.4255194212
-964.4254872671
-964.4252874329
-964.4252650139
-964.4254535938
-964.4252939009
-964.4255323034
-964.4253586902
-964.4252556480
-964.4255139082
-964.4253716903
-964.4251882793
-964.4252954699
-964.4254625476
-964.4257727029
-964.4255388580
-964.4254799749
-964.4254739194
-964.4254266558
-964.4253256791
-964.4257776778
-964.4254702450
-964.4255485890
-964.4253507211
-964.4254435547
-964.4252199537
-964.4252359631
-964.4255128172
-964.4254855039
-964.4255753416
-964.4256335132
-964.4253172042
-964.4253571359
-964.4253720282
-964.4254658724
-964.4256740064
-964.4253024069
-964.4257347294
-964.4253658882
-964.4252202499
-964.4257778646
-964.4252816638
-964.4257101979
-964.4253946913
-964.4253056424
-964.4254256275
-964.4255966993
-964.4256513057
-964.4255146317
-964.4254133583
-964.4254803239
-964.4252314211
-964.4255093304
-964.4254617532
-964.4253335017
-964.4252085764
-964.4254226514
-964.4253508692
-964.4255863962
-964.4252056688
-964.4253602682
-964.4253181094
-964.4253528894
-964.4253892517
-964.4253970774
-964.4255032764
-964.4254463171
-964.4255236823
-964.4251503421
-964.4253921905
-964.4254552878
-964.4253300718
-964.4257257247
-964.4252917438
-964.4256236406
-964.4253404291
-964.4254596386
-964.4256197180
-964.4253817588
-964.4252426437
-964.4255574278
-964.4254257842
-964.4256807651
-964.4254534295
-964.4255592207
-964.4254968019
-964.4254845252
-964.4259108921
-964.4254437286
-964.4252866476
-964.4253533902
-964.4252237341
-964.4255096027
-964.4254983991
-964.4254006202
-964.4253397657
-964.4253008560
-964.4254689330
-964.4251555401
-964.4254154548
-964.4257232967
-964.4252673250
-964.4253283274
-964.4254049905
-964.4254123596
-964.4254987552
-964.4254741954
-964.4255731066
-964.4254418330
-964.4252876372
-964.4254947697
-964.4252756301
-964.4255059839
-964.4254768680
-964.4252396001
-964.4255642702
-964.4251255145
-964.4253559634
-964.4253263505
-964.4253501748
-964.4253415344
-964.4254824416
-964.4255709690
-964.4253163751
-964.4249702633
-964.4252994312
-964.4255037574
-964.4252886896
-964.4254528514
-964.4253444849
-964.4257593862
-964.4253499864
-964.4252954935
-964.4253892574
-964.4257781977
-964.4250394607
-964.4254794953
-964.4255115438
-964.4255128037
-964.4253359846
-964.4253579055
-964.4255869946
-964.4256813655
-964.4255846641
-964.4254222704
-964.4253351944
-964.4253880986
-964.4254885323
-964.4253869938
-964.4254075545
-964.4251887813
-964.4252071632
-964.4253762143
-964.4252909220
-964.4253951785
-964.4253226688
-964.4252940675
-964.4253928462
-964.4258914275
-964.4252556656
-964.4256224276
-964.4253627007
-964.4257155834
-964.4254904136
-964.4254296182
-964.4255783329
-964.4253771413
-964.4254630245
-964.4256155936
-964.4253951100
-964.4254987304
-964.4253098371
-964.4255400546
-964.4254031136
-964.4252451585
-964.4252049526
-964.4254861947
-964.4255062519
-964.4254975208
-964.4256523570
-964.4255476955
-964.4252760536
-964.4254079299
-964.4253436875
-964.4255002457
-964.4251651284
-964.4254133259
-964.4255954291
-964.4254945336
-964.4253911154
-964.4252947718
-964.4253293837
-964.4255829421
-964.4251849816
-964.4255215326
-964.4252014234
-964.4255329624
-964.4255874844
-964.4254602607
-964.4255166167
-964.4255107502
-964.4251210604
-964.4251994339
-964.4253331292
-964.4253416984
-964.4255026772
-964.4254184870
-964.4254007104
-964.4254702502
-964.4253947287
-964.4255822202
-964.4252804187
-964.4253230253
-964.4254312118
-964.4253681527
-964.4256548183
-964.4255306628
-964.4254059563
-964.4255489964
-964.4254564166
-964.4254815134
-964.4253051930
-964.4257235007
-964.4254555915
-964.4255515711
-964.4254058509
-964.4253242926
-964.4250772536
-964.4255012478
-964.4253974474
-964.4253778877
-964.4254601376
-964.4254730908
-964.4255255898
-964.4253238752
-964.4254388750
-964.4255167506
-964.4254108299
-964.4253890741
-964.4254423533
-964.4254315403
-964.4252886557
-964.4253280137
-964.4254595205
-964.4256693084
-964.4254979964
-964.4252628931
-964.4253935264
-964.4253987163
-964.4252176681
-964.4256461110
-964.4253765804
-964.4253582829
-964.4253635747
-964.4254928782
-964.4255457777
-964.4253555390
-964.4254573604
-964.4253783747
-964.4255741559
-964.4255758511
-964.4253652855
-964.4252087771
-964.4253513528
-964.4252985758
-964.4251337862
-964.4258735479
-964.4254685919
-964.4253565583
-964.4256096432
-964.4252716149
-964.4253612613
-964.4258080608
-964.4257627268
-964.4253018961
-964.4254965274
-964.4256837501
-964.4258978277
-964.4254767709
-964.4254234637
-964.4253023071
-964.4251354502
-964.4256815502
-964.4253777806
-964.4254442630
-964.4254209517
-964.4253368466
-964.4251687690
-964.4252492814
-964.4252082372
-964.4254578363
-964.4255797508
-964.4254816384
-964.4253508800
-964.4253737799
-964.4251205845
-964.4252955537
-964.4252990887
-964.4253668799
-964.4254853651
-964.4253770404
-964.4254428808
-964.4251468929
-964.4253461632
-964.4254043441
-964.4253969956
-964.4255018097
-964.4255679195
-964.4254795527
-964.4252129445
-964.4254359391
-964.4252448332
-964.4254401131
-964.4253665061
-964.4252475469
-964.4252783117
-964.4254120121
-964.4252951047
-964.4255098121
-964.4258280324
-964.4254725095
-964.4255671925
-964.4250619432
-964.4252337816
-964.4253072586
-964.4254307747
-964.4253948167
-964.4252384132
-964.4252706495
-964.4253783544
-964.4252647159
-964.4250927364
-964.4251655710
-964.4251491304
-964.4254231492
-964.4253983211
-964.4253143757
-964.4253573437
-964.4251819945
-964.4254707294
-964.4253257599
-964.4255494129
-964.4255176772
-964.4254899808
-964.4251198961
-964.4251462123
-964.4252250772
-964.4255479741
-964.4253671989
-964.4257765501
-964.4253499201
-964.4256934138
-964.4252705672
-964.4254307386
-964.4255921774
-964.4251350879
-964.4251666323
-964.4254472591
-964.4258466306
-964.4253279532
-964.4252910051
-964.4253896931
-964.4255145080
-964.4255151437
-964.4253313798
-964.4256880258
-964.4252487189
-964.4252406429
-964.4254094380
-964.4253874988
-964.4253590890
-964.4253416129
-964.4251034894
-964.4253240824
-964.4251971883
-964.4325691548
-964.4251674531
-964.4254834872
-964.4254120195
-964.4253328815
-964.4254206689
-964.4254083013
-964.4254882918
-964.4253031737
-964.4253484398
-964.4255736825
-964.4255229798
-964.4255931879
-964.4256094790
-964.4254670775
-964.4251882117
-964.4256771787
-964.4253071110
-964.4253026789
-964.4255556686
-964.4253154709
-964.4251147809
-964.4254449161
-964.4252928012
-964.4257745237
-964.4253621060
-964.4254152144
-964.4251667983
-964.4251137051
-964.4252874176
-964.4253615749
-964.4253547014
-964.4253665245
-964.4253609381
-964.4253462343
-964.4326336408
-964.4257011353
-964.4255826260
-964.4252903771
-964.4252305340
-964.4251984378
-964.4251743268
-964.4255306615
-964.4253539776
-964.4252591018
-964.4254607461
-964.4255071634
-964.4255813011
-964.4252107565
-964.4252932818
-964.4256948089
-964.4252255990
-964.4252975086
-964.4255837936
-964.4258403148
-964.4256150123
-964.4253240825
-964.4254981972
-964.4254722255
-964.4251850724
-964.4256512407
-964.4257774085
-964.4255422231
-964.4253277416
-964.4325028360
-964.4253470382
-964.4253357284
-964.4252605195
-964.4252059786
-964.4254845479
-964.4252238925
-964.4254025477
-964.4254469101
-964.4252477594
-964.4252884950
-964.4254470052
-964.4254680600
-964.4254979319
-964.4252699249
-964.4253306788
-964.4255123856
-964.4253229857
-964.4253622084
-964.4257717871
-964.4254468043
-964.4257203299
-964.4254722748
-964.4255486998
-964.4253060401
-964.4254090574
-964.4253648021
-964.4253970520
-964.4255135918
-964.4253817536
-964.4251926931
-964.4256705229
-964.4251153144
-964.4254782868
-964.4252666299
-964.4253585677
-964.4252964855
-964.4253776520
-964.4254086444
-964.4253669911
-964.4254713842
-964.4253277278
-964.4254550876
-964.4251713014
-964.4255723188
-964.4252710393
-964.4253912606
-964.4254639401
-964.4259296222
-964.4254781296
-964.4253244629
-964.4251689422
-964.4253428522
-964.4255281676
-964.4253893197
-964.4253158755
-964.4256014671
-964.4254467367
-964.4255830435
-964.4252789601
-964.4253911063
-964.4256707644
-964.4255478850
-964.4253928599
-964.4254400819
-964.4253726464
-964.4253575306
-964.4254513428
-964.4254964168
-964.4252291850
-964.4253563783
-964.4252456420
-964.4252262863
-964.4254195497
-964.4252721401
-964.4254117977
-964.4253708908
-964.4257775703
-964.4252997040
-964.4252939668
-964.4254203389
-964.4254121593
-964.4252521599
-964.4255966150
-964.4253708018
-964.4256389001
-964.4253356504
-964.4254519505
-964.4253072172
-964.4254072009
-964.4250052835
-964.4253119909
-964.4253792629
-964.4253387631
-964.4254143257
-964.4253525223
-964.4253417495
-964.4252417706
-964.4252043393
-964.4254154243
-964.4254541686
-964.4251975068
-964.4257248968
-964.4255632252
-964.4253879801
-964.4252547336
-964.4255410314
-964.4253548343
-964.4253512034
-964.4255546835
-964.4253479103
-964.4256147392
-964.4252654216
-964.4254212422
-964.4257897241
-964.4252978021
-964.4256740010
-964.4250779478
-964.4253028814
-964.4252019182
-964.4253462949
-964.4254992758
-964.4255170173
-964.4253117999
-964.4252602120
-964.4253935518
-964.4251969036
-964.4257253469
-964.4255077893
-964.4256468727
-964.4255176949
-964.4253239865
-964.4253082965
-964.4251899744
-964.4254295857
-964.4251379897
-964.4254714767
-964.4256238571
-964.4253487938
-964.4252714809
-964.4255885703
-964.4253117645
-964.4253829945
-964.4252978100
-964.4254550427
-964.4252933931
-964.4253786368
-964.4253533559
-964.4254992783
-964.4252236167
-964.4255641137
-964.4251689177
-964.4251629549
-964.4253621555
-964.4256681641
-964.4254925441
-964.4252997050
-964.4253422024
-964.4253016166
-964.4254563165
-964.4253805923
-964.4255158472
-964.4257135703
-964.4254860399
-964.4255069492
-964.4257767392
-964.4255854870
-964.4255081704
-964.4250589320
-964.4252084397
-964.4255609169
-964.4256929691
-964.4252997046
-964.4254172187
-964.4253427120
-964.4255423596
-964.4252616895
-964.4252387330
-964.4252742015
-964.4254038512
-964.4253245875
-964.4252007546
-964.4253856065
-964.4252609520
-964.4255023839
-964.4251752051
-964.4254230605
-964.4252116741
-964.4255895341
-964.4253382169
-964.4253411436
-964.4254789786
-964.4257778899
-964.4252544512
-964.4253333522
-964.4253386461
-964.4256061695
-964.4254741882
-964.4255630585
-964.4254870493
-964.4254406932
-964.4254397144
-964.4253759229
-964.4252302149
-964.4251939239
-964.4253812722
-964.4253938627
-964.4255849415
-964.4252000777
-964.4255958748
-964.4252309019
-964.4257276106
-964.4257773037
-964.4257175857
-964.4253195656
-964.4252744327
-964.4256350583
-964.4256347196
-964.4255307321
-964.4252337825
-964.4253622008
-964.4253631176
-964.4253943843
-964.4252997241
-964.4251138128
-964.4254951994
-964.4257677573
-964.4254046039
-964.4253860040
-964.4253818778
-964.4255150011
-964.4253763031
-964.4252273867
-964.4254244970
-964.4252230957
-964.4255314263
-964.4253418878
-964.4253242738
-964.4255523555
-964.4253710263
-964.4254317452
-964.4249752459
-964.4255752665
-964.4257767698
-964.4257061217
-964.4254485391
-964.4253741789
-964.4261150837
-964.4254573769
-964.4254141015
-964.4254810444
-964.4251401155
-964.4253110982
-964.4252967060
-964.4257760585
-964.4253333932
-964.4253081874
-964.4256834155
-964.4253946346
-964.4253739029
-964.4253438226
-964.4252160451
-964.4255379700
-964.4256205282
-964.4253266866
-964.4252910555
-964.4254814315
-964.4254811287
-964.4251366482
-964.4254819949
-964.4254217752
-964.4256338469
-964.4254038916
-964.4252701641
-964.4250984395
-964.4255637047
-964.4253307074
-964.4253625054
-964.4255653205
-964.4257607939
-964.4254883062
-964.4252975123
-964.4253822331
-964.4255020440
-964.4257611264
-964.4255454805
-964.4253490091
-964.4257848852
-964.4253620420
-964.4255400657
-964.4253983988
-964.4253841725
-964.4252922621
-964.4252896842
-964.4251674390
-964.4252012048
-964.4252637496
-964.4253511822
-964.4251751235
-964.4251596860
-964.4252827151
-964.4256106081
-964.4253101503
-964.4253798633
-964.4254458146
-964.4255004314
-964.4257753003
-964.4253822403
-964.4254343987
-964.4252221946
-964.4253889778
-964.4253832393
-964.4253668892
-964.4253097791
-964.4254212975
-964.4254509337
-964.4254498617
-964.4256663009
-964.4253364985
-964.4254443853
-964.4255254170
-964.4253207295
-964.4253072767
-964.4254509913
-964.4254312424
-964.4252383055
-964.4253896080
-964.4252330182
-964.4253542955
-964.4253032686
-964.4253220338
-964.4253274277
-964.4251708647
-964.4254381799
-964.4254365450
-964.4252076795
-964.4253076565
-964.4254898592
-964.4252760060
-964.4253150124
-964.4252700683
-964.4252306108
-964.4255858579
-964.4254551081
-964.4253970529
-964.4252160643
-964.4253048691
-964.4253867917
-964.4255350534
-964.4252721838
-964.4252743588
-964.4253635259
-964.4252661707
-964.4252388993
-964.4253670279
-964.4253322858
-964.4253922395
-964.4255211507
-964.4254912734
-964.4255934505
-964.4259691205
-964.4254366418
-964.4254732912
-964.4254258032
-964.4253163200
-964.4254837297
-964.4249925726
-964.4253251119
-964.4252428034
-964.4253991878
-964.4252545950
-964.4253687252
-964.4252501914
-964.4253339141
-964.4252509478
-964.4254286524
-964.4255517495
-964.4254578486
-964.4253678313
-964.4254426742
-964.4255046964
-964.4252472873
-964.4253569102
-964.4254959461
-964.4253568453
-964.4258120635
-964.4251674598
-964.4253114972
-964.4252981778
-964.4257635061
-964.4252893812
-964.4254498490
-964.4252347210
-964.4253226614
-964.4253823594
-964.4253309813
-964.4254653065
-964.4253020937
-964.4252476343
-964.4251690905
-964.4251597084
-964.4255462125
-964.4253492246
-964.4252628632
-964.4252317939
-964.4254769080
-964.4251831902
-964.4253753795
-964.4252173085
-964.4250506008
-964.4252851289
-964.4254286039
-964.4251812833
-964.4256796084
-964.4253225777
-964.4255418523
-964.4254382644
-964.4253664729
-964.4253963212
-964.4251109988
-964.4252979638
-964.4256021453
-964.4254506250
-964.4253980225
-964.4253329560
-964.4254126496
-964.4254673172
-964.4253651578
-964.4252412305
-964.4254505154
-964.4255137013
-964.4252583717
-964.4254424426
-964.4255387948
-964.4253910709
-964.4257013881
-964.4252696658
-964.4256490356
-964.4258174352
-964.4253952497
-964.4253005606
-964.4253779494
-964.4254137106
-964.4256405661
-964.4254250939
-964.4253304475
-964.4252892986
-964.4254888592
-964.4255177081
-964.4252648393
-964.4251365187
-964.4254042824
-964.4253186149
-964.4254945326
-964.4250865045
-964.4256393750
-964.4253490980
-964.4253413446
-964.4255849923
-964.4251266960
-964.4253131426
-964.4254702034
-964.4253706396
-964.4255684340
-964.4254904511
-964.4253337186
-964.4254343911
-964.4252942176
-964.4254225507
-964.4253938663
-964.4251969078
-964.4254168277
-964.4255534781
-964.4254590295
-964.4254151457
-964.4254582622
-964.4257543290
-964.4255124151
-964.4254570113
-964.4250995877
-964.4253085481
-964.4252051107
-964.4250680376
-964.4254177171
-964.4253599256
-964.4254145313
-964.4251573980
-964.4254322974
-964.4254220405
-964.4255860361
-964.4253280544
-964.4251415687
-964.4254127358
-964.4253496224
-964.4327304141
-964.4253377651
-964.4252022123
-964.4253652811
-964.4253355379
-964.4253872778
-964.4254636580
-964.4257767041
-964.4258738622
-964.4253270703
-964.4252661897
-964.4256015479
-964.4252772565
-964.4251767041
-964.4253826587
-964.4255694318
-964.4253266037
-964.4256127644
-964.4254819853
-964.4249254423
-964.4253449063
-964.4252426400
-964.4252387748
-964.4254072465
-964.4254383206
-964.4251987627
-964.4254308485
-964.4254433520
-964.4253570960
-964.4251412955
-964.4252146143
-964.4254685308
-964.4253007494
-964.4253842082
-964.4255634727
-964.4254044153
-964.4253215299
-964.4255652048
-964.4254678542
-964.4252908134
-964.4256169402
-964.4253879757
-964.4253553536
-964.4255222806
-964.4253534381
-964.4254197242
-964.4254309508
-964.4255191788
-964.4253897098
-964.4250265597
-964.4253327060
-964.4253719044
-964.4253937302
-964.4255837871
-964.4253275844
-964.4258455316
-964.4250608575
-964.4253895367
-964.4252036074
-964.4253056615
-964.4255972193
-964.4252458006
-964.4250877140
-964.4256077212
-964.4255129666
-964.4254402420
-964.4253229467
-964.4254987792
-964.4253814342
-964.4256247441
-964.4324559223
-964.4253334185
-964.4252539140
-964.4325175422
-964.4252479920
-964.4254575499
-964.4253711766
-964.4256066281
-964.4253107389
-964.4255422800
-964.4253651744
-964.4254279644
-964.4254612196
-964.4252301985
-964.4254819837
-964.4252395579
-964.4252637233
-964.4255458825
-964.4253787929
-964.4254113252
-964.4257525652
-964.4258310953
-964.4253346869
-964.4256843992
-964.4253073358
-964.4253468307
-964.4254201863
-964.4251249798
-964.4254522175
-964.4256372513
-964.4253433928
-964.4253222703
-964.4254119774
-964.4254010862
-964.4259137478
-964.4256388827
-964.4253621619
-964.4254665375
-964.4253956007
-964.4254325080
-964.4257971262
-964.4255010883
-964.4256313706
-964.4255136677
-964.4258774256
-964.4255074037
-964.4252924982
-964.4254397351
-964.4253397590
-964.4253660103
-964.4253318239
-964.4254512328
-964.4252935480
-964.4252564088
-964.4253819220
-964.4256085406
-964.4252516952
-964.4252804911
-964.4252185616
-964.4252256457
-964.4253858782
-964.4254206626
-964.4253515423
-964.4255042326
-964.4257783840
-964.4253954676
-964.4256625102
-964.4253581268
-964.4253751109
-964.4252941235
-964.4254404280
-964.4253132304
-964.4256182042
-964.4253211346
-964.4256394490
-964.4254248939
-964.4253877089
-964.4251533839
-964.4253992625
-964.4250546802
-964.4257225549
-964.4253368286
-964.4253190875
-964.4253352927
-964.4252878430
-964.4255086126
-964.4255283346
-964.4253371418
-964.4253545981
-964.4254912995
-964.4254890891
-964.4253659574
-964.4251095296
-964.4253859779
-964.4252083086
-964.4252326973
-964.4253651516
-964.4254447547
-964.4253852118
-964.4254665870
-964.4253073991
-964.4254984050
-964.4255206198
-964.4325676327
-964.4253419914
-964.4254337422
-964.4253639782
-964.4325228164
-964.4257600342
-964.4253480564
-964.4255367712
-964.4253523233
-964.4255034738
-964.4253800228
-964.4257628058
-964.4252095811
-964.4255890045
-964.4251287064
-964.4257660456
-964.4251879857
-964.4251707226
-964.4251793874
-964.4253078042
-964.4254720290
-964.4253358517
-964.4254879438
-964.4254011539
-964.4253256901
-964.4253370842
-964.4252477926
-964.4253186803
-964.4253037640
-964.4253394765
-964.4254162556
-964.4258567309
-964.4255637941
-964.4253201225
-964.4253944712
-964.4253679801
-964.4254711699
-964.4251858802
-964.4253568222
-964.4254717130
-964.4254646269
-964.4253842187
-964.4255882914
-964.4257721837
-964.4257640256
-964.4256154748
-964.4254402132
-964.4257737078
-964.4256835493
-964.4253527330
-964.4258730640
-964.4257137353
-964.4255117761
-964.4253706601
-964.4252006909
-964.4253063291
-964.4254054427
-964.4253405554
-964.4251654340
-964.4253066474
-964.4253043186
-964.4255353118
-964.4253304358
-964.4254702434
-964.4253750999
-964.4257193184
-964.4255323225
-964.4254044435
-964.4255191210
-964.4252392795
-964.4254005618
-964.4252333375
-964.4254024494
-964.4253998036
-964.4252456517
-964.4257641039
-964.4252412990
-964.4256482802
-964.4254330647
-964.4255401391
-964.4255339685
-964.4256309354
-964.4255833502
-964.4253624627
-964.4254372277
-964.4252942709
-964.4252765039
-964.4325865590
-964.4254432679
-964.4253616172
-964.4252563132
-964.4252675377
-964.4256674808
-964.4254336184
-964.4253989802
-964.4256606683
-964.4253536638
-964.4254206117
-964.4253101956
-964.4254571686
-964.4255029196
-964.4255858749
-964.4254851116
-964.4256258475
-964.4253915050
-964.4252714933
-964.4253753942
-964.4255930234
-964.4254133668
-964.4254159520
-964.4256797440
-964.4254416494
-964.4255134186
-964.4255389127
-964.4252143980
-964.4254899251
-964.4254520582
-964.4256011853
-964.4258093290
-964.4255499175
-964.4252852669
-964.4254248098
-964.4253425206
-964.4255913881
-964.4252259665
-964.4252473267
-964.4253218952
-964.4253273108
-964.4256248325
-964.4255118453
-964.4257752331
-964.4255205617
-964.4254408953
-964.4251663623
-964.4256686025
-964.4255295144
-964.4252811908
-964.4250627753
-964.4256258118
-964.4252433329
-964.4254163947
-964.4253206582
-964.4255110632
-964.4256705207
-964.4253426295
-964.4255084666
-964.4256783909
-964.4252849130
-964.4252955110
-964.4257940102
-964.4253245773
-964.4252347008
-964.4256921979
-964.4254885116
-964.4253303428
-964.4257749785
-964.4252480557
-964.4253043173
-964.4252569846
-964.4254121351
-964.4253739603
-964.4255146359
-964.4255156699
-964.4253209429
-964.4252655257
-964.4251455449
-964.4255663845
-964.4254667893
-964.4254176707
-964.4253852023
-964.4256333188
-964.4254903466
-964.4253765018
-964.4255275088
-964.4253591276
-964.4257025542
-964.4254457486
-964.4252505483
-964.4257185099
-964.4249994667
-964.4255899940
-964.4253739469
-964.4256035251
-964.4253229888
-964.4254405105
-964.4253961324
-964.4254406456
-964.4253782035
-964.4253150481
-964.4253959732
-964.4254453610
-964.4253322979
-964.4253082253
-964.4255038912
-964.4256565716
-964.4253891414
-964.4254066227
-964.4253541824
-964.4254413212
-964.4249430424
-964.4255114848
-964.4252321621
-964.4253745347
-964.4251648576
-964.4254106828
-964.4253091168
-964.4255694508
-964.4256863271
-964.4252185291
-964.4253920147
-964.4254032683
-964.4254076679
-964.4251809767
-964.4251819960
-964.4252481646
-964.4255408898
-964.4253740049
-964.4252939032
-964.4252385428
-964.4252633297
-964.4252650820
-964.4254912379
-964.4257672663
-964.4258994996
-964.4253238167
-964.4257625576
-964.4254439712
-964.4255156480
-964.4253533091
-964.4253614750
-964.4253965532
-964.4255264167
-964.4254401357
-964.4254505418
-964.4255773932
-964.4254176024
-964.4254646624
-964.4253233677
-964.4255456195
-964.4257615027
-964.4254362966
-964.4252923232
-964.4255349034
-964.4255570967
-964.4253422112
-964.4250953325
-964.4255036571
-964.4250108398
-964.4253742700
-964.4254045565
-964.4251711388
-964.4254154443
-964.4255603460
-964.4257534559
-964.4253124306
-964.4254075469
-964.4256533397
-964.4255311271
-964.4252331107
-964.4255219912
-964.4254174984
-964.4254869938
-964.4255569387
-964.4253850790
-964.4256651355
-964.4252783931
-964.4254570850
-964.4255012033
-964.4255419466
-964.4254547918
-964.4253130621
-964.4257656460
-964.4252860207
-964.4253765809
-964.4254999475
-964.4251340998
-964.4254943934
-964.4254024134
-964.4254701038
-964.4251611452
-964.4253847708
-964.4251877047
-964.4254794451
-964.4254813591
-964.4254346124
-964.4252607303
-964.4253239871
-964.4254582592
-964.4254376208
-964.4253401312
-964.4256378607
-964.4254469278
-964.4254074999
-964.4250889934
-964.4254617024
-964.4253116671
-964.4257429880
-964.4250961631
-964.4252153394
-964.4252914744
-964.4253910542
-964.4252486752
-964.4250944942
-964.4254624781
-964.4256174601
-964.4252691100
-964.4255266272
-964.4254214377
-964.4252825366
-964.4254871609
-964.4253629774
-964.4255202316
-964.4256205868
-964.4257640729
-964.4253885243
-964.4254846597
-964.4253303819
-964.4253326425
-964.4254811199
-964.4254211232
-964.4254170388
-964.4256976572
-964.4256665616
-964.4252733534
-964.4253348973
-964.4254445597
-964.4253370291
-964.4254043951
-964.4253386621
-964.4252580895
-964.4254225015
-964.4257247252
-964.4254569127
-964.4255132334
-964.4253723170
-964.4253195363
-964.4253468051
-964.4251828384
-964.4252792185
-964.4255712653
-964.4257773746
-964.4253463409
-964.4252569067
-964.4252130053
-964.4253694409
-964.4251458982
-964.4253040036
-964.4252071349
-964.4257953139
-964.4254064391
-964.4250119888
-964.4253495750
-964.4257521629
-964.4254591932
-964.4256653430
-964.4252635903
-964.4254562262
-964.4254452516
-964.4256328369
-964.4255976522
-964.4254860174
-964.4254959327
-964.4254878353
-964.4254702576
-964.4256290084
-964.4258521187
-964.4254382947
-964.4254454300
-964.4252494223
-964.4253424638
-964.4254820476
-964.4253116459
-964.4255156039
-964.4253166478
-964.4251588533
-964.4252503207
-964.4253326866
-964.4253071840
-964.4257789523
-964.4254875501
-964.4250602701
-964.4254350450
-964.4254173202
-964.4256123150
-964.4255328187
-964.4253416132
-964.4250144871
-964.4256349752
-964.4252265572
-964.4252834518
-964.4251363286
-964.4254374559
-964.4252483790
-964.4254065271
-964.4253726524
-964.4255636014
-964.4258525231
-964.4253901489
-964.4252787095
-964.4251722603
-964.4256715596
-964.4254155913
-964.4254612784
-964.4255298266
-964.4254999136
-964.4253725748
-964.4253535426
-964.4252695466
-964.4253960245
-964.4253087694
-964.4256023283
-964.4253005869
-964.4254185918
-964.4253489009
-964.4252456503
-964.4252583100
-964.4252142645
-964.4256308207
-964.4255006202
-964.4253228245
-964.4255476754
-964.4253411154
-964.4254883220
-964.4253825394
-964.4253137173
-964.4254525451
-964.4252286233
-964.4255294209
-964.4255889286
-964.4253372274
-964.4255466586
-964.4253424565
-964.4254497942
-964.4253496093
-964.4251465748
-964.4254203430
-964.4254899848
-964.4256722344
-964.4256815893
-964.4252733726
-964.4252619660
-964.4255570268
-964.4253978514
-964.4253667152
-964.4254385097
-964.4253146021
-964.4256750403
-964.4254948662
-964.4254975323
-964.4254043405
-964.4253488922
-964.4257587437
-964.4253155482
-964.4253218104
-964.4253006160
-964.4254302185
-964.4254849008
-964.4253484312
-964.4254465354
-964.4255513309
-964.4254669501
-964.4254143942
-964.4253803235
-964.4252911422
-964.4252696722
-964.4252965821
-964.4251743411
-964.4252777138
-964.4252640775
-964.4254963971
-964.4255065786
-964.4256525855
-964.4252517925
-964.4253517726
-964.4253568846
-964.4256291229
-964.4254531845
-964.4255935625
-964.4253899211
-964.4254288678
-964.4254189419
-964.4254715671
-964.4254352315
-964.4255959289
-964.4255220633
-964.4255030620
-964.4254912844
-964.4254175057
-964.4253688990
-964.4253160565
-964.4258357177
-964.4250184339
-964.4255286750
-964.4253555325
-964.4251744587
-964.4254086508
-964.4252618358
-964.4253974220
-964.4253308773
-964.4255356446
-964.4254431788
-964.4255400326
-964.4254087330
-964.4254331244
-964.4253725319
-964.4256198337
-964.4256288112
-964.4251447606
-964.4252723974
-964.4255095704
-964.4253971545
-964.4253999645
-964.4255800031
-964.4255104777
-964.4253575113
-964.4256024026
-964.4255187838
-964.4251953432
-964.4251866927
-964.4253614071
-964.4256267480
-964.4249933800
-964.4253367223
-964.4253807239
-964.4254731238
-964.4254351629
-964.4252599917
-964.4252453537
-964.4251828049
-964.4255035220
-964.4253512565
-964.4252941125
-964.4254643060
-964.4253089749
-964.4257260424
-964.4254294751
-964.4256251647
-964.4252323233
-964.4253363628
-964.4253645525
-964.4256432249
-964.4251702610
-964.4252574339
-964.4253532497
-964.4252215720
-964.4252174091
-964.4253711379
-964.4251157083
-964.4254092270
-964.4257187437
-964.4253847836
-964.4253674870
-964.4253918007
-964.4253109441
-964.4258714990
-964.4254266073
-964.4255421090
-964.4254405493
-964.4254120252
-964.4253843815
-964.4251716514
-964.4250684624
-964.4251722793
-964.4254194695
-964.4252472564
-964.4256370457
-964.4253727453
-964.4251527223
-964.4253498554
-964.4253484916
-964.4254042866
-964.4253948228
-964.4255499600
-964.4252444417
-964.4254290381
-964.4257609254
-964.4251336083
-964.4254562150
-964.4252503497
-964.4254961419
-964.4252438829
-964.4252630044
-964.4252538816
-964.4252071517
-964.4252558609
-964.4255303335
-964.4324142024
-964.4253518542
-964.4252806843
-964.4253893443
-964.4252623308
-964.4250414136
-964.4257605440
-964.4255498308
-964.4253828156
-964.4253389613
-964.4252549330
-964.4253657354
-964.4255363189
-964.4252137900
-964.4253450052
-964.4253171014
-964.4258195821
-964.4251407884
-964.4253394374
-964.4257613174
-964.4254418798
-964.4252917635
-964.4253744383
-964.4254815013
-964.4254316689
-964.4253172775
-964.4253829920
-964.4252041939
-964.4254026137
-964.4254219855
-964.4254450158
-964.4253808498
-964.4253371678
-964.4254667842
-964.4253348277
-964.4253970056
-964.4254604048
-964.4255342788
-964.4254046642
-964.4254012565
-964.4253916007
-964.4254572739
-964.4256038442
-964.4253579952
-964.4257811639
-964.4253790946
-964.4254330107
-964.4253543210
-964.4252763946
-964.4258559774
-964.4251998583
-964.4252368726
-964.4254328086
-964.4254320049
-964.4254051020
-964.4252424098
-964.4254892884
-964.4254010454
-964.4252164062
-964.4253110947
-964.4254074288
-964.4255291132
-964.4254034127
-964.4254407380
-964.4252243000
-964.4254540130
-964.4254594208
-964.4255634621
-964.4250715713
-964.4254273307
-964.4252848778
-964.4254173541
-964.4251267769
-964.4253191087
-964.4253736042
-964.4256014530
-964.4258835906
-964.4251150408
-964.4254572113
-964.4252717318
-964.4253132627
-964.4253612092
-964.4253720154
-964.4253985897
-964.4253715368
-964.4253536697
-964.4254722929
-964.4251973012
-964.4259724636
-964.4255265009
-964.4252248703
-964.4252704828
-964.4254793681
-964.4250912139
-964.4257116728
-964.4254008242
-964.4253947413
-964.4253212775
-964.4252375492
-964.4254415635
-964.4257504353
-964.4253878256
-964.4254212018
-964.4253829298
-964.4253789636
-964.4256104687
-964.4255786646
-964.4255333119
-964.4256624117
-964.4254277336
-964.4254278701
-964.4253208522
-964.4253650965
-964.4254117248
-964.4257749661
-964.4251998826
-964.4255944863
-964.4254825479
-964.4253983658
-964.4254956152
-964.4254415082
-964.4255216647
-964.4252916083
-964.4254701976
-964.4254577098
-964.4259761381
-964.4255541682
-964.4252754612
-964.4255036903
-964.4253478930
-964.4253571703
-964.4255131206
-964.4254981658
-964.4253121956
-964.4254471931
-964.4254368508
-964.4252921987
-964.4254345499
-964.4254269908
-964.4253112523
-964.4252911940
-964.4253536225
-964.4254193089
-964.4257220400
-964.4256179642
-964.4257764435
-964.4253363549
-964.4251565145
-964.4256628666
-964.4253710554
-964.4253301582
-964.4253864171
-964.4253253598
-964.4253711705
-964.4254450449
-964.4254884951
-964.4254180190
-964.4253635885
-964.4253002442
-964.4253158887
-964.4256550746
-964.4253677888
-964.4253327488
-964.4254629237
-964.4255036450
-964.4253030621
-964.4257776555
-964.4252966902
-964.4253481615
-964.4252685348
-964.4253439425
-964.4253351929
-964.4254687407
-964.4254307357
-964.4256427351
-964.4254114635
-964.4255414071
-964.4253570317
-964.4254704653
-964.4256704469
-964.4253630726
-964.4254477763
-964.4251781031
-964.4252847881
-964.4255537471
-964.4253012838
-964.4254230271
-964.4252979649
-964.4257620014
-964.4253775198
-964.4254077031
-964.4251975150
-964.4255868903
-964.4252767108
-964.4253492473
-964.4255333977
-964.4249206953
-964.4251970082
-964.4252845944
-964.4254009486
-964.4255396963
-964.4252776298
-964.4253837366
-964.4254017329
-964.4256608496
-964.4255123207
-964.4256574323
-964.4254293138
-964.4253237560
-964.4252357760
-964.4253736174
-964.4252428812
-964.4253587564
-964.4252656005
-964.4255436460
-964.4253279256
-964.4252258276
-964.4252797848
-964.4257746336
-964.4252957826
-964.4252307980
-964.4254313763
-964.4253761984
-964.4253227433
-964.4253297272
-964.4252825249
-964.4254604696
-964.4257299586
-964.4249864132
-964.4255961934
-964.4253452204
-964.4252680580
-964.4253611920
-964.4255542693
-964.4253837569
-964.4255294403
-964.4253155768
-964.4251594499
-964.4252329526
-964.4255416334
-964.4252534987
-964.4253635948
-964.4254201127
-964.4254941007
-964.4254009002
-964.4258630539
-964.4255649448
-964.4253579102
-964.4253305485
-964.4254232087
-964.4253509337
-964.4255275184
-964.4253879062
-964.4252000866
-964.4258086872
-964.4253762554
-964.4254968151
-964.4252684699
-964.4253594223
-964.4253197993
-964.4324504593
-964.4251676079
-964.4252774040
-964.4253452231
-964.4256659670
-964.4251463173
-964.4254588718
-964.4260327907
-964.4257625169
-964.4253492243
-964.4253858721
-964.4254146348
-964.4251741479
-964.4254272606
-964.4254846969
-964.4254285320
-964.4253741357
-964.4253132524
-964.4254033008
-964.4254446362
-964.4253325448
-964.4256797057
-964.4254719756
-964.4254381704
-964.4253774867
-964.4252344095
-964.4257780565
-964.4252941324
-964.4254455787
-964.4252573690
-964.4253642020
-964.4252368241
-964.4254222652
-964.4253252440
-964.4257786351
-964.4255710936
-964.4251823938
-964.4254364991
-964.4255226043
-964.4255950535
-964.4252315697
-964.4253763544
-964.4251958995
-964.4254143375
-964.4257776445
-964.4251360062
-964.4255477625
-964.4252988170
-964.4253822883
-964.4254642031
-964.4253997901
-964.4253760791
-964.4253022340
-964.4254050285
-964.4257756423
-964.4253263393
-964.4255956723
-964.4250796420
-964.4255137143
-964.4253365389
-964.4252971720
-964.4253587558
-964.4252999809
-964.4254365651
-964.4255699590
-964.4252759643
-964.4255193840
-964.4251951648
-964.4254833870
-964.4254235054
-964.4252617353
-964.4253015443
-964.4253757729
-964.4253979359
-964.4256629945
-964.4253969981
-964.4252515093
-964.4254308549
-964.4255126326
-964.4252612248
-964.4255354232
-964.4253020738
-964.4254090096
-964.4254318572
-964.4254241056
-964.4252234505
-964.4253658941
-964.4253325098
-964.4255805349
-964.4255234066
-964.4254019726
-964.4253538655
-964.4253630674
-964.4252163856
-964.4254120938
-964.4254877382
-964.4254661864
-964.4254041070
-964.4254647662
-964.4256635795
-964.4254630308
-964.4253768410
-964.4253415764
-964.4252920926
-964.4251554619
-964.4256855159
-964.4254958678
-964.4254888326
-964.4253617534
-964.4255399502
-964.4252824702
-964.4255348543
-964.4254250155
-964.4254526112
-964.4252944050
-964.4252010257
-964.4255178108
-964.4252175952
-964.4253443590
-964.4254788291
-964.4253132982
-964.4255434404
-964.4253780520
-964.4251179001
-964.4252634374
-964.4255545987
-964.4254771337
-964.4252812561
-964.4252115828
-964.4253625674
-964.4254559047
-964.4252951539
-964.4253496952
-964.4254329581
-964.4254536555
-964.4253966540
-964.4254231354
-964.4252900464
-964.4253681261
-964.4253898678
-964.4254452306
-964.4253546716
-964.4253043679
-964.4256943511
-964.4254951787
-964.4253405946
-964.4255325835
-964.4251686637
-964.4253712792
-964.4255402595
-964.4252892265
-964.4253481337
-964.4255689171
-964.4254191362
-964.4251700358
-964.4255579961
-964.4253768947
-964.4255098113
-964.4254301348
-964.4253261842
-964.4257637812
-964.4255392502
-964.4254584320
-964.4253579242
-964.4254372515
-964.4254574316
-964.4254769713
-964.4253888425
-964.4255230269
-964.4254557587
-964.4253970402
-964.4257543587
-964.4254508068
-964.4257781694
-964.4253279218
-964.4257302771
-964.4254654995
-964.4255155176
-964.4258292106
-964.4251500559
-964.4255110989
-964.4253745493
-964.4252685671
-964.4255618718
-964.4254677772
-964.4253267565
-964.4251745044
-964.4255166591
-964.4256105737
-964.4255380583
-964.4253161309
-964.4254257746
-964.4254342036
-964.4252184198
-964.4253840588
-964.4251938359
-964.4253644136
-964.4252626515
-964.4253964764
-964.4254052506
-964.4254223094
-964.4254150685
-964.4253608923
-964.4255743204
-964.4253624852
-964.4254333097
-964.4254376389
-964.4251007817
-964.4252213780
-964.4251979951
-964.4252642464
-964.4254437870
-964.4252924678
-964.4253323696
-964.4256106220
-964.4253096967
-964.4253220561
-964.4252040068
-964.4257175879
-964.4250934179
-964.4254645357
-964.4253128532
-964.4254382086
-964.4254936213
-964.4255998234
-964.4254614885
-964.4251618033
-964.4253378623
-964.4253429615
-964.4256421108
-964.4255267780
-964.4255896594
-964.4254117849
-964.4254125452
-964.4253660457
-964.4254637713
-964.4253457273
-964.4251262882
-964.4253605294
-964.4255102195
-964.4254434320
-964.4256268179
-964.4253992753
-964.4255343919
-964.4257240024
-964.4253896928
-964.4253037519
-964.4253288713
-964.4255251950
-964.4254217303
-964.4253006628
-964.4254046723
-964.4255239231
-964.4252115877
-964.4252799129
-964.4253318880
-964.4254654338
-964.4252910560
-964.4252706765
-964.4257114360
-964.4253701160
-964.4251813806
-964.4256056511
-964.4258111642
-964.4256193518
-964.4254498961
-964.4255362713
-964.4255878016
-964.4256843578
-964.4252746365
-964.4252429397
-964.4251047287
-964.4254062446
-964.4252842166
-964.4255489306
-964.4255111125
-964.4253815438
-964.4253178780
-964.4254247900
-964.4254664129
-964.4254652467
-964.4255742367
-964.4253824702
-964.4253883133
-964.4252771590
-964.4255030593
-964.4256544885
-964.4252645616
-964.4251665067
-964.4256461931
-964.4253204196
-964.4249675850
-964.4255353900
-964.4254966047
-964.4256418740
-964.4255080314
-964.4252964595
-964.4252406385
-964.4253920811
-964.4254025418
-964.4253804326
-964.4254665145
-964.4253562029
-964.4254391232
-964.4255135346
-964.4256292672
-964.4257046760
-964.4254943754
-964.4255372781
-964.4254629493
-964.4253373112
-964.4252907824
-964.4252804794
-964.4255226337
-964.4253757089
-964.4253955269
-964.4254631693
-964.4253481649
-964.4253776686
-964.4253595673
-964.4254378456
-964.4254901488
-964.4251850343
-964.4255468046
-964.4254876511
-964.4255190033
-964.4253363841
-964.4253896817
-964.4254709579
-964.4253042910
-964.4253365261
-964.4252857826
-964.4254070894
-964.4255485658
-964.4254481149
-964.4251585394
-964.4251924212
-964.4253639284
-964.4256062752
-964.4254653222
-964.4253370403
-964.4255956062
-964.4257751721
-964.4255737128
-964.4255961412
-964.4253497605
-964.4256352307
-964.4253679540
-964.4253105106
-964.4251663355
-964.4252212995
-964.4252973079
-964.4253259062
-964.4254587253
-964.4255370729
-964.4255161725
-964.4253499279
-964.4253934827
-964.4258306759
-964.4253089498
-964.4255351092
-964.4255293442
-964.4252994141
-964.4251664780
-964.4253789435
-964.4252098450
-964.4252580597
-964.4253437552
-964.4253246604
-964.4256988820
-964.4254888771
-964.4253956379
-964.4257510158
-964.4253775484
-964.4252158355
-964.4255838702
-964.4257635226
-964.4253307776
-964.4254331384
-964.4254179255
-964.4254315703
-964.4254811032
-964.4253094407
-964.4254925453
-964.4255116551
-964.4256233661
-964.4255265081
-964.4254319256
-964.4256072502
-964.4251534727
-964.4254143241
-964.4253321082
-964.4253087228
-964.4254465321
-964.4253337307
-964.4255143367
-964.4251986564
-964.4255836676
-964.4254809464
-964.4254057387
-964.4257666137
-964.4253025434
-964.4252549034
-964.4255618187
-964.4254424735
-964.4253864703
-964.4251737682
-964.4254061281
-964.4253298777
-964.4253869117
-964.4254442601
-964.4252333725
-964.4251623242
-964.4252295463
-964.4253329346
-964.4256334329
-964.4254108332
-964.4254644184
-964.4253357336
-964.4324984721
-964.4252020228
-964.4253407422
-964.4254708954
-964.4253778333
-964.4253681406
-964.4254089254
-964.4252831056
-964.4254838022
-964.4255425899
-964.4252994442
-964.4253115911
-964.4255425564
-964.4253569668
-964.4254108828
-964.4253153396
-964.4254276299
-964.4252207030
-964.4254428243
-964.4254463640
-964.4254641072
-964.4254229978
-964.4253065873
-964.4254844888
-964.4252966471
-964.4253474363
-964.4257601756
-964.4251103795
-964.4253131376
-964.4253411336
-964.4256557589
-964.4254047581
-964.4253952920
-964.4253814228
-964.4252517995
-964.4252083100
-964.4256822787
-964.4252969199
-964.4254178516
-964.4253531123
-964.4254058406
-964.4254996406
-964.4254826356
-964.4257376662
-964.4253342266
-964.4254871865
-964.4253792159
-964.4253951438
-964.4256503450
-964.4256824416
-964.4253423856
-964.4252858106
-964.4251470768
-964.4252001025
-964.4253887558
-964.4251075888
-964.4254756326
-964.4252427714
-964.4253402334
-964.4254245536
-964.4253753469
-964.4253010474
-964.4253047844
-964.4254896579
-964.4254404786
-964.4253414483
-964.4254636822
-964.4251551452
-964.4255878345
-964.4252442674
-964.4251493543
-964.4253200953
-964.4254326359
-964.4254307327
-964.4253384923
-964.4253908308
-964.4255573746
-964.4255452279
-964.4254373410
-964.4260321202
-964.4255167553
-964.4254508558
-964.4252454935
-964.4252959884
-964.4255387031
-964.4252259646
-964.4252225620
-964.4259711599
-964.4252211253
-964.4255047178
-964.4255009600
-964.4253677294
-964.4254237021
-964.4253785073
-964.4252022182
-964.4254482905
-964.4258080781
-964.4250814356
-964.4252843435
-964.4254853561
-964.4254775226
-964.4252850117
-964.4251478064
-964.4254008584
-964.4254049897
-964.4252446904
-964.4253240499
-964.4255365891
-964.4254347985
-964.4251797326
-964.4255107817
-964.4253145043
-964.4253995022
-964.4253924354
-964.4253822823
-964.4254295574
-964.4256428422
-964.4253336295
-964.4253138998
-964.4254855804
-964.4254046123
-964.4253673105
-964.4253388715
-964.4255453264
-964.4258003421
-964.4251917316
-964.4254426063
-964.4252220295
-964.4253722368
-964.4253689914
-964.4251513257
-964.4253250721
-964.4257694240
-964.4254074860
-964.4255220340
-964.4253317153
-964.4253422485
-964.4254536896
-964.4255757417
-964.4253181850
-964.4259630403
-964.4253742060
-964.4254975831
-964.4252102301
-964.4255472663
-964.4253752710
-964.4251608073
-964.4254126974
-964.4253225141
-964.4253637573
-964.4251674359
-964.4256804083
-964.4252389592
-964.4253383286
-964.4253933463
-964.4253779193
-964.4253389022
-964.4254461917
-964.4253086703
-964.4254579375
-964.4253028329
-964.4253755622
-964.4253668761
-964.4257228120
-964.4253190306
-964.4252796261
-964.4254611828
-964.4254003058
-964.4255797272
-964.4249880811
-964.4253638499
-964.4252737783
-964.4254132128
-964.4252577507
-964.4254061131
-964.4258689164
-964.4254168574
-964.4254648815
-964.4253118604
-964.4252120053
-964.4255814351
-964.4257882603
-964.4251769275
-964.4255808286
-964.4252163035
-964.4256768582
-964.4253200672
-964.4253460841
-964.4253464599
-964.4253615343
-964.4254280325
-964.4254497475
-964.4254586855
-964.4251855086
-964.4252110594
-964.4254713187
-964.4254223970
-964.4253786552
-964.4251591037
-964.4254784438
-964.4255783946
-964.4253956472
-964.4253930720
-964.4256353608
-964.4255922762
-964.4251547496
-964.4254439732
-964.4254590422
-964.4256505740
-964.4256480679
-964.4253921505
-964.4253826479
-964.4253751467
-964.4253108519
-964.4254310905
-964.4255325558
-964.4253733487
-964.4251941785
-964.4255498470
-964.4254615140
-964.4253460523
-964.4255855154
-964.4255609466
-964.4252687475
-964.4254026876
-964.4253643573
-964.4253497031
-964.4255747111
-964.4252984929
-964.4252034348
-964.4254418373
-964.4252664133
-964.4255549738
-964.4251551786
-964.4253768607
-964.4252627404
-964.4254727019
-964.4256196612
-964.4254907720
-964.4252864210
-964.4254428692
-964.4254454188
-964.4257314302
-964.4252827670
-964.4254515402
-964.4253959735
-964.4256432106
-964.4253808380
-964.4256877973
-964.4258036500
-964.4254584183
-964.4257628657
-964.4256116717
-964.4252410805
-964.4253754730
-964.4254650336
-964.4254482324
-964.4257746136
-964.4255252423
-964.4254184040
-964.4253913736
-964.4252603285
-964.4252494383
-964.4255289958
-964.4255815815
-964.4253368783
-964.4254672243
-964.4252301438
-964.4252949034
-964.4254398742
-964.4252639976
-964.4257623728
-964.4254055944
-964.4254676268
-964.4254648438
-964.4253716642
-964.4254625642
-964.4253579024
-964.4254119961
-964.4325527289
-964.4325228303
-964.4254016871
-964.4256826085
-964.4252482571
-964.4254369622
-964.4254079823
-964.4253432580
-964.4253849864
-964.4251469626
-964.4251850988
-964.4252955606
-964.4254077403
-964.4253452319
-964.4252905371
-964.4254055075
-964.4257625113
-964.4252870097
-964.4254103751
-964.4260281967
-964.4253075635
-964.4256511158
-964.4253808616
-964.4254578694
-964.4252180381
-964.4254355717
-964.4253127710
-964.4253221543
-964.4249561318
-964.4254431440
-964.4254367443
-964.4253409995
-964.4252657080
-964.4254554189
-964.4254615724
-964.4254677497
-964.4253241349
-964.4254018786
-964.4254964989
-964.4254336152
-964.4252302326
-964.4254107554
-964.4254291424
-964.4254111301
-964.4251915245
-964.4253408772
-964.4254020907
-964.4252704665
-964.4255644519
-964.4255614654
-964.4255285251
-964.4254465790
-964.4254527597
-964.4256335642
-964.4252376357
-964.4257767355
-964.4252205833
-964.4253982758
-964.4254269632
-964.4253609855
-964.4255256185
-964.4255060025
-964.4252725652
-964.4257794693
-964.4253602938
-964.4253316167
-964.4252716390
-964.4254012601
-964.4253639594
-964.4252603630
-964.4253180914
-964.4252394108
-964.4253486129
-964.4253429391
-964.4253079134
-964.4254733251
-964.4253530344
-964.4256046068
-964.4255377447
-964.4251795979
-964.4252892879
-964.4253443750
-964.4254037426
-964.4253192037
-964.4253421647
-964.4252668141
-964.4254677335
-964.4254060660
-964.4256445089
-964.4255011290
-964.4253269393
-964.4251695958
-964.4254318163
-964.4254007485
-964.4252483960
-964.4254625362
-964.4253552851
-964.4255260956
-964.4254266296
-964.4252083218
-964.4253682210
-964.4254277997
-964.4257922832
-964.4251916093
-964.4253526598
-964.4254934794
-964.4254853939
-964.4254310242
-964.4255166054
-964.4256661775
-964.4256276636
-964.4252000841
-964.4254795429
-964.4254250732
-964.4253187190
-964.4253127070
-964.4252336961
-964.4254871621
-964.4254643288
-964.4253034782
-964.4251299231
-964.4256767652
-964.4254540991
-964.4253912893
-964.4254082479
-964.4254737881
-964.4254256082
-964.4253976811
-964.4257263650
-964.4254367534
-964.4254200030
-964.4254468691
-964.4254064325
-964.4253567549
-964.4254167288
-964.4254005458
-964.4251613697
-964.4253024822
-964.4255948955
-964.4254544015
-964.4256809949
-964.4254375098
-964.4254205217
-964.4253760851
-964.4254461699
-964.4253907825
-964.4257645936
-964.4256425044
-964.4253844594
-964.4253644970
-964.4252677210
-964.4253672268
-964.4253266770
-964.4254171589
-964.4254482699
-964.4251457792
-964.4254010001
-964.4254732338
-964.4255048324
-964.4255089292
-964.4256962628
-964.4260946082
-964.4253420813
-964.4254283888
-964.4251962186
-964.4254853796
-964.4257770691
-964.4253903693
-964.4325970059
-964.4253196828
-964.4254187584
-964.4258487637
-964.4253015046
-964.4252033891
-964.4251549108
-964.4254216155
-964.4255747276
-964.4253493623
-964.4256320249
-964.4253075798
-964.4253905629
-964.4254290606
-964.4252888690
-964.4254434931
-964.4253246446
-964.4254214864
-964.4255670497
-964.4253600313
-964.4251568400
-964.4254451062
-964.4254272661
-964.4255575813
-964.4256880608
-964.4253742477
-964.4256071676
-964.4256474422
-964.4253790550
-964.4254945311
-964.4255159038
-964.4255026008
-964.4254100560
-964.4255628085
-964.4253712131
-964.4253881623
-964.4256208681
-964.4253105693
-964.4252641055
-964.4252186773
-964.4252067686
-964.4253802961
-964.4256842341
-964.4253612722
-964.4255304751
-964.4253821513
-964.4253383235
-964.4252452293
-964.4254805959
-964.4253467718
-964.4254049741
-964.4251258206
-964.4258171840
-964.4254443836
-964.4253022814
-964.4253895893
-964.4253452016
-964.4257272963
-964.4255798753
-964.4252994101
-964.4253316298
-964.4254060465
-964.4256931342
-964.4255871972
-964.4255930767
-964.4255370970
-964.4254689315
-964.4253719937
-964.4254140898
-964.4255471210
-964.4253673381
-964.4252491954
-964.4253928371
-964.4257661223
-964.4253382451
-964.4253187205
-964.4251381844
-964.4251598152
-964.4257283603
-964.4254441753
-964.4255018323
-964.4256414755
-964.4252898815
-964.4254038678
-964.4253725668
-964.4257080874
-964.4253004032
-964.4257422538
-964.4255254974
-964.4254006805
-964.4253279914
-964.4253652715
-964.4255619740
-964.4255885074
-964.4252487782
-964.4254343668
-964.4253412369
-964.4253147063
-964.4253128929
-964.4253519414
-964.4253776958
-964.4251561476
-964.4257396331
-964.4252951926
-964.4253891166
-964.4254806902
-964.4256841053
-964.4253018108
-964.4257764965
-964.4251325530
-964.4251102153
-964.4252200631
-964.4253317872
-964.4254705012
-964.4253434940
-964.4253028778
-964.4255697074
-964.4252195990
-964.4255228506
-964.4253222079
-964.4252952709
-964.4254842002
-964.4255325620
-964.4253874027
-964.4252480979
-964.4252916387
-964.4252685343
-964.4255208447
-964.4251823549
-964.4256612495
-964.4254699582
-964.4253114323
-964.4254701409
-964.4254489844
-964.4255062981
-964.4257492861
-964.4252313861
-964.4251875116
-964.4257124003
-964.4254929026
-964.4253631499
-964.4255398799
-964.4252463572
-964.4252751133
-964.4255853119
-964.4254371198
-964.4251873696
-964.4252692600
-964.4252794917
-964.4253884704
-964.4254418746
-964.4254055618
-964.4252517312
-964.4253802067
-964.4252889634
-964.4252946343
-964.4254954421
-964.4254704265
-964.4257777338
-964.4252547110
-964.4255570126
-964.4254017757
-964.4253185678
-964.4253463778
-964.4253867542
-964.4256415946
-964.4257766868
-964.4254120314
-964.4254718223
-964.4253276941
-964.4253323385
-964.4255659398
-964.4256530053
-964.4254132954
-964.4257770677
-964.4253855142
-964.4255335337
-964.4254620775
-964.4253316547
-964.4251822854
-964.4254256503
-964.4253308223
-964.4254445785
-964.4252831107
-964.4254758391
-964.4253793641
-964.4251768199
-964.4253100052
-964.4253855008
-964.4254901612
-964.4253910345
-964.4252463331
-964.4252926150
-964.4254679861
-964.4252483740
-964.4253125121
-964.4254592885
-964.4254117851
-964.4256447358
-964.4251995448
-964.4254248900
-964.4253379906
-964.4254554036
-964.4254634201
-964.4253843016
-964.4252278348
-964.4255122871
-964.4253349520
-964.4253104970
-964.4251232333
-964.4251615404
-964.4252110742
-964.4253945033
-964.4252989543
-964.4253444057
-964.4254791765
-964.4257269610
-964.4252324523
-964.4256495368
-964.4253952102
-964.4253821620
-964.4257614689
-964.4254249779
-964.4250233338
-964.4253335295
-964.4252130488
-964.4254913206
-964.4253903447
-964.4252222642
-964.4253060703
-964.4252931397
-964.4253496551
-964.4254109244
-964.4254354444
-964.4251133737
-964.4253079169
-964.4257516470
-964.4250764916
-964.4255524725
-964.4253603155
-964.4254374984
-964.4256028365
-964.4254171407
-964.4254511342
-964.4251933430
-964.4254924037
-964.4253278906
-964.4255591918
-964.4251398082
-964.4256479705
-964.4254375909
-964.4253204010
-964.4255432576
-964.4255478283
-964.4257090667
-964.4253851387
-964.4250632725
-964.4255748531
-964.4255152493
-964.4250715160
-964.4253600628
-964.4251754242
-964.4253943493
-964.4254029465
-964.4253408895
-964.4254249074
-964.4252924620
-964.4253577235
-964.4254748866
-964.4253589180
-964.4254560471
-964.4252440406
-964.4249780521
-964.4254173911
-964.4256319149
-964.4251336256
-964.4251562262
-964.4254674178
-964.4254864003
-964.4257775862
-964.4253631939
-964.4254983048
-964.4255116711
-964.4255524342
-964.4255034000
-964.4252424700
-964.4253458467
-964.4253936869
-964.4253455406
-964.4255498743
-964.4255149254
-964.4252911588
-964.4255122927
-964.4253820954
-964.4254118465
-964.4256968964
-964.4258075496
-964.4257747425
-964.4252737893
-964.4253782621
-964.4256918572
-964.4253347057
-964.4255875776
-964.4253519697
-964.4254578314
-964.4254901797
-964.4254971417
-964.4257768017
-964.4253411397
-964.4254065244
-964.4255640176
-964.4255066034
-964.4253878135
-964.4257189749
-964.4255391539
-964.4253825205
-964.4254049136
-964.4253414232
-964.4255599195
-964.4254097388
-964.4255646717
-964.4255233522
-964.4254572108
-964.4254052423
-964.4254164448
-964.4253239561
-964.4252357863
-964.4250871653
-964.4255284640
-964.4255329959
-964.4252646232
-964.4253213628
-964.4257611545
-964.4251242961
-964.4254730059
-964.4250216262
-964.4253857429
-964.4253862670
-964.4257758420
-964.4256376960
-964.4253901065
-964.4254425845
-964.4252557907
-964.4254907262
-964.4252924763
-964.4253640178
-964.4254062502
-964.4253144754
-964.4252605755
-964.4254240590
-964.4258421730
-964.4250761147
-964.4255646822
-964.4252447092
-964.4253741674
-964.4254235317
-964.4253568467
-964.4252903535
-964.4255167127
-964.4255287944
-964.4255308603
-964.4251049527
-964.4254483796
-964.4253460992
-964.4254214461
-964.4257619100
-964.4253771821
-964.4252927275
-964.4253349645
-964.4253618769
-964.4253442788
-964.4258553297
-964.4254562994
-964.4254263639
-964.4253254409
-964.4255634225
-964.4252686690
-964.4254187134
-964.4253198465
-964.4253875308
-964.4254121405
-964.4256022213
-964.4254150075
-964.4256839313
-964.4253034005
-964.4253336319
-964.4248658938
-964.4252718001
-964.4254962498
-964.4254029552
-964.4251279178
-964.4253498574
-964.4255274283
-964.4256127299
-964.4253478560
-964.4255486552
-964.4252790241
-964.4253805347
-964.4253059561
-964.4254274601
-964.4253922065
-964.4253627517
-964.4253778552
-964.4253695946
-964.4254108367
-964.4325584735
-964.4254232309
-964.4253954788
-964.4251914052
-964.4251080645
-964.4254848223
-964.4253153948
-964.4254728711
-964.4257742975
-964.4256734695
-964.4253736005
-964.4253901356
-964.4254209057
-964.4253408345
-964.4252322746
-964.4253385604
-964.4252556281
-964.4254444817
-964.4254661070
-964.4255222753
-964.4254419482
-964.4254700947
-964.4253777265
-964.4251148595
-964.4253163704
-964.4253911948
-964.4253278791
-964.4251985042
-964.4254659012
-964.4252001096
-964.4254519251
-964.4253156291
-964.4254195141
-964.4251889366
-964.4253483567
-964.4255225931
-964.4253853605
-964.4255462820
-964.4252614896
-964.4249857983
-964.4252046965
-964.4253948038
-964.4254069975
-964.4256457028
-964.4253178825
-964.4256128186
-964.4252174243
-964.4256225053
-964.4252300994
-964.4253436288
-964.4252875777
-964.4256099153
-964.4253963946
-964.4252080148
-964.4259288577
-964.4253658531
-964.4256635505
-964.4254385561
-964.4255115053
-964.4255655107
-964.4253639978
-964.4257775898
