-964.4163441391
-964.4185452032
-964.4120919293
-964.4146467409
-964.4123902518
-964.4164744107
-964.4147691428
-964.4125177284
-964.4072403331
-964.4161748640
-964.4253493233
-964.4255241913
-964.4253660826
-964.4254370714
-964.4254739372
-964.4255779722
-964.4254415003
-964.4250747610
-964.4250808781
-964.4250790428
-964.4251360718
-964.4253104778
-964.4253758863
-964.4253099054
-964.4251425977
-964.4252074191
-964.4254054018
-964.4253842925
-964.4271700036
-964.4272442251
-964.4272124309
-964.4271535409
-964.4269587163
-964.4268892515
-964.4271176637
-964.4270244235
-964.4268658706
-964.4269918107
-964.4270032601
-964.4269969666
-964.4270127317
-964.4268803509
-964.4267834109
-964.4269005670
-964.4269592694
-964.4270227722
-964.4269380995
-964.4271244644
-964.4268317604
-964.4268780169
-964.4269175259
-964.4269901205
-964.4253835731
-964.4254111761
-964.4250672490
-964.4253094040
-964.4252584626
-964.4251671426
-964.4254411974
-964.4252779014
-964.4251081467
-964.4254545092
-964.4253131082
-964.4252870698
-964.4254351705
-964.4253309121
-964.4253806126
-964.4253414077
-964.4267488793
-964.4268447843
-964.4270105914
-964.4269238111
-964.4268957437
-964.4268898551
-964.4268773794
-964.4269828614
-964.4269619874
-964.4268883182
-964.4268479343
-964.4270071284
-964.4269789149
-964.4269417210
-964.4270036964
-964.4269685818
-964.4268429183
-964.4269798546
-964.4269420868
-964.4270090267
-964.4269628874
-964.4253658956
-964.4252267820
-964.4252529926
-964.4253766195
-964.4253249212
-964.4254029170
-964.4250587324
-964.4257142406
-964.4256600292
-964.4252796913
-964.4253133241
-964.4254417301
-964.4253106556
-964.4253902098
-964.4252745205
-964.4255198728
-964.4254120145
-964.4251146815
-964.4252299064
-964.4255059684
-964.4251858376
-964.4268590597
-964.4254148865
-964.4251432027
-964.4253952827
-964.4255255201
-964.4252896426
-964.4254050508
-964.4253670851
-964.4251126619
-964.4254771917
-964.4252855019
-964.4251970797
-964.4252791157
-964.4255283396
-964.4252407327
-964.4253321159
-964.4252822659
-964.4254129953
-964.4253562647
-964.4252823795
-964.4257921550
-964.4254495666
-964.4252571441
-964.4254077008
-964.4254804220
-964.4254200989
-964.4253905574
-964.4254265561
-964.4250937516
-964.4251433171
-964.4257675189
-964.4254530178
-964.4252616108
-964.4254923543
-964.4257799387
-964.4252606420
-964.4253819925
-964.4253247171
-964.4253047974
-964.4259529832
-964.4253370154
-964.4253423052
-964.4254816108
-964.4253940645
-964.4252779659
-964.4252387252
-964.4252482098
-964.4254943129
-964.4249314543
-964.4254965218
-964.4251226729
-964.4254406271
-964.4252964022
-964.4256556476
-964.4253948555
-964.4254676692
-964.4255303548
-964.4252770726
-964.4252925161
-964.4253120111
-964.4252141711
-964.4252770273
-964.4253767930
-964.4253126682
-964.4255114881
-964.4251223793
-964.4253342005
-964.4252673556
-964.4255067050
-964.4253979116
-964.4252534417
-964.4254542963
-964.4254776758
-964.4254636274
-964.4254314751
-964.4253141269
-964.4253396445
-964.4253100468
-964.4253737520
-964.4253676371
-964.4253339396
-964.4254148256
-964.4251432277
-964.4253097408
-964.4253458641
-964.4251991150
-964.4254373166
-964.4253517629
-964.4251443952
-964.4252869133
-964.4254867891
-964.4253492862
-964.4253884517
-964.4252603402
-964.4251005834
-964.4253475688
-964.4254493183
-964.4252755772
-964.4252745938
-964.4253099861
-964.4253606145
-964.4256713473
-964.4252943728
-964.4268596949
-964.4253481562
-964.4254338661
-964.4251254031
-964.4254468410
-964.4254032867
-964.4254281232
-964.4252679713
-964.4254447854
-964.4254131507
-964.4253441751
-964.4255566172
-964.4256875475
-964.4253806512
-964.4252330272
-964.4253152326
-964.4253716881
-964.4253284643
-964.4254992933
-964.4252450016
-964.4259996919
-964.4255828476
-964.4251681974
-964.4252950306
-964.4251864754
-964.4255807825
-964.4253972265
-964.4255425715
-964.4253203678
-964.4268647400
-964.4254527378
-964.4253906948
-964.4252660126
-964.4253035995
-964.4252011285
-964.4253885768
-964.4251485332
-964.4255843401
-964.4259413778
-964.4252771533
-964.4253525910
-964.4255806038
-964.4253048898
-964.4252564609
-964.4252841636
-964.4253500002
-964.4253992118
-964.4255429038
-964.4253375025
-964.4253451346
-964.4255888220
-964.4253700601
-964.4252531662
-964.4252130687
-964.4254816655
-964.4254301161
-964.4255622034
-964.4252590997
-964.4254258971
-964.4253853072
-964.4254052545
-964.4258778543
-964.4253250672
-964.4253173707
-964.4252541132
-964.4253400383
-964.4252285352
-964.4253321550
-964.4252815067
-964.4252832967
-964.4252840278
-964.4254964314
-964.4252891410
-964.4260830199
-964.4253883251
-964.4254247729
-964.4252864796
-964.4253659970
-964.4252549355
-964.4253611593
-964.4253813693
-964.4256310784
-964.4254167221
-964.4253487236
-964.4252297401
-964.4250602575
-964.4253743507
-964.4254256164
-964.4253701021
-964.4252263005
-964.4253781878
-964.4254626662
-964.4268649604
-964.4253736705
-964.4253025149
-964.4253229456
-964.4255005834
-964.4253715457
-964.4253291183
-964.4253928281
-964.4252536256
-964.4253179162
-964.4252952396
-964.4252988206
-964.4253141377
-964.4260077539
-964.4254117570
-964.4255188589
-964.4252824637
-964.4255797322
-964.4252817924
-964.4253880217
-964.4250864455
-964.4253372916
-964.4253337436
-964.4252556579
-964.4254507236
-964.4254688884
-964.4253607718
-964.4259096134
-964.4254390915
-964.4253933163
-964.4268564782
-964.4252063321
-964.4252673084
-964.4252080011
-964.4253614909
-964.4250042297
-964.4252072507
-964.4252296219
-964.4254569888
-964.4253012725
-964.4256359670
-964.4252198679
-964.4253247229
-964.4252542535
-964.4254504509
-964.4251483126
-964.4255339426
-964.4252052483
-964.4253164587
-964.4254075677
-964.4253882304
-964.4254018321
-964.4252983136
-964.4254578884
-964.4252123353
-964.4253403461
-964.4252572897
-964.4256626929
-964.4253951976
-964.4253792797
-964.4253978200
-964.4252655589
-964.4253242280
-964.4252047998
-964.4252523974
-964.4253916703
-964.4252081625
-964.4253236716
-964.4253457916
-964.4253139431
-964.4252766100
-964.4255881694
-964.4252285983
-964.4254725302
-964.4252973633
-964.4253139194
-964.4252524805
-964.4252067599
-964.4250972573
-964.4252931831
-964.4254177817
-964.4252949652
-964.4253265746
-964.4252652671
-964.4252929753
-964.4254385460
-964.4254153871
-964.4259477559
-964.4253036809
-964.4252687454
-964.4252633160
-964.4252949749
-964.4268600127
-964.4254557028
-964.4253936869
-964.4255285542
-964.4253424964
-964.4254347179
-964.4252821984
-964.4253915774
-964.4253440057
-964.4253844786
-964.4253162387
-964.4252723745
-964.4254133017
-964.4251458848
-964.4254706064
-964.4253855462
-964.4251570817
-964.4253916491
-964.4254176732
-964.4268539562
-964.4255806314
-964.4252012322
-964.4251851175
-964.4253652211
-964.4254475951
-964.4253680065
-964.4259503408
-964.4253783283
-964.4253015954
-964.4254696296
-964.4252776053
-964.4251391061
-964.4255461696
-964.4255813898
-964.4253883389
-964.4254639326
-964.4252311696
-964.4252706323
-964.4254828003
-964.4262569647
-964.4254435575
-964.4254187140
-964.4254765338
-964.4252366725
-964.4252069418
-964.4253560267
-964.4253394069
-964.4253721013
-964.4253161678
-964.4254543235
-964.4255327996
-964.4253449536
-964.4254128527
-964.4252889506
-964.4254944529
-964.4254306250
-964.4253499453
-964.4253307265
-964.4255379105
-964.4252378031
-964.4251959285
-964.4255570306
-964.4252285790
-964.4253749937
-964.4254540177
-964.4253102530
-964.4253617564
-964.4253962910
-964.4252369995
-964.4253568184
-964.4255144739
-964.4252237552
-964.4255697891
-964.4252646650
-964.4254212964
-964.4252511752
-964.4253812164
-964.4253797946
-964.4249767283
-964.4252082125
-964.4254232520
-964.4254548283
-964.4254220509
-964.4254185564
-964.4253200198
-964.4251664242
-964.4251791527
-964.4252450532
-964.4254794276
-964.4252729769
-964.4252575057
-964.4253358598
-964.4254612294
-964.4254032128
-964.4253937921
-964.4253463674
-964.4253879824
-964.4252440926
-964.4253197937
-964.4253007341
-964.4254386784
-964.4254999752
-964.4252839434
-964.4252649134
-964.4253114395
-964.4252685057
-964.4253271117
-964.4254534846
-964.4268543519
-964.4257464175
-964.4252793616
-964.4254106136
-964.4254120084
-964.4253026883
-964.4252451645
-964.4253072838
-964.4254181823
-964.4254489068
-964.4252941458
-964.4254789838
-964.4252899090
-964.4254930598
-964.4254477518
-964.4253549530
-964.4254394482
-964.4253551774
-964.4253157188
-964.4253884039
-964.4252326052
-964.4268475634
-964.4253972821
-964.4256342486
-964.4252452044
-964.4252133416
-964.4253578960
-964.4252704291
-964.4255169336
-964.4255106049
-964.4268628643
-964.4252817113
-964.4253664665
-964.4252886462
-964.4268575450
-964.4254316707
-964.4254108843
-964.4254615120
-964.4253147503
-964.4254656868
-964.4253089151
-964.4254464707
-964.4256103734
-964.4254377272
-964.4253197887
-964.4251079891
-964.4253686569
-964.4254013738
-964.4253421752
-964.4254673651
-964.4253929521
-964.4254018076
-964.4252094274
-964.4252861284
-964.4253272264
-964.4253087110
-964.4251853889
-964.4252955872
-964.4253210598
-964.4251692825
-964.4256247156
-964.4253237584
-964.4252278232
-964.4252042553
-964.4253808468
-964.4255268989
-964.4256817740
-964.4253830001
-964.4253040487
-964.4252095125
-964.4253660440
-964.4252930656
-964.4253831298
-964.4253804869
-964.4249854043
-964.4252918372
-964.4253723520
-964.4251639892
-964.4254012242
-964.4259094706
-964.4268583281
-964.4254287720
-964.4253207808
-964.4252796069
-964.4254039854
-964.4254177529
-964.4253591890
-964.4256228736
-964.4251971834
-964.4255016061
-964.4254932585
-964.4254204732
-964.4251102113
-964.4252928727
-964.4254245021
-964.4252480156
-964.4253478118
-964.4252312507
-964.4253521377
-964.4253532297
-964.4254594861
-964.4251679170
-964.4253535175
-964.4253599384
-964.4253766651
-964.4254109330
-964.4254042518
-964.4252482557
-964.4253259530
-964.4252665044
-964.4252564437
-964.4256859704
-964.4251472161
-964.4253473028
-964.4253430007
-964.4257989970
-964.4253387938
-964.4253842081
-964.4252914077
-964.4253832188
-964.4253548079
-964.4252649032
-964.4254547261
-964.4253300096
-964.4255471423
-964.4255053252
-964.4252718670
-964.4251077976
-964.4254573738
-964.4253052418
-964.4253992554
-964.4254499942
-964.4254772262
-964.4254687654
-964.4253464524
-964.4253178436
-964.4253787751
-964.4252568087
-964.4254251251
-964.4252522038
-964.4254300307
-964.4253036312
-964.4253768184
-964.4253106216
-964.4253911554
-964.4251259369
-964.4254712532
-964.4252580415
-964.4254986069
-964.4252020898
-964.4254744395
-964.4254278892
-964.4253372508
-964.4254693372
-964.4252787628
-964.4251683660
-964.4252742914
-964.4252018040
-964.4253208293
-964.4251640844
-964.4254636496
-964.4253067491
-964.4254299322
-964.4252309647
-964.4255160062
-964.4255388161
-964.4253170812
-964.4253252290
-964.4253974160
-964.4252973034
-964.4253039152
-964.4254179940
-964.4252029096
-964.4254533955
-964.4255157386
-964.4253332535
-964.4253857309
-964.4254186368
-964.4251528323
-964.4253543475
-964.4253514995
-964.4253109260
-964.4252785578
-964.4255250013
-964.4253468150
-964.4254886697
-964.4255404317
-964.4254516011
-964.4255660002
-964.4254496524
-964.4253061955
-964.4251835553
-964.4253572800
-964.4255788404
-964.4255354223
-964.4253369513
-964.4253364768
-964.4253579113
-964.4254279504
-964.4253714774
-964.4252655774
-964.4268447458
-964.4253724105
-964.4253698552
-964.4253017338
-964.4254277952
-964.4254507852
-964.4253505430
-964.4252353255
-964.4252300363
-964.4254324692
-964.4252811160
-964.4257652884
-964.4254335502
-964.4251547612
-964.4253689046
-964.4253490635
-964.4253740407
-964.4253650782
-964.4251713910
-964.4251525637
-964.4253897988
-964.4252801492
-964.4253134400
-964.4251899589
-964.4252969184
-964.4251233223
-964.4253297848
-964.4248878056
-964.4252036804
-964.4253812548
-964.4252599049
-964.4254161860
-964.4255503432
-964.4253080432
-964.4254435706
-964.4252179322
-964.4253985360
-964.4252777538
-964.4251857233
-964.4252120419
-964.4255195577
-964.4253082416
-964.4252832243
-964.4254321446
-964.4253153788
-964.4254098463
-964.4254485421
-964.4254744361
-964.4253823919
-964.4254938396
-964.4253716473
-964.4252483964
-964.4253603426
-964.4253541002
-964.4251212792
-964.4257149588
-964.4253753362
-964.4255096364
-964.4253501212
-964.4257021691
-964.4253379524
-964.4257352279
-964.4255093763
-964.4251130749
-964.4255147950
-964.4253736881
-964.4252130915
-964.4252994057
-964.4253589895
-964.4251913153
-964.4256199774
-964.4251349233
-964.4253048964
-964.4252675702
-964.4253709636
-964.4253872101
-964.4252955909
-964.4252115934
-964.4251962649
-964.4254423380
-964.4253125567
-964.4250807360
-964.4254679089
-964.4254109805
-964.4253551081
-964.4253301846
-964.4253871814
-964.4254514957
-964.4253584037
-964.4253181846
-964.4253099168
-964.4252665379
-964.4253084537
-964.4253828771
-964.4254112546
-964.4253262907
-964.4258648749
-964.4254360403
-964.4254720351
-964.4252240560
-964.4268623002
-964.4253329718
-964.4252033924
-964.4252895745
-964.4257910236
-964.4255627841
-964.4252381901
-964.4253963968
-964.4254276575
-964.4252645360
-964.4253675827
-964.4254379114
-964.4252731762
-964.4253240067
-964.4254814666
-964.4254149052
-964.4253018003
-964.4255658792
-964.4253693388
-964.4252502013
-964.4253948111
-964.4253586249
-964.4253656400
-964.4252008878
-964.4252705091
-964.4252581684
-964.4252369582
-964.4252836827
-964.4253057661
-964.4253170010
-964.4253897614
-964.4251996665
-964.4254671133
-964.4253562505
-964.4253376158
-964.4253401229
-964.4250664288
-964.4252232714
-964.4254723062
-964.4250532303
-964.4254073460
-964.4253000490
-964.4254221135
-964.4252317233
-964.4256444631
-964.4253999441
-964.4251706066
-964.4254662725
-964.4254571526
-964.4252358574
-964.4253373258
-964.4251301075
-964.4252519563
-964.4255054213
-964.4254206547
-964.4253168056
-964.4268562475
-964.4254321138
-964.4252924704
-964.4253388830
-964.4252378068
-964.4253918139
-964.4252171753
-964.4251572939
-964.4252712526
-964.4252414753
-964.4253297165
-964.4255089424
-964.4253846713
-964.4253432580
-964.4254293364
-964.4253398076
-964.4254193944
-964.4253763917
-964.4252014848
-964.4254873195
-964.4252504411
-964.4253520310
-964.4268752478
-964.4255216121
-964.4252652139
-964.4252557719
-964.4255719927
-964.4252968411
-964.4254244241
-964.4253285783
-964.4253595209
-964.4253628739
-964.4254311076
-964.4252532795
-964.4253279223
-964.4256186240
-964.4253550201
-964.4253391412
-964.4268678723
-964.4253626370
-964.4255000925
-964.4253925092
-964.4254801838
-964.4253246290
-964.4254494997
-964.4253743668
-964.4255073229
-964.4252137487
-964.4253849740
-964.4253977028
-964.4253744713
-964.4253420672
-964.4254295685
-964.4254721518
-964.4254278959
-964.4254997876
-964.4268522204
-964.4252537901
-964.4255452748
-964.4268702161
-964.4254390573
-964.4254968578
-964.4253010673
-964.4253279696
-964.4251810961
-964.4255813684
-964.4253936745
-964.4256453524
-964.4253722057
-964.4251101387
-964.4252206767
-964.4252557949
-964.4268568267
-964.4252308389
-964.4253739656
-964.4252362208
-964.4252662264
-964.4254467069
-964.4253809658
-964.4253647671
-964.4254175010
-964.4254828304
-964.4253744216
-964.4253319317
-964.4253226891
-964.4253933892
-964.4252365258
-964.4253467936
-964.4253791807
-964.4253512006
-964.4257248008
-964.4254158403
-964.4253044429
-964.4256281824
-964.4254142070
-964.4268563586
-964.4254622032
-964.4254674651
-964.4252636219
-964.4252728022
-964.4253290699
-964.4256737476
-964.4253144225
-964.4253568223
-964.4251412854
-964.4268723710
-964.4252722943
-964.4251806786
-964.4253682213
-964.4249651154
-964.4253515177
-964.4252681059
-964.4253901338
-964.4253144280
-964.4253184538
-964.4252906453
-964.4252413496
-964.4252772405
-964.4254821589
-964.4253210086
-964.4255006140
-964.4252544855
-964.4250829246
-964.4253387835
-964.4254172460
-964.4253245324
-964.4253381865
-964.4253909240
-964.4254765250
-964.4253253342
-964.4254074362
-964.4252218076
-964.4252819710
-964.4251207569
-964.4254595961
-964.4253808566
-964.4255628143
-964.4253745682
-964.4255523137
-964.4253705148
-964.4254539650
-964.4255368206
-964.4255122626
-964.4253112314
-964.4253147082
-964.4252583799
-964.4252061923
-964.4252340379
-964.4252937682
-964.4254146807
-964.4253211631
-964.4258473976
-964.4252767587
-964.4252274466
-964.4253142568
-964.4256788608
-964.4253893630
-964.4253338710
-964.4253642389
-964.4253704375
-964.4256158981
-964.4252123037
-964.4254361455
-964.4254620450
-964.4253166703
-964.4254331938
-964.4252231511
-964.4254792026
-964.4252254480
-964.4254024409
-964.4253018570
-964.4253479069
-964.4253301730
-964.4254598982
-964.4252675658
-964.4254132236
-964.4253145971
-964.4252967399
-964.4253384620
-964.4253421094
-964.4253856946
-964.4252759675
-964.4253081629
-964.4253415360
-964.4257463151
-964.4253084910
-964.4262043519
-964.4254523177
-964.4252036564
-964.4258380413
-964.4254939478
-964.4251803005
-964.4254570743
-964.4253996062
-964.4255249587
-964.4254734239
-964.4254788126
-964.4254229751
-964.4254908864
-964.4253205015
-964.4252895319
-964.4253950020
-964.4254016291
-964.4254472748
-964.4254684023
-964.4253659132
-964.4253724019
-964.4253189416
-964.4252669457
-964.4268672503
-964.4253438317
-964.4252984147
-964.4253091263
-964.4254530613
-964.4252472636
-964.4254874862
-964.4253409801
-964.4255607322
-964.4254246552
-964.4252911702
-964.4252774059
-964.4253346514
-964.4254420418
-964.4252851417
-964.4253271348
-964.4268638660
-964.4253460035
-964.4253103891
-964.4252019858
-964.4253708912
-964.4250902714
-964.4253992578
-964.4254036590
-964.4253284819
-964.4254176377
-964.4253681560
-964.4253086394
-964.4255598005
-964.4253169911
-964.4252800282
-964.4253629106
-964.4254365011
-964.4253864173
-964.4254288297
-964.4255117003
-964.4251837167
-964.4252792835
-964.4253332456
-964.4253967790
-964.4253797458
-964.4252108140
-964.4253584654
-964.4254206576
-964.4253796567
-964.4254731836
-964.4253686729
-964.4253321193
-964.4252781991
-964.4252357967
-964.4254148658
-964.4254036362
-964.4252346678
-964.4255825380
-964.4253612574
-964.4250290766
-964.4254935282
-964.4254655313
-964.4268711192
-964.4253070067
-964.4255165509
-964.4254094754
-964.4262014032
-964.4254251919
-964.4255304406
-964.4254794687
-964.4253834552
-964.4252550503
-964.4254497877
-964.4252491189
-964.4253270873
-964.4253648169
-964.4252320065
-964.4254347420
-964.4254817812
-964.4252366585
-964.4251512273
-964.4254944664
-964.4252970118
-964.4252930555
-964.4250829156
-964.4254986527
-964.4253232408
-964.4251068205
-964.4253376733
-964.4252152598
-964.4253892875
-964.4254012172
-964.4252432277
-964.4252101269
-964.4254016014
-964.4252660403
-964.4252749645
-964.4253582598
-964.4254848840
-964.4254672898
-964.4254924668
-964.4252640695
-964.4254398133
-964.4254216632
-964.4252732413
-964.4252371927
-964.4251759823
-964.4251562344
-964.4250984677
-964.4268455400
-964.4257644252
-964.4251547703
-964.4252731173
-964.4253842951
-964.4254256322
-964.4252677637
-964.4254895393
-964.4252589204
-964.4252078018
-964.4254635202
-964.4251495274
-964.4252305459
-964.4252148459
-964.4252822864
-964.4254238227
-964.4251735108
-964.4251669568
-964.4268466884
-964.4255908623
-964.4252079627
-964.4253364392
-964.4253083466
-964.4254219609
-964.4251784438
-964.4256356166
-964.4254260652
-964.4253002184
-964.4252199095
-964.4254826164
-964.4254754348
-964.4253637390
-964.4252548704
-964.4251787153
-964.4253941178
-964.4253612780
-964.4251882682
-964.4253903270
-964.4252811892
-964.4251619962
-964.4253455059
-964.4252293555
-964.4253032408
-964.4250657535
-964.4255608005
-964.4253698055
-964.4253515031
-964.4253041638
-964.4253018418
-964.4263151536
-964.4251871118
-964.4253222921
-964.4253291069
-964.4253430884
-964.4253808442
-964.4252308073
-964.4254337659
-964.4253309006
-964.4254038516
-964.4254678213
-964.4251771928
-964.4252382645
-964.4251908378
-964.4254797812
-964.4251025083
-964.4252127961
-964.4254288497
-964.4253763564
-964.4253165723
-964.4253369070
-964.4250919679
-964.4253269434
-964.4253220793
-964.4253100073
-964.4253056240
-964.4269097878
-964.4250681172
-964.4253134042
-964.4253892383
-964.4253594934
-964.4254199097
-964.4257119758
-964.4253743220
-964.4252378079
-964.4252989531
-964.4254549838
-964.4256213902
-964.4252047137
-964.4255913197
-964.4254300047
-964.4251376867
-964.4253540413
-964.4252661593
-964.4252402631
-964.4252886937
-964.4253672543
-964.4254102158
-964.4251607161
-964.4253457964
-964.4253617210
-964.4252042850
-964.4253839094
-964.4253659601
-964.4253895114
-964.4254519615
-964.4254673459
-964.4251584566
-964.4253869832
-964.4252278434
-964.4254352052
-964.4254405456
-964.4254475497
-964.4252360373
-964.4253176121
-964.4253114583
-964.4250611164
-964.4253160481
-964.4252348902
-964.4251773195
-964.4254235494
-964.4252722150
-964.4254524650
-964.4253865884
-964.4254721931
-964.4252973013
-964.4254242690
-964.4253191313
-964.4254321367
-964.4254641272
-964.4252127719
-964.4253683938
-964.4254204612
-964.4253365369
-964.4254139032
-964.4255817960
-964.4253456421
-964.4252994661
-964.4253304210
-964.4254097278
-964.4250430464
-964.4252777808
-964.4251945181
-964.4268637509
-964.4268485324
-964.4253534882
-964.4253816024
-964.4253940992
-964.4252498279
-964.4252570327
-964.4253852609
-964.4255146312
-964.4254687392
-964.4250681631
-964.4253332590
-964.4252739457
-964.4254739560
-964.4252926255
-964.4254715121
-964.4255477659
-964.4254288336
-964.4252364549
-964.4253424591
-964.4254718950
-964.4253271334
-964.4254080243
-964.4265021480
-964.4251407419
-964.4252874922
-964.4253019900
-964.4253428186
-964.4253059202
-964.4252239541
-964.4268704744
-964.4253839404
-964.4254758153
-964.4254854426
-964.4253283565
-964.4254735195
-964.4254742196
-964.4251817733
-964.4255054097
-964.4268583448
-964.4255213908
-964.4253198369
-964.4254361538
-964.4252372544
-964.4249350000
-964.4255607032
-964.4255223437
-964.4254141165
-964.4252833846
-964.4253559755
-964.4255533113
-964.4254954589
-964.4253674644
-964.4254582435
-964.4253247402
-964.4252491780
-964.4252906735
-964.4253937577
-964.4251573160
-964.4252117191
-964.4254026742
-964.4255253679
-964.4253235802
-964.4252796671
-964.4250774391
-964.4253418295
-964.4252601446
-964.4253220675
-964.4252847691
-964.4252236780
-964.4252361000
-964.4253396222
-964.4253690492
-964.4252551186
-964.4251645623
-964.4250187116
-964.4252357722
-964.4252374140
-964.4249878507
-964.4253898618
-964.4253187534
-964.4252923343
-964.4253595438
-964.4252788331
-964.4254281782
-964.4252871145
-964.4254193174
-964.4254079336
-964.4251888299
-964.4254005126
-964.4252893216
-964.4253767986
-964.4252722395
-964.4253527916
-964.4252139556
-964.4251807341
-964.4252711245
-964.4251502804
-964.4254212092
-964.4252107369
-964.4253268434
-964.4250500018
-964.4254976779
-964.4254132412
-964.4252880065
-964.4256222194
-964.4252851680
-964.4253832402
-964.4253458530
-964.4253843753
-964.4268579736
-964.4255029434
-964.4262046879
-964.4253254489
-964.4252479743
-964.4252231967
-964.4252977892
-964.4253989411
-964.4254568030
-964.4254996482
-964.4252415539
-964.4252286744
-964.4253686082
-964.4256644025
-964.4254230278
-964.4252307687
-964.4254025596
-964.4253346116
-964.4254532808
-964.4252962776
-964.4268525163
-964.4254806004
-964.4252618642
-964.4252917406
-964.4253582346
-964.4253685783
-964.4252908971
-964.4252280293
-964.4253218462
-964.4253148224
-964.4253587030
-964.4254877999
-964.4253221901
-964.4253683767
-964.4254322430
-964.4251618051
-964.4252890975
-964.4254759094
-964.4253072623
-964.4253262999
-964.4254348005
-964.4252864068
-964.4251342307
-964.4253969145
-964.4250323486
-964.4253348902
-964.4251070305
-964.4253212704
-964.4254192753
-964.4253318675
-964.4252420633
-964.4253774851
-964.4251402676
-964.4254189903
-964.4252238024
-964.4253940144
-964.4253284140
-964.4254122339
-964.4252450132
-964.4252691004
-964.4253246597
-964.4256850762
-964.4254195081
-964.4252381213
-964.4253823630
-964.4253809947
-964.4253927942
-964.4252594025
-964.4257001120
-964.4253617060
-964.4253902434
-964.4254286773
-964.4253298433
-964.4252286771
-964.4252551777
-964.4254331453
-964.4254310410
-964.4253925533
-964.4252341442
-964.4254997344
-964.4253960978
-964.4254100068
-964.4253860039
-964.4261184538
-964.4252457260
-964.4252946810
-964.4252946971
-964.4255590037
-964.4253733984
-964.4253955882
-964.4253033425
-964.4256529080
-964.4252386401
-964.4254449400
-964.4251459657
-964.4253490829
-964.4253212471
-964.4253629171
-964.4252002549
-964.4251240795
-964.4257539369
-964.4253994523
-964.4252392705
-964.4252343800
-964.4251870136
-964.4252476910
-964.4254622878
-964.4254150718
-964.4253328045
-964.4251887219
-964.4254480885
-964.4253954304
-964.4250817332
-964.4255073611
-964.4268740815
-964.4253090614
-964.4257696071
-964.4253053346
-964.4255375456
-964.4255154906
-964.4252455398
-964.4251636309
-964.4254274971
-964.4254401340
-964.4251793063
-964.4255714652
-964.4252862695
-964.4253086205
-964.4252597220
-964.4252651404
-964.4254067659
-964.4253195487
-964.4254006513
-964.4253791096
-964.4253838459
-964.4255128966
-964.4254552807
-964.4254652164
-964.4254582812
-964.4253804638
-964.4252976467
-964.4254482067
-964.4251883775
-964.4251143041
-964.4254610240
-964.4255531780
-964.4252761308
-964.4252366004
-964.4252344936
-964.4254749089
-964.4253058021
-964.4253200072
-964.4252917666
-964.4252635327
-964.4254018934
-964.4253298679
-964.4253430877
-964.4253821534
-964.4255899738
-964.4252709383
-964.4253936868
-964.4254176142
-964.4253280832
-964.4252077277
-964.4253647985
-964.4253237247
-964.4253668914
-964.4253924569
-964.4252500167
-964.4253133112
-964.4255112090
-964.4252380919
-964.4252531408
-964.4252030651
-964.4252556811
-964.4252422677
-964.4252218959
-964.4252906820
-964.4253892814
-964.4252336138
-964.4252472849
-964.4252821612
-964.4251936284
-964.4253505292
-964.4254351160
-964.4253401748
-964.4253018063
-964.4253999480
-964.4254468486
-964.4252585187
-964.4254655881
-964.4251935521
-964.4251041517
-964.4254044104
-964.4253098555
-964.4253931320
-964.4252944318
-964.4254408529
-964.4254052086
-964.4253734344
-964.4251796368
-964.4252484710
-964.4256146661
-964.4255751657
-964.4253523778
-964.4253605151
-964.4256931798
-964.4251605004
-964.4255010064
-964.4251644129
-964.4252593785
-964.4256779363
-964.4255495945
-964.4254448195
-964.4252943298
-964.4254407215
-964.4253234951
-964.4252821428
-964.4254735246
-964.4254556388
-964.4253391103
-964.4252304522
-964.4254733615
-964.4253065092
-964.4251954369
-964.4253287662
-964.4254064581
-964.4253226284
-964.4253232841
-964.4251147520
-964.4252707633
-964.4253686689
-964.4253286149
-964.4252977368
-964.4252835009
-964.4252955126
-964.4253759119
-964.4252985335
-964.4253521218
-964.4253392833
-964.4255496576
-964.4254115867
-964.4253270253
-964.4253166605
-964.4253679545
-964.4254117462
-964.4252951938
-964.4254644184
-964.4257339816
-964.4253545920
-964.4254347557
-964.4253584883
-964.4253084119
-964.4268579269
-964.4253571737
-964.4252133304
-964.4252536364
-964.4251840652
-964.4252338564
-964.4253345466
-964.4253833303
-964.4253659559
-964.4251972814
-964.4253070285
-964.4254946646
-964.4253384010
-964.4254339999
-964.4253214215
-964.4256521429
-964.4254132038
-964.4254155579
-964.4253613117
-964.4253437512
-964.4254372538
-964.4254750570
-964.4253612291
-964.4252729092
-964.4255622986
-964.4252422958
-964.4253559776
-964.4253622711
-964.4252656774
-964.4253338755
-964.4250321379
-964.4252449001
-964.4253387945
-964.4255624135
-964.4252922538
-964.4253961297
-964.4252986051
-964.4253796605
-964.4252608248
-964.4254693284
-964.4253913552
-964.4253568764
-964.4254513183
-964.4253759156
-964.4253385608
-964.4252732545
-964.4256105090
-964.4253368858
-964.4253382545
-964.4250711754
-964.4253595932
-964.4253346619
-964.4254500460
-964.4252361127
-964.4254079493
-964.4252938844
-964.4254072304
-964.4253885021
-964.4253341284
-964.4254148056
-964.4253309660
-964.4254686199
-964.4253456869
-964.4254582980
-964.4254109675
-964.4253822855
-964.4252717365
-964.4254814639
-964.4254413783
-964.4252681410
-964.4258073462
-964.4251416697
-964.4252583225
-964.4253670965
-964.4254094234
-964.4254612280
-964.4268673899
-964.4252767259
-964.4255743441
-964.4253055655
-964.4253239785
-964.4256163321
-964.4254581116
-964.4252296756
-964.4256840524
-964.4253678068
-964.4253175351
-964.4251794102
-964.4252319518
-964.4254866639
-964.4253231333
-964.4251807381
-964.4252042524
-964.4253504261
-964.4251409491
-964.4253809679
-964.4253254696
-964.4252558186
-964.4254149249
-964.4252019391
-964.4251236545
-964.4256789090
-964.4253045362
-964.4254341004
-964.4252122720
-964.4253655698
-964.4254313464
-964.4253089378
-964.4255124274
-964.4252152856
-964.4253633391
-964.4254482417
-964.4253328286
-964.4252039418
-964.4251846227
-964.4254567718
-964.4252895540
-964.4254232680
-964.4253931374
-964.4254137561
-964.4253859811
-964.4253431141
-964.4255862698
-964.4251627149
-964.4253803301
-964.4253878830
-964.4268520472
-964.4251919141
-964.4253986006
-964.4253560420
-964.4254321758
-964.4253289660
-964.4253436649
-964.4252995152
-964.4253077846
-964.4254230782
-964.4254568711
-964.4253537822
-964.4251774767
-964.4252389453
-964.4252654231
-964.4251658951
-964.4253059004
-964.4253460703
-964.4254547263
-964.4253096302
-964.4253888309
-964.4255168328
-964.4253028040
-964.4252357164
-964.4252488325
-964.4253142741
-964.4253340296
-964.4252761477
-964.4250507721
-964.4254526331
-964.4253523879
-964.4253624849
-964.4253877905
-964.4253325897
-964.4256999748
-964.4252384543
-964.4252865713
-964.4268559042
-964.4254573152
-964.4251783466
-964.4251936550
-964.4262260718
-964.4254452405
-964.4254895703
-964.4251698003
-964.4253050631
-964.4254760274
-964.4253725993
-964.4253607812
-964.4254162533
-964.4253931825
-964.4252633325
-964.4252664758
-964.4255320039
-964.4252361636
-964.4255535220
-964.4254549382
-964.4253554422
-964.4254595576
-964.4252664539
-964.4253240328
-964.4253617032
-964.4253198717
-964.4253455743
-964.4253992961
-964.4253976392
-964.4253868572
-964.4253231143
-964.4253214995
-964.4252545080
-964.4252827964
-964.4252730984
-964.4254128054
-964.4255483444
-964.4254114495
-964.4252883494
-964.4252462749
-964.4251939686
-964.4253856259
-964.4252393193
-964.4251862634
-964.4252458749
-964.4254544497
-964.4251029769
-964.4251797801
-964.4252805946
-964.4255599839
-964.4252012491
-964.4252372545
-964.4255221676
-964.4254664749
-964.4253675109
-964.4254413411
-964.4254333966
-964.4253962827
-964.4251990676
-964.4253537279
-964.4254477205
-964.4253235755
-964.4256063066
-964.4252300865
-964.4252869827
-964.4252021211
-964.4252963383
-964.4254951041
-964.4252042284
-964.4254225210
-964.4252556458
-964.4252916064
-964.4257842433
-964.4253188626
-964.4253440376
-964.4254402045
-964.4252592929
-964.4254816683
-964.4253458034
-964.4253349588
-964.4268351513
-964.4252112358
-964.4252709618
-964.4253998842
-964.4255346113
-964.4252322810
-964.4253808544
-964.4253233370
-964.4252497687
-964.4254147785
-964.4254270052
-964.4252380303
-964.4254518074
-964.4251528686
-964.4254842334
-964.4254982038
-964.4253501157
-964.4253584246
-964.4253770685
-964.4258154767
-964.4254921301
-964.4252820269
-964.4253044484
-964.4255395390
-964.4252890183
-964.4252631441
-964.4252868791
-964.4253953276
-964.4252988987
-964.4253286127
-964.4254072098
-964.4253075112
-964.4253523051
-964.4253321545
-964.4256738511
-964.4255402494
-964.4253027910
-964.4250255054
-964.4250501771
-964.4254231132
-964.4254490070
-964.4254057222
-964.4251270206
-964.4253774440
-964.4252059480
-964.4253004251
-964.4252719038
-964.4252425881
-964.4253551202
-964.4252516317
-964.4251759496
-964.4255204199
-964.4253907521
-964.4255554016
-964.4253341536
-964.4253423312
-964.4253621273
-964.4260110145
-964.4250935656
-964.4255352006
-964.4253287528
-964.4253839325
-964.4254947495
-964.4251117615
-964.4251612771
-964.4253880747
-964.4253645349
-964.4253422761
-964.4252382309
-964.4253929258
-964.4253032920
-964.4254657999
-964.4252293164
-964.4252902616
-964.4254532672
-964.4252812258
-964.4254137369
-964.4253965747
-964.4253405567
-964.4253105734
-964.4253550342
-964.4252632949
-964.4251538047
-964.4252430365
-964.4255536874
-964.4254189271
-964.4253866749
-964.4254454176
-964.4268528544
-964.4258604436
-964.4256216125
-964.4252848708
-964.4252574679
-964.4252677702
-964.4252198432
-964.4253190709
-964.4254868407
-964.4253985325
-964.4253455212
-964.4252771074
-964.4253749222
-964.4253294356
-964.4255939507
-964.4251990900
-964.4253443984
-964.4252376674
-964.4253498105
-964.4252841743
-964.4252682940
-964.4252669838
-964.4252158133
-964.4254304772
-964.4253081235
-964.4256618392
-964.4252394163
-964.4268611975
-964.4254131006
-964.4249525450
-964.4253054213
-964.4256597736
-964.4253866630
-964.4256926301
-964.4255581451
-964.4251493809
-964.4251534921
-964.4251835882
-964.4254079877
-964.4253893006
-964.4253307556
-964.4252574701
-964.4256361455
-964.4251863211
-964.4252377754
-964.4254808254
-964.4253783687
-964.4268663824
-964.4252029254
-964.4252664092
-964.4254252638
-964.4253607678
-964.4254090626
-964.4256047895
-964.4252159083
-964.4252937600
-964.4252743855
-964.4257322704
-964.4253641317
-964.4253001574
-964.4255084932
-964.4253467201
-964.4254054779
-964.4253707470
-964.4253725837
-964.4253217397
-964.4253188233
-964.4252229080
-964.4254197048
-964.4251560899
-964.4255259543
-964.4255262998
-964.4253573495
-964.4251571201
-964.4253497108
-964.4252881281
-964.4250883423
-964.4253813033
-964.4268651671
-964.4256554011
-964.4252921269
-964.4254173969
-964.4256567848
-964.4253299226
-964.4253258267
-964.4253084893
-964.4253089588
-964.4254611502
-964.4254257278
-964.4268592952
-964.4253927263
-964.4254874267
-964.4252417664
-964.4254182060
-964.4255564973
-964.4253629571
-964.4254178139
-964.4251110884
-964.4252254607
-964.4252758317
-964.4254648710
-964.4254025294
-964.4256586336
-964.4251951233
-964.4254333062
-964.4256211091
-964.4254549245
-964.4254018923
-964.4252565637
-964.4253275223
-964.4251419405
-964.4254692126
-964.4254111703
-964.4255387255
-964.4268512826
-964.4253134500
-964.4253066846
-964.4251630837
-964.4253210578
-964.4268611144
-964.4251381858
-964.4251304257
-964.4251737026
-964.4254154945
-964.4253461413
-964.4253940904
-964.4254360860
-964.4253273302
-964.4252188068
-964.4254337186
-964.4254014837
-964.4253526350
-964.4253920129
-964.4257770816
-964.4251797072
-964.4255523018
-964.4254404774
-964.4252282805
-964.4254262370
-964.4254153512
-964.4253660007
-964.4268641687
-964.4254043920
-964.4253298543
-964.4253673701
-964.4254591763
-964.4253995229
-964.4253559767
-964.4252318772
-964.4253276393
-964.4253687759
-964.4254917222
-964.4251987992
-964.4254207232
-964.4253871114
-964.4252920156
-964.4251778226
-964.4252339847
-964.4254255636
-964.4254270355
-964.4255055305
-964.4254593811
-964.4253080760
-964.4254032914
-964.4251825841
-964.4254651655
-964.4252191078
-964.4253974436
-964.4253437228
-964.4253628907
-964.4253893375
-964.4253430881
-964.4253221328
-964.4253914936
-964.4252440141
-964.4253269169
-964.4251229931
-964.4254632452
-964.4253797820
-964.4253265240
-964.4253138949
-964.4253135896
-964.4253870553
-964.4256291725
-964.4255074184
-964.4255037519
-964.4254283271
-964.4251497254
-964.4252054939
-964.4253922728
-964.4251812794
-964.4253176647
-964.4253856723
-964.4252385752
-964.4252127439
-964.4273202282
-964.4252650391
-964.4254302498
-964.4252399222
-964.4253604943
-964.4253414325
-964.4250721771
-964.4253449038
-964.4252721816
-964.4253866885
-964.4255047138
-964.4253928787
-964.4251417782
-964.4253022702
-964.4253580765
-964.4254980461
-964.4252559599
-964.4253743259
-964.4252232702
-964.4252390365
-964.4255634448
-964.4253197169
-964.4251625261
-964.4250348049
-964.4259865450
-964.4252669308
-964.4254461500
-964.4252370686
-964.4251189924
-964.4268553557
-964.4254230027
-964.4253330222
-964.4254073325
-964.4251720839
-964.4253899840
-964.4253337053
-964.4255259711
-964.4253612700
-964.4253918464
-964.4253287833
-964.4253030091
-964.4251683714
-964.4255122647
-964.4252591088
-964.4250940127
-964.4253679011
-964.4253041708
-964.4252168688
-964.4253985618
-964.4253052251
-964.4252975145
-964.4253429547
-964.4254187823
-964.4253864191
-964.4252353961
-964.4254062812
-964.4254567521
-964.4252243552
-964.4253909037
-964.4250669292
-964.4253933838
-964.4254666631
-964.4255216494
-964.4254447423
-964.4251950801
-964.4252545777
-964.4255495933
-964.4253213700
-964.4252298520
-964.4254084847
-964.4253706226
-964.4253549541
-964.4252323579
-964.4255230455
-964.4253703194
-964.4253479021
-964.4253269910
-964.4253985984
-964.4255383196
-964.4253053542
-964.4255804497
-964.4253101461
-964.4254716554
-964.4248572662
-964.4252691779
-964.4252220489
-964.4254470863
-964.4253766985
-964.4253685728
-964.4250853133
-964.4252533427
-964.4254048348
-964.4252458512
-964.4251947424
-964.4251960089
-964.4252858647
-964.4253161964
-964.4251996545
-964.4254143670
-964.4252432805
-964.4254113946
-964.4253690877
-964.4253438063
-964.4253120485
-964.4255212294
-964.4251853255
-964.4252437982
-964.4251629682
-964.4254825638
-964.4252486968
-964.4252587076
-964.4253000779
-964.4254467074
-964.4254471979
-964.4252575522
-964.4253698180
-964.4258066192
-964.4253222995
-964.4252305041
-964.4251851837
-964.4254283613
-964.4252390262
-964.4252271804
-964.4254009787
-964.4251411501
-964.4254244479
-964.4253482221
-964.4254111425
-964.4251236577
-964.4253248384
-964.4254947211
-964.4252817464
-964.4252630659
-964.4252880764
-964.4255478225
-964.4254429149
-964.4253864628
-964.4253614896
-964.4253578036
-964.4254869896
-964.4253867291
-964.4268624188
-964.4257657784
-964.4252922893
-964.4252475055
-964.4257204171
-964.4255068380
-964.4253349414
-964.4252244564
-964.4253279028
-964.4253125303
-964.4253238038
-964.4252340945
-964.4253097074
-964.4251329658
-964.4253914658
-964.4253068897
-964.4253840915
-964.4253623270
-964.4254624379
-964.4254474167
-964.4253316176
-964.4252362321
-964.4254810676
-964.4254506948
-964.4253640611
-964.4253792871
-964.4252050753
-964.4259024631
-964.4253104808
-964.4255656037
-964.4254204421
-964.4254288706
-964.4254619098
-964.4252661453
-964.4254060790
-964.4253996129
-964.4253619332
-964.4253299064
-964.4253316063
-964.4252853595
-964.4253308873
-964.4254738862
-964.4250962998
-964.4254380153
-964.4253786305
-964.4255079229
-964.4253587632
-964.4253340625
-964.4254167395
-964.4253585619
-964.4252562587
-964.4250623651
-964.4261989281
-964.4254228203
-964.4253316589
-964.4256833584
-964.4253264583
-964.4254547369
-964.4254060270
-964.4252737161
-964.4257813071
-964.4254419437
-964.4253720817
-964.4252525831
-964.4252527459
-964.4254901387
-964.4253429386
-964.4254222184
-964.4252736364
-964.4255368963
-964.4252447407
-964.4256111548
-964.4256929033
-964.4255283575
-964.4254513969
-964.4253520413
-964.4254410317
-964.4255780382
-964.4253342879
-964.4253311158
-964.4254921512
-964.4253635197
-964.4253664384
-964.4254162819
-964.4254737578
-964.4252694405
-964.4252612208
-964.4253544589
-964.4253259724
-964.4256256702
-964.4252193842
-964.4254891167
-964.4252560283
-964.4253479048
-964.4253244700
-964.4254278504
-964.4254086294
-964.4253821435
-964.4253673216
-964.4252872378
-964.4253988254
-964.4252697938
-964.4253747352
-964.4250618878
-964.4253306179
-964.4252712749
-964.4252662472
-964.4253099087
-964.4257304315
-964.4252515586
-964.4254339549
-964.4251828334
-964.4255281283
-964.4253034887
-964.4254663476
-964.4254697228
-964.4255054916
-964.4253305906
-964.4253567507
-964.4251719505
-964.4255009575
-964.4253166188
-964.4253173586
-964.4253450852
-964.4253717859
-964.4251779317
-964.4253397153
-964.4252998657
-964.4253916874
-964.4252715779
-964.4254160265
-964.4252639624
-964.4253379846
-964.4254733812
-964.4254907298
-964.4251067531
-964.4254842610
-964.4253309471
-964.4252455072
-964.4251939813
-964.4253614873
-964.4253810837
-964.4253483564
-964.4255812455
-964.4254314287
-964.4254153155
-964.4252909689
-964.4252639589
-964.4253569934
-964.4254638413
-964.4253755640
-964.4252332453
-964.4256361873
-964.4253074729
-964.4253978264
-964.4253522863
-964.4253244506
-964.4251622870
-964.4255441838
-964.4254376538
-964.4254252757
-964.4255130399
-964.4252855047
-964.4254514509
-964.4254646629
-964.4254410954
-964.4254154175
-964.4258509420
-964.4254260591
-964.4257775053
-964.4255084642
-964.4268563390
-964.4255080231
-964.4252517433
-964.4253409384
-964.4252097329
-964.4254027750
-964.4268494135
-964.4253546231
-964.4251861785
-964.4251506812
-964.4253259535
-964.4254289667
-964.4254545051
-964.4254118020
-964.4251048292
-964.4253450731
-964.4253080755
-964.4253250151
-964.4254470134
-964.4252618542
-964.4255110740
-964.4252733397
-964.4253276750
-964.4255369205
-964.4252342187
-964.4250838224
-964.4258265792
-964.4259310275
-964.4252865668
-964.4253770411
-964.4254678144
-964.4253311764
-964.4254521635
-964.4253303546
-964.4253767133
-964.4254956734
-964.4254482046
-964.4252872185
-964.4253562167
-964.4268613959
-964.4254551924
-964.4254256554
-964.4268534228
-964.4251946433
-964.4254578716
-964.4253230669
-964.4250782252
-964.4255025009
-964.4253391878
-964.4252175149
-964.4253457973
-964.4251750015
-964.4253653272
-964.4252875338
-964.4253219929
-964.4251988692
-964.4256201272
-964.4254538822
-964.4254905696
-964.4254028925
-964.4254877272
-964.4252942869
-964.4253666236
-964.4254376013
-964.4258100076
-964.4254144505
-964.4253875370
-964.4253072134
-964.4252086007
-964.4253061877
-964.4268616484
-964.4253101791
-964.4251991992
-964.4253761551
-964.4252431966
-964.4255255439
-964.4255014744
-964.4252605386
-964.4252785100
-964.4253690640
-964.4252813727
-964.4253841289
-964.4252727184
-964.4251415385
-964.4261216969
-964.4253463576
-964.4253170352
-964.4254452977
-964.4251746953
-964.4254858696
-964.4253613316
-964.4253692158
-964.4252273075
-964.4252627885
-964.4252706174
-964.4253679998
-964.4251866602
-964.4252534488
-964.4252725483
-964.4255011385
-964.4252804562
-964.4250521346
-964.4256001713
-964.4253990110
-964.4253584125
-964.4252066527
-964.4253387994
-964.4253879187
-964.4253102318
-964.4254443252
-964.4257247867
-964.4256626173
-964.4257689762
-964.4253074037
-964.4254663339
-964.4252367410
-964.4252444100
-964.4253493493
-964.4253299234
-964.4252325174
-964.4252320258
-964.4253786512
-964.4253442772
-964.4255131299
-964.4252986567
-964.4268622899
-964.4252403512
-964.4256385675
-964.4254263167
-964.4251764943
-964.4253168744
-964.4253275651
-964.4250431877
-964.4255183570
-964.4253485363
-964.4252259230
-964.4254150245
-964.4253546693
-964.4250434176
-964.4253986562
-964.4253941984
-964.4258714434
-964.4254174716
-964.4250544104
-964.4255247984
-964.4253332015
-964.4253374115
-964.4251224319
-964.4253059125
-964.4253068270
-964.4268602775
-964.4253187660
-964.4255439646
-964.4255043949
-964.4253328079
-964.4252831455
-964.4253418960
-964.4254052058
-964.4255855407
-964.4252343556
-964.4253470828
-964.4253366390
-964.4253926110
-964.4253437146
-964.4254121963
-964.4255302069
-964.4253429463
-964.4252029359
-964.4252935445
-964.4252063623
-964.4253034752
-964.4255087581
-964.4252896730
-964.4252469820
-964.4251790217
-964.4252257981
-964.4255943756
-964.4254366663
-964.4251247618
-964.4254248488
-964.4253595557
-964.4254931087
-964.4253219592
-964.4252764616
-964.4253935285
-964.4252059015
-964.4253953148
-964.4252226625
-964.4253964339
-964.4253026555
-964.4252170651
-964.4254312371
-964.4253561179
-964.4252300218
-964.4251018185
-964.4256119842
-964.4253436909
-964.4252306306
-964.4253109805
-964.4253781436
-964.4254267124
-964.4252998890
-964.4251159437
-964.4253742396
-964.4253941662
-964.4253778518
-964.4255195387
-964.4254048003
-964.4253473287
-964.4252905646
-964.4253795458
-964.4250696122
-964.4254469909
-964.4254009182
-964.4254161997
-964.4255555513
-964.4253953744
-964.4251215401
-964.4254932725
-964.4253896459
-964.4268383823
-964.4253592691
-964.4255157419
-964.4253231496
-964.4253680697
-964.4254842508
-964.4254386010
-964.4252315847
-964.4252824609
-964.4256185017
-964.4254237515
-964.4252240929
-964.4254226220
-964.4252216713
-964.4268582357
-964.4254092395
-964.4253084501
-964.4254045553
-964.4253244236
-964.4254961907
-964.4252115504
-964.4253650946
-964.4253094766
-964.4251113522
-964.4252121955
-964.4253504099
-964.4252948579
-964.4253258206
-964.4253908102
-964.4252048659
-964.4254302060
-964.4254623427
-964.4253814006
-964.4251200866
-964.4261196572
-964.4257527376
-964.4253424284
-964.4252912490
-964.4251825439
-964.4253598760
-964.4253125061
-964.4253868706
-964.4253440327
-964.4252638466
-964.4252237444
-964.4253000929
-964.4268574546
-964.4254917980
-964.4253790023
-964.4253853374
-964.4251772444
-964.4253289466
-964.4254153665
-964.4253372021
-964.4254013161
-964.4254105270
-964.4254356076
-964.4251060602
-964.4254917000
-964.4253536770
-964.4252881566
-964.4254119489
-964.4254396902
-964.4252890405
-964.4253456203
-964.4253798176
-964.4253940759
-964.4254034059
-964.4253285551
-964.4254563118
-964.4253597888
-964.4252496233
-964.4251225981
-964.4254040007
-964.4253815638
-964.4253310784
-964.4252167508
-964.4253238468
-964.4253810591
-964.4252423647
-964.4251145779
-964.4254084675
-964.4255856414
-964.4254908023
-964.4253587758
-964.4253825154
-964.4253931930
-964.4253127336
-964.4268661728
-964.4253230892
-964.4254302462
-964.4259035922
-964.4254993409
-964.4256087585
-964.4256046564
-964.4253508768
-964.4252230067
-964.4255997050
-964.4255052933
-964.4251616131
-964.4253895763
-964.4251368542
-964.4254467951
-964.4253976889
-964.4253457210
-964.4253401197
-964.4253815813
-964.4256588514
-964.4253791310
-964.4253705775
-964.4253093454
-964.4253209299
-964.4254281842
-964.4252771156
-964.4254375135
-964.4268530701
-964.4253208026
-964.4254677009
-964.4255095084
-964.4254144778
-964.4253923051
-964.4251544650
-964.4254289323
-964.4265075842
-964.4252777952
-964.4249998968
-964.4252684068
-964.4252942015
-964.4254574774
-964.4253690984
-964.4251626924
-964.4253503279
-964.4252130463
-964.4254438983
-964.4253224221
-964.4251926021
-964.4253914198
-964.4253982316
-964.4252702655
-964.4253363765
-964.4255619317
-964.4261158191
-964.4253568998
-964.4253669625
-964.4253418800
-964.4253583044
-964.4253742978
-964.4252026638
-964.4251314167
-964.4253698251
-964.4254597852
-964.4251581530
-964.4252766395
-964.4268627856
-964.4254338593
-964.4253137577
-964.4255509375
-964.4253255435
-964.4251109548
-964.4254239618
-964.4253602956
-964.4251991423
-964.4253667764
-964.4251063676
-964.4253941334
-964.4254649330
-964.4253327659
-964.4251931873
-964.4253958871
-964.4253630790
-964.4255819866
-964.4253246988
-964.4254006056
-964.4254531060
-964.4253994615
-964.4254063005
-964.4252402613
-964.4253736930
-964.4255865204
-964.4253635894
-964.4254306347
-964.4254345631
-964.4254926970
-964.4255396465
-964.4250905127
-964.4253286859
-964.4254163885
-964.4254441133
-964.4252936315
-964.4252206868
-964.4253713849
-964.4252657761
-964.4254270497
-964.4252436128
-964.4253310520
-964.4252862245
-964.4254098277
-964.4252914832
-964.4252519589
-964.4253660667
-964.4254034317
-964.4252099258
-964.4253766813
-964.4261351726
-964.4255366646
-964.4252629310
-964.4254642860
-964.4253528335
-964.4253398928
-964.4253147313
-964.4253322655
-964.4253663477
-964.4251645217
-964.4256050850
-964.4251416223
-964.4254935185
-964.4262179373
-964.4252361597
-964.4253387020
-964.4254598695
-964.4253697146
-964.4252334427
-964.4253984912
-964.4253979532
-964.4252631867
-964.4254950461
-964.4253734617
-964.4252727258
-964.4252833888
-964.4254199294
-964.4251999518
-964.4254123313
-964.4254131850
-964.4253800078
-964.4253377978
-964.4253032521
-964.4253059657
-964.4253351599
-964.4253051987
-964.4254339475
-964.4254506313
-964.4252527148
-964.4253751004
-964.4254642666
-964.4254911670
-964.4253208447
-964.4252035078
-964.4252129949
-964.4253988867
-964.4254977960
-964.4255655261
-964.4253534718
-964.4253157656
-964.4254335945
-964.4253729434
-964.4254824455
-964.4252533610
-964.4252763269
-964.4253882441
-964.4252543519
-964.4254304623
-964.4253439243
-964.4255134006
-964.4253804904
-964.4253577089
-964.4255290752
-964.4253410551
-964.4250798287
-964.4253813603
-964.4254463446
-964.4258926528
-964.4253156813
-964.4257562379
-964.4253302449
-964.4253149877
-964.4252699738
-964.4254065053
-964.4252151426
-964.4254651894
-964.4253486950
-964.4253263732
-964.4258035635
-964.4253002724
-964.4253138575
-964.4255116671
-964.4252216408
-964.4252978610
-964.4253587944
-964.4253403959
-964.4252124431
-964.4252714595
-964.4253337100
-964.4251412653
-964.4254492984
-964.4253903437
-964.4253991818
-964.4251683695
-964.4253801738
-964.4253641145
-964.4256886730
-964.4254017294
-964.4254064913
-964.4251302538
-964.4253076498
-964.4251722199
-964.4254201372
-964.4254035647
-964.4255247654
-964.4253797494
-964.4252853954
-964.4249624931
-964.4253110730
-964.4253530117
-964.4253749725
-964.4251613384
-964.4253537370
-964.4252064402
-964.4254126637
-964.4253443012
-964.4251816060
-964.4253492955
-964.4253238799
-964.4252729700
-964.4253221592
-964.4255027784
-964.4253757764
-964.4254113727
-964.4253920578
-964.4252866339
-964.4253021380
-964.4253845025
-964.4248462425
-964.4254450633
-964.4254472751
-964.4252316152
-964.4253292932
-964.4253605853
-964.4253023930
-964.4253694079
-964.4255074136
-964.4258794963
-964.4251771174
-964.4254348372
-964.4255030564
-964.4253731835
-964.4253764583
-964.4252732602
-964.4256248926
-964.4253138450
-964.4253409290
-964.4268613906
-964.4254425735
-964.4253594820
-964.4253443423
-964.4253202664
-964.4253260144
-964.4250451402
-964.4253142581
-964.4252744593
-964.4252254379
-964.4254881550
-964.4254844649
-964.4255014109
-964.4253877311
-964.4253474474
-964.4254698431
-964.4254542325
-964.4268745300
-964.4252488460
-964.4253200189
-964.4259834304
-964.4254832445
-964.4252890560
-964.4253109020
-964.4254313620
-964.4252328045
-964.4253221023
-964.4254995908
-964.4254006916
-964.4253582352
-964.4268502919
-964.4254135462
-964.4253952912
-964.4253185450
-964.4252940924
-964.4252753769
-964.4253054627
-964.4252556519
-964.4252043252
-964.4254655831
-964.4253933680
-964.4254825687
-964.4253790808
-964.4252193794
-964.4255377603
-964.4253997589
-964.4253724560
-964.4251568875
-964.4257776593
-964.4251333002
-964.4251359070
-964.4254173163
-964.4253836338
-964.4254332427
-964.4253042120
-964.4257320977
-964.4252180621
-964.4254424115
-964.4253678637
-964.4255037891
-964.4252065688
-964.4253227639
-964.4253198160
-964.4252472576
-964.4253709544
-964.4253193988
-964.4252070587
-964.4252202215
-964.4254439318
-964.4253560522
-964.4253997100
-964.4254782171
-964.4251674807
-964.4252661315
-964.4252852960
-964.4253572255
-964.4253174715
-964.4252550830
-964.4253641799
-964.4253982187
-964.4253916967
-964.4253334725
-964.4252896164
-964.4253693507
-964.4253032944
-964.4255813311
-964.4259241298
-964.4252520181
-964.4253933880
-964.4251548238
-964.4254406270
-964.4253291115
-964.4253901354
-964.4253767510
-964.4252190319
-964.4253122971
-964.4253511216
-964.4253227313
-964.4251681742
-964.4261000845
-964.4253122985
-964.4253197592
-964.4254318230
-964.4255173971
-964.4253938969
-964.4254099996
-964.4254216899
-964.4253598394
-964.4252211167
-964.4254582476
-964.4252876768
-964.4253660634
-964.4254958929
-964.4252462737
-964.4252412984
-964.4252402460
-964.4252850876
-964.4254437257
-964.4252680311
-964.4252472809
-964.4254212903
-964.4251657061
-964.4253318940
-964.4253212103
-964.4260441989
-964.4268661468
-964.4252688512
-964.4252163632
-964.4252254097
-964.4252857717
-964.4253041278
-964.4252970696
-964.4252583117
-964.4253637394
-964.4252702874
-964.4253118598
-964.4253876958
-964.4252126034
-964.4253835034
-964.4253211366
-964.4254275090
-964.4253547545
-964.4252687804
-964.4256553125
-964.4254546821
-964.4252915604
-964.4252907485
-964.4254518714
-964.4254259367
-964.4253046262
-964.4253682875
-964.4253779624
-964.4254725474
-964.4253600330
-964.4253800427
-964.4255502237
-964.4268672172
-964.4253276063
-964.4253062647
-964.4253615237
-964.4251821550
-964.4253691913
-964.4252919202
-964.4252097060
-964.4252556771
-964.4251931721
-964.4253702246
-964.4252307595
-964.4255128059
-964.4252710887
-964.4253209254
-964.4253539452
-964.4252324042
-964.4251492584
-964.4253635747
-964.4251515438
-964.4253955974
-964.4268646100
-964.4255507049
-964.4253949437
-964.4253848013
-964.4253903273
-964.4253056936
-964.4254803367
-964.4254062124
-964.4255595368
-964.4252013739
-964.4254413796
-964.4253065052
-964.4253835402
-964.4253972999
-964.4253425932
-964.4254972515
-964.4253421804
-964.4254395333
-964.4254611437
-964.4254456297
-964.4254082225
-964.4254054590
-964.4268588905
-964.4252420992
-964.4252836143
-964.4253453605
-964.4256124447
-964.4254499027
-964.4252817555
-964.4254848450
-964.4251435586
-964.4253561172
-964.4253933791
-964.4252367639
-964.4254270132
-964.4252012544
-964.4254282989
-964.4253898936
-964.4255099622
-964.4252769084
-964.4254406874
-964.4252221383
-964.4254719038
-964.4252859977
-964.4252657702
-964.4255610444
-964.4253440662
-964.4254845797
-964.4252987204
-964.4253282794
-964.4252472962
-964.4252807356
-964.4268595771
-964.4253989274
-964.4253310851
-964.4252378087
-964.4253386621
-964.4251946909
-964.4253334891
-964.4250936917
-964.4252943863
-964.4252364124
-964.4251115101
-964.4252662350
-964.4253415566
-964.4253209803
-964.4252933373
-964.4254245513
-964.4253931780
-964.4253327350
-964.4253564529
-964.4258733230
-964.4252828711
-964.4254211278
-964.4254201085
-964.4254423811
-964.4254238622
-964.4252777741
-964.4253009564
-964.4254561716
-964.4253465719
-964.4254154305
-964.4254574473
-964.4265884070
-964.4254165116
-964.4253569173
-964.4254135912
-964.4253312736
-964.4253338271
-964.4253635729
-964.4254179581
-964.4248811623
-964.4254699248
-964.4254139899
-964.4253064684
-964.4253400769
-964.4253111325
-964.4254270888
-964.4252162996
-964.4254391522
-964.4253266998
-964.4255471167
-964.4268626231
-964.4253652294
-964.4253009943
-964.4254427718
-964.4251171743
-964.4252425816
-964.4254235289
-964.4253590956
-964.4253287630
-964.4252717796
-964.4253644485
-964.4253595971
-964.4252256444
-964.4253048664
-964.4254310430
-964.4254782557
-964.4252431241
-964.4254371097
-964.4268678084
-964.4255504580
-964.4253538932
-964.4253408067
-964.4254132433
-964.4253803410
-964.4254609495
-964.4252817320
-964.4268764177
-964.4252139912
-964.4252684158
-964.4253426339
-964.4255042185
-964.4251665526
-964.4254022026
-964.4253992591
-964.4253704458
-964.4253907648
-964.4268708390
-964.4252352649
-964.4252363319
-964.4254532058
-964.4254445533
-964.4252957097
-964.4252989071
-964.4252808891
-964.4253719763
-964.4254574635
-964.4268548083
-964.4252799894
-964.4252457883
-964.4251922696
-964.4253927747
-964.4254973110
-964.4254328636
-964.4254018604
-964.4252078037
-964.4253630998
-964.4256164862
-964.4253092833
-964.4255122949
-964.4254147533
-964.4253698676
-964.4253197648
-964.4254144633
-964.4253405532
-964.4250445566
-964.4253604750
-964.4256677046
-964.4256275690
-964.4254047273
-964.4254538189
-964.4255421616
-964.4254300286
-964.4253524091
-964.4254237587
-964.4255069795
-964.4251975546
-964.4254093860
-964.4252606802
-964.4254031806
-964.4254283053
-964.4254722201
-964.4252139915
-964.4251535876
-964.4253842741
-964.4255176257
-964.4252833373
-964.4252923964
-964.4255992271
-964.4254214585
-964.4253723345
-964.4252817485
-964.4253664780
-964.4254513828
-964.4253020176
-964.4252854870
-964.4257225941
-964.4254292975
-964.4253116061
-964.4252669390
-964.4252437569
-964.4253311279
-964.4255386581
-964.4252465416
-964.4257541928
-964.4252388556
-964.4252452349
-964.4253158384
-964.4252644030
-964.4254308710
-964.4253217482
-964.4252367535
-964.4252081870
-964.4254964857
-964.4253871623
-964.4254708543
-964.4253106593
-964.4253915208
-964.4253343945
-964.4253884000
-964.4253060322
-964.4253994985
-964.4253634082
-964.4255039273
-964.4251884299
-964.4252147877
-964.4253066618
-964.4253577088
-964.4255342367
-964.4254023808
-964.4255081028
-964.4252340673
-964.4253585837
-964.4255385891
-964.4253741958
-964.4253376895
-964.4255069832
-964.4260645181
-964.4253183000
-964.4251125753
-964.4253477268
-964.4254435458
-964.4252899045
-964.4253429955
-964.4252789576
-964.4254278312
-964.4251285131
-964.4254761281
-964.4253942176
-964.4253485583
-964.4254212671
-964.4254407869
-964.4253440362
-964.4268723383
-964.4253681619
-964.4254286767
-964.4254602548
-964.4252876631
-964.4252968373
-964.4252484358
-964.4253295805
-964.4252119207
-964.4254518671
-964.4252842975
-964.4254233736
-964.4252731136
-964.4254316693
-964.4253999352
-964.4252241330
-964.4253126381
-964.4252094426
-964.4253434267
-964.4252251609
-964.4255425295
-964.4251095076
-964.4255019226
-964.4254609680
-964.4255776328
-964.4253524451
-964.4253122581
-964.4253885608
-964.4253343778
-964.4253348039
-964.4252732414
-964.4252029795
-964.4252272399
-964.4254036180
-964.4251943352
-964.4253235650
-964.4254192473
-964.4253507468
-964.4252826137
-964.4254042990
-964.4253018758
-964.4251864114
-964.4253774676
-964.4254996530
-964.4254033260
-964.4253403753
-964.4253263494
-964.4253011902
-964.4253825875
-964.4255082255
-964.4252066647
-964.4252791778
-964.4254452086
-964.4252149080
-964.4254902953
-964.4253704507
-964.4253021672
-964.4252132893
-964.4254786877
-964.4251086691
-964.4252707135
-964.4252831498
-964.4252271499
-964.4254169101
-964.4264253962
-964.4253922232
-964.4251972001
-964.4253367665
-964.4251348171
-964.4253030378
-964.4253461431
-964.4255132073
-964.4254262740
-964.4254048646
-964.4253815081
-964.4254987741
-964.4252241879
-964.4253886485
-964.4253051672
-964.4253004943
-964.4253331534
-964.4252724991
-964.4252118363
-964.4254651863
-964.4256108015
-964.4253092441
-964.4254108614
-964.4253428952
-964.4253306136
-964.4251488944
-964.4254723186
-964.4256129956
-964.4253898412
-964.4254672259
-964.4253767389
-964.4253665104
-964.4253990675
-964.4252899499
-964.4252987189
-964.4253335465
-964.4252048288
-964.4254221071
-964.4251149224
-964.4255098933
-964.4256142768
-964.4253083978
-964.4254170957
-964.4251046832
-964.4253168709
-964.4252500423
-964.4254576650
-964.4254188694
-964.4254024602
-964.4256124096
-964.4254504711
-964.4253647364
-964.4255251399
-964.4254309852
-964.4252876117
-964.4258986634
-964.4253945079
-964.4252796915
-964.4251753419
-964.4253617170
-964.4254254109
-964.4252731977
-964.4252416241
-964.4254920250
-964.4253426499
-964.4254270767
-964.4255076237
-964.4252524182
-964.4252705377
-964.4253314518
-964.4254762213
-964.4254266763
-964.4253339449
-964.4254037204
-964.4253484214
-964.4252126736
-964.4252562128
-964.4252831416
-964.4252800244
-964.4254080410
-964.4255925860
-964.4255003723
-964.4253327464
-964.4255861951
-964.4251717775
-964.4252870510
-964.4253881103
-964.4254195425
-964.4254382260
-964.4253462014
-964.4254325796
-964.4253275650
-964.4252830204
-964.4253271621
-964.4253718718
-964.4252091225
-964.4251906442
-964.4254546407
-964.4253352990
-964.4252897616
-964.4253512226
-964.4255225155
-964.4253349048
-964.4254318706
-964.4251729802
-964.4254032250
-964.4253887031
-964.4253337983
-964.4254027823
-964.4253048688
-964.4254864485
-964.4252068121
-964.4253572472
-964.4252175589
-964.4253267526
-964.4253243624
-964.4253585012
-964.4253827915
-964.4268612880
-964.4253843513
-964.4253906153
-964.4254569351
-964.4252838303
-964.4252929179
-964.4253005501
-964.4253790310
-964.4251824693
-964.4253280783
-964.4254589865
-964.4253749064
-964.4252082190
-964.4253639058
-964.4254794044
-964.4251200721
-964.4254551118
-964.4252731221
-964.4254968348
-964.4250094098
-964.4253227549
-964.4251007360
-964.4252748138
-964.4253936825
-964.4252178326
-964.4252775977
-964.4251552871
-964.4252334981
-964.4254904401
-964.4252447638
-964.4250818600
-964.4254153244
-964.4254392495
-964.4252334087
-964.4268547758
-964.4251675613
-964.4253859814
-964.4254632558
-964.4255676981
-964.4253336836
-964.4252464978
-964.4253850825
-964.4251659906
-964.4254216098
-964.4252615812
-964.4253340970
-964.4253322233
-964.4254525880
-964.4253296217
-964.4252579707
-964.4253706119
-964.4253476375
-964.4251074829
-964.4253553439
-964.4253466917
-964.4253198476
-964.4253688686
-964.4252900011
-964.4251654000
-964.4253201882
-964.4254336653
-964.4253216279
-964.4252268577
-964.4253791497
-964.4254476135
-964.4254059141
-964.4252659714
-964.4253090892
-964.4254177743
-964.4253736452
-964.4252206103
-964.4254316635
-964.4256315320
-964.4252085719
-964.4252249730
-964.4257879715
-964.4254369877
-964.4257094276
-964.4253817231
-964.4251618070
-964.4253397875
-964.4257850380
-964.4253385588
-964.4253856281
-964.4253966147
-964.4251278386
-964.4253488615
-964.4253220766
-964.4254921256
-964.4252858185
-964.4254820690
-964.4252897815
-964.4252860815
-964.4253723976
-964.4254817071
-964.4252746442
-964.4258058172
-964.4253076947
-964.4254624122
-964.4254261349
-964.4257235037
-964.4252476779
-964.4253519099
-964.4254384644
-964.4252788984
-964.4252628590
-964.4251913575
-964.4253901833
-964.4253912588
-964.4254209758
-964.4253131005
-964.4254440876
-964.4251529782
-964.4254864986
-964.4252581407
-964.4255428473
-964.4251835288
-964.4253241761
-964.4253809330
-964.4252582691
-964.4251499234
-964.4253030190
-964.4252957906
-964.4255504673
-964.4253496792
-964.4253852014
-964.4252937222
-964.4252795516
-964.4255176275
-964.4254494985
-964.4253054263
-964.4254294435
-964.4252615324
-964.4254091628
-964.4252132496
-964.4254212125
-964.4252305178
-964.4254377340
-964.4255271440
-964.4255659041
-964.4253554006
-964.4253261459
-964.4253767391
-964.4254294968
-964.4251907678
-964.4251898786
-964.4255225211
-964.4252180633
-964.4254923357
-964.4253249548
-964.4254914894
-964.4252094502
-964.4253887300
-964.4253293913
-964.4253876137
-964.4254669729
-964.4255714014
-964.4253017212
-964.4252991601
-964.4253708657
-964.4253890973
-964.4253552430
-964.4251082639
-964.4250733735
-964.4253300481
-964.4252708305
-964.4255849045
-964.4259957800
-964.4253618599
-964.4254243910
-964.4254994345
-964.4253075510
-964.4254233901
-964.4254167096
-964.4252261303
-964.4253180608
-964.4256173809
-964.4254704704
-964.4252620811
-964.4252087865
-964.4251954659
-964.4253114308
-964.4252740770
-964.4252440846
-964.4253608553
-964.4253375755
-964.4253492279
-964.4252607118
-964.4253577539
-964.4253749491
-964.4253837991
-964.4252783576
-964.4254518612
-964.4253528334
-964.4254498539
-964.4252747970
-964.4252176388
-964.4254317144
-964.4254230329
-964.4251891299
-964.4253530878
-964.4254132736
-964.4249911185
-964.4252991672
-964.4252376555
-964.4254106878
-964.4253386996
-964.4254170826
-964.4253407650
-964.4253124871
-964.4253429013
-964.4253994572
-964.4254359476
-964.4254413799
-964.4254569303
-964.4255012557
-964.4252639042
-964.4253376259
-964.4252499778
-964.4254290253
-964.4254013341
-964.4254917669
-964.4252739610
-964.4251617148
-964.4252706358
-964.4253489724
-964.4253388359
-964.4255002834
-964.4253449581
-964.4251710645
-964.4253868272
-964.4253547875
-964.4254281251
-964.4254747562
-964.4254148415
-964.4252604308
-964.4253052417
-964.4254656307
-964.4255436868
-964.4253254693
-964.4252466768
-964.4253199736
-964.4253570930
-964.4261207258
-964.4254139974
-964.4258306508
-964.4252053981
-964.4254226339
-964.4252642657
-964.4254151063
-964.4251317774
-964.4252629125
-964.4253931028
-964.4253275952
-964.4256767114
-964.4254163289
-964.4254053137
-964.4258135868
-964.4252738921
-964.4251054824
-964.4258812015
-964.4252155578
-964.4256545983
-964.4253739132
-964.4254689028
-964.4254063242
-964.4253388336
-964.4253825392
-964.4253658110
-964.4252227573
-964.4254310798
-964.4254156366
-964.4253134214
-964.4252442486
-964.4251270048
-964.4253127315
-964.4254965367
-964.4253111758
-964.4252686769
-964.4251713265
-964.4252228924
-964.4254253827
-964.4254553592
-964.4253530857
-964.4254427203
-964.4252651341
-964.4255576074
-964.4252253202
-964.4254331832
-964.4249180146
-964.4254417038
-964.4253781746
-964.4253213166
-964.4252697637
-964.4251477101
-964.4251603614
-964.4253942410
-964.4253136644
-964.4251481480
-964.4254445300
-964.4254228018
-964.4254127137
-964.4253365198
-964.4252131020
-964.4259234627
-964.4252531036
-964.4254809633
-964.4251618932
-964.4252656858
-964.4253213634
-964.4253429340
-964.4254798786
-964.4252572025
-964.4253081925
-964.4253434170
-964.4252523523
-964.4251087942
-964.4253823548
-964.4257441306
-964.4251690526
-964.4253597243
-964.4253832985
-964.4254563107
-964.4255190206
-964.4254286553
-964.4251812985
-964.4255500900
-964.4256051379
-964.4268576144
-964.4259343857
-964.4253221902
-964.4254431291
-964.4252038521
-964.4252272548
-964.4268659442
-964.4253239382
-964.4254056503
-964.4251529415
-964.4254825837
-964.4254067845
-964.4250950014
-964.4252687555
-964.4254180257
-964.4253116788
-964.4254294802
-964.4253948548
-964.4253707519
-964.4253992741
-964.4251936138
-964.4256010856
-964.4252775052
-964.4253244451
-964.4254436513
-964.4253810881
-964.4253517893
-964.4257151960
-964.4255412741
-964.4254232625
-964.4252657346
-964.4254517759
-964.4253459394
-964.4253403786
-964.4251581200
-964.4254288473
-964.4254369447
-964.4254185320
-964.4250443114
-964.4250981140
-964.4254018312
-964.4254716039
-964.4254264893
-964.4253416782
-964.4268572122
-964.4254846239
-964.4253252497
-964.4253851020
-964.4254831983
-964.4251310575
-964.4253068477
-964.4253002850
-964.4251231292
-964.4252923077
-964.4253636880
-964.4251961535
-964.4250042955
-964.4256377825
-964.4253797452
-964.4254047384
-964.4253752818
-964.4254687071
-964.4252800355
-964.4252302749
-964.4253703574
-964.4253440133
-964.4252877814
-964.4254526369
-964.4254103951
-964.4252600473
-964.4257381367
-964.4253396043
-964.4251996794
-964.4253399010
-964.4254327110
-964.4254119428
-964.4253399052
-964.4253231424
-964.4252758658
-964.4253469056
-964.4253615214
-964.4251294525
-964.4254531311
-964.4268644260
-964.4255126627
-964.4253682011
-964.4252223717
-964.4253516446
-964.4253515686
-964.4252718136
-964.4255876023
-964.4268594373
-964.4254523006
-964.4253552681
-964.4254457738
-964.4253065814
-964.4256253044
-964.4252437596
-964.4252591473
-964.4252586695
-964.4253766715
-964.4251825436
-964.4254894425
-964.4253345383
-964.4253107370
-964.4252163358
-964.4255637212
-964.4254132046
-964.4253544799
-964.4254326965
-964.4251050326
-964.4253018031
-964.4254186232
-964.4252251932
-964.4258689298
-964.4253649249
-964.4253657264
-964.4252235456
-964.4254587355
-964.4252696122
-964.4253366458
-964.4251700733
-964.4253339627
-964.4252612945
-964.4253407704
-964.4251345704
-964.4253267656
-964.4253034317
-964.4253603476
-964.4257160566
-964.4252663740
-964.4255877414
-964.4252414529
-964.4252718446
-964.4254753724
-964.4253888871
-964.4252951752
-964.4253808653
-964.4253940520
-964.4254402242
-964.4252782288
-964.4253616314
-964.4250707326
-964.4253164418
-964.4252254647
-964.4258360642
-964.4252357831
-964.4253228424
-964.4253519944
-964.4253979428
-964.4253220186
-964.4253579030
-964.4254406134
-964.4254755946
-964.4253702895
-964.4253554202
-964.4252307785
-964.4251423088
-964.4251553771
-964.4253807660
-964.4253931285
-964.4253301611
-964.4253163268
-964.4253226866
-964.4253177772
-964.4253344663
-964.4254888179
-964.4253162053
-964.4252725496
-964.4250638234
-964.4254723852
-964.4253928384
-964.4253928684
-964.4250753963
-964.4268731766
-964.4253206126
-964.4251635289
-964.4253811295
-964.4252652936
-964.4254594346
-964.4253886903
-964.4255504642
-964.4253175929
-964.4253399997
-964.4254030912
-964.4253016502
-964.4252355992
-964.4252901517
-964.4254183533
-964.4253174108
-964.4252303490
-964.4253252576
-964.4254968516
-964.4252986134
-964.4268582461
-964.4255311902
-964.4253787317
-964.4251456151
-964.4255902642
-964.4254081883
-964.4253676724
-964.4253391696
-964.4253072395
-964.4253373753
-964.4252965858
-964.4253191453
-964.4253250080
-964.4252561351
-964.4255730217
-964.4254747186
-964.4251075919
-964.4255385412
-964.4254201387
-964.4253475591
-964.4253341422
-964.4255381125
-964.4254030533
-964.4253177221
-964.4255057118
-964.4253732278
-964.4253426882
-964.4253558258
-964.4258824403
-964.4253024148
-964.4252303996
-964.4254832417
-964.4254074441
-964.4254617075
-964.4252459033
-964.4252234942
-964.4252965357
-964.4251977475
-964.4253221979
-964.4253265549
-964.4255432968
-964.4253359725
-964.4253886730
-964.4254425452
-964.4253043045
-964.4254837175
-964.4251298758
-964.4252033701
-964.4252681592
-964.4255777743
-964.4255956121
-964.4254432089
-964.4254558447
-964.4252714636
-964.4255859893
-964.4253976613
-964.4252274119
-964.4253649893
-964.4253419394
-964.4255952797
-964.4255343649
-964.4253299345
-964.4253264197
-964.4252394287
-964.4252256315
-964.4254073283
-964.4254540389
-964.4253488630
-964.4259453311
-964.4255014965
-964.4254044605
-964.4253153893
-964.4254711934
-964.4251610822
-964.4264594880
-964.4268496155
-964.4253764883
-964.4252768803
-964.4253383505
-964.4254801953
-964.4252555344
-964.4252373912
-964.4253107735
-964.4252638798
-964.4253461885
-964.4256803766
-964.4253843558
-964.4254015993
-964.4254187981
-964.4252820364
-964.4251313619
-964.4252112100
-964.4254368132
-964.4252224932
-964.4252296941
-964.4254055017
-964.4250975751
-964.4253066432
-964.4253569399
-964.4255389426
-964.4252670207
-964.4253637248
-964.4253023265
-964.4253808441
-964.4252993105
-964.4254143873
-964.4250768286
-964.4255819344
-964.4252716919
-964.4254306743
-964.4268761812
-964.4252719281
-964.4253242870
-964.4253990256
-964.4252922445
-964.4253607130
-964.4253421402
-964.4254816217
-964.4254246725
-964.4251178475
-964.4251636480
-964.4253887936
-964.4252946789
-964.4254531177
-964.4252645385
-964.4257339175
-964.4252855000
-964.4251406383
-964.4253830769
-964.4253416933
-964.4252370030
-964.4251890947
-964.4256173918
-964.4255305400
-964.4253087496
-964.4253167370
-964.4253902045
-964.4251824499
-964.4252178056
-964.4254270817
-964.4258268799
-964.4253778357
-964.4252283255
-964.4254030860
-964.4255409899
-964.4253181900
-964.4252992680
-964.4253064361
-964.4252525810
-964.4253815481
-964.4252081932
-964.4253422144
-964.4254170137
-964.4252715061
-964.4253387207
-964.4254101417
-964.4254277455
-964.4252879015
-964.4253199575
-964.4254563234
-964.4268811779
-964.4253363885
-964.4254027293
-964.4254159033
-964.4251623262
-964.4254378627
-964.4254384618
-964.4255567337
-964.4268638301
-964.4253749095
-964.4253525781
-964.4253801213
-964.4253626904
-964.4253785862
-964.4252461084
-964.4250792801
-964.4268551058
-964.4254990266
-964.4252649998
-964.4253161104
-964.4254715133
-964.4254963146
-964.4253270630
-964.4253167424
-964.4253740602
-964.4255532006
-964.4251313869
-964.4255587437
-964.4252511834
-964.4250187751
-964.4251060064
-964.4252655049
-964.4253728972
-964.4254072715
-964.4253554328
-964.4254673181
-964.4251856591
-964.4254716510
-964.4256452555
-964.4253781238
-964.4253863558
-964.4253104560
-964.4252830094
-964.4252500456
-964.4252739216
-964.4251702928
-964.4253730291
-964.4254503025
-964.4252717698
-964.4252757232
-964.4254633626
-964.4253775068
-964.4253510881
-964.4253036790
-964.4253935247
-964.4254210501
-964.4253563719
-964.4253780508
-964.4253065603
-964.4253993957
-964.4251576283
-964.4253283812
-964.4253554875
-964.4268529264
-964.4252781954
-964.4252809010
-964.4254293833
-964.4252739614
-964.4253825469
-964.4253207526
-964.4252090800
-964.4254243961
-964.4255451331
-964.4253434645
-964.4254049714
-964.4254236829
-964.4252338488
-964.4253162607
-964.4252161023
-964.4251628677
-964.4249902791
-964.4254964765
-964.4254860028
-964.4253465610
-964.4253896522
-964.4253146390
-964.4255812724
-964.4252279405
-964.4253476066
-964.4256398745
-964.4252563278
-964.4254602025
-964.4254286893
-964.4253332802
-964.4256609956
-964.4253646290
-964.4252092141
-964.4253792036
-964.4251126563
-964.4253332548
-964.4253174637
-964.4252187676
-964.4253030645
-964.4252194170
-964.4255646029
-964.4253769692
-964.4251670387
-964.4252520064
-964.4255106090
-964.4252782523
-964.4254190673
-964.4252802251
-964.4252811437
-964.4253190193
-964.4253480331
-964.4253789485
-964.4253138806
-964.4250838308
-964.4251366403
-964.4253595643
-964.4252550192
-964.4268570465
-964.4254037922
-964.4253760483
-964.4255374295
-964.4254345567
-964.4253902011
-964.4253927856
-964.4254376374
-964.4253324385
-964.4252989079
-964.4251454603
-964.4258330596
-964.4253989864
-964.4254181945
-964.4250396171
-964.4253799799
-964.4253042887
-964.4252209220
-964.4268562609
-964.4254222775
-964.4255350746
-964.4251889025
-964.4254894488
-964.4253090727
-964.4253802106
-964.4253857828
-964.4255544901
-964.4253223395
-964.4268586202
-964.4253665627
-964.4253698116
-964.4255427243
-964.4253177789
-964.4252801931
-964.4251346689
-964.4253404215
-964.4253910917
-964.4253297280
-964.4251741270
-964.4253868447
-964.4253756256
-964.4252676840
-964.4253264234
-964.4255871397
-964.4253784915
-964.4256281280
-964.4253957740
-964.4253818135
-964.4253143855
-964.4253154203
-964.4252113446
-964.4253009125
-964.4253863729
-964.4268666034
-964.4250618161
-964.4254134702
-964.4252251787
-964.4254861768
-964.4253993918
-964.4268426496
-964.4256071208
-964.4254322856
-964.4253295000
-964.4254826682
-964.4254548844
-964.4253088308
-964.4254787192
-964.4252261254
-964.4252872474
-964.4254371303
-964.4256531998
-964.4258019158
-964.4254427373
-964.4253701619
-964.4253806601
-964.4254855781
-964.4253860399
-964.4253280023
-964.4254021247
-964.4254333444
-964.4255568172
-964.4253813951
-964.4251835785
-964.4253169437
-964.4253931188
-964.4252269366
-964.4268647130
-964.4252777577
-964.4254171042
-964.4254970744
-964.4252440552
-964.4254251354
-964.4255717750
-964.4253864360
-964.4252149430
-964.4253706078
-964.4252864832
-964.4253543477
-964.4253252003
-964.4254311255
-964.4252418717
-964.4253575551
-964.4252319236
-964.4252520643
-964.4252455800
-964.4251005179
-964.4250746346
-964.4251687484
-964.4253718498
-964.4253123902
-964.4256424296
-964.4251352122
-964.4253237762
-964.4253441196
-964.4254301413
-964.4252123228
-964.4256048976
-964.4253707793
-964.4254069247
-964.4251278915
-964.4255212524
-964.4253592230
-964.4253610180
-964.4252114409
-964.4254589259
-964.4253754546
-964.4252693464
-964.4253939414
-964.4252682278
-964.4252564966
-964.4254285063
-964.4252938054
-964.4252769034
-964.4253273176
-964.4268562813
-964.4251457525
-964.4251493338
-964.4254173407
-964.4253565298
-964.4252867394
-964.4253675118
-964.4253070942
-964.4256729089
-964.4255863884
-964.4253716265
-964.4253645388
-964.4254029216
-964.4253224515
-964.4254712125
-964.4252438776
-964.4254414518
-964.4253500532
-964.4253666698
-964.4254964588
-964.4254959692
-964.4253662604
-964.4251658425
-964.4254953554
-964.4252267503
-964.4254510421
-964.4254375779
-964.4250646459
-964.4253757801
-964.4253006033
-964.4254481539
-964.4249911521
-964.4255127559
-964.4252020662
-964.4254545827
-964.4255841989
-964.4253838626
-964.4255130154
-964.4253139263
-964.4254590334
-964.4252976047
-964.4254071527
-964.4252377115
-964.4252521960
-964.4253677416
-964.4254417644
-964.4254594030
-964.4252922156
-964.4252002913
-964.4254204993
-964.4253920504
-964.4253764547
-964.4253418266
-964.4268742314
