-964.4163378176
-964.4180651245
-964.4129117502
-964.4144209668
-964.4129854340
-964.4172777304
-964.4150652651
-964.4112943371
-964.4076546826
-964.4175126212
-964.4253781189
-964.4256088307
-964.4255011705
-964.4257152089
-964.4257207748
-964.4255106401
-964.4253480763
-964.4252649524
-964.4252272635
-964.4253424183
-964.4252701457
-964.4254285513
-964.4253999083
-964.4253951932
-964.4251488737
-964.4252061989
-964.4255475042
-964.4256400101
-964.4257461302
-964.4258016227
-964.4256918843
-964.4257111245
-964.4255045400
-964.4255164081
-964.4255134139
-964.4255023766
-964.4255037310
-964.4255074909
-964.4255104148
-964.4255072362
-964.4255086538
-964.4255056544
-964.4255097744
-964.4254959159
-964.4255072841
-964.4255060538
-964.4255102714
-964.4255262784
-964.4255061401
-964.4255171726
-964.4254956470
-964.4254934058
-964.4255098747
-964.4255144857
-964.4252788861
-964.4253856338
-964.4253549924
-964.4254150845
-964.4255634217
-964.4254598470
-964.4251685272
-964.4254234445
-964.4255306267
-964.4254826379
-964.4254012388
-964.4254903000
-964.4254931794
-964.4253683520
-964.4255060052
-964.4255014989
-964.4255053533
-964.4254896802
-964.4255073861
-964.4255193275
-964.4254972732
-964.4255160013
-964.4255192316
-964.4254851878
-964.4255152094
-964.4255173474
-964.4254963306
-964.4255068091
-964.4255119933
-964.4255167356
-964.4255187673
-964.4254944727
-964.4255114494
-964.4255020339
-964.4255108114
-964.4255109648
-964.4254723278
-964.4253915344
-964.4255940173
-964.4254594371
-964.4254176459
-964.4253591191
-964.4254619980
-964.4255502699
-964.4253828162
-964.4255230472
-964.4255370070
-964.4254385141
-964.4254405558
-964.4252787458
-964.4255960183
-964.4254957439
-964.4252169083
-964.4254255000
-964.4254965913
-964.4254778865
-964.4255145332
-964.4255629404
-964.4252803991
-964.4255451042
-964.4254931075
-964.4254475886
-964.4255596133
-964.4254858064
-964.4253218478
-964.4254560878
-964.4254509241
-964.4254460253
-964.4256033233
-964.4255989158
-964.4255985453
-964.4255290693
-964.4255292187
-964.4254738967
-964.4254636660
-964.4253865886
-964.4256103461
-964.4255276932
-964.4254739311
-964.4255277391
-964.4256518627
-964.4254048080
-964.4253711857
-964.4254056360
-964.4252277636
-964.4253325261
-964.4255854032
-964.4254900728
-964.4252801364
-964.4255210856
-964.4255637021
-964.4254771785
-964.4253996431
-964.4254507035
-964.4255933448
-964.4256402734
-964.4254209619
-964.4253061685
-964.4254912393
-964.4253937291
-964.4253136723
-964.4253396240
-964.4255196142
-964.4255303022
-964.4251131651
-964.4254817351
-964.4255260591
-964.4254828232
-964.4254464709
-964.4254677490
-964.4252747387
-964.4254880571
-964.4255591080
-964.4253981781
-964.4255281559
-964.4254978458
-964.4253839024
-964.4254123403
-964.4254167977
-964.4254731878
-964.4254944164
-964.4252705406
-964.4253980373
-964.4254597841
-964.4254763199
-964.4254855049
-964.4253537418
-964.4255749929
-964.4256037543
-964.4255190456
-964.4253533196
-964.4252429067
-964.4254548079
-964.4254922674
-964.4255054506
-964.4253195245
-964.4255367758
-964.4255277834
-964.4252749077
-964.4255103655
-964.4255315872
-964.4252345410
-964.4255667521
-964.4254756848
-964.4253747943
-964.4254423568
-964.4254742747
-964.4254368175
-964.4254865222
-964.4255299181
-964.4254368566
-964.4254811381
-964.4255485437
-964.4253371071
-964.4253051478
-964.4255004343
-964.4253616232
-964.4255336597
-964.4253724267
-964.4255166685
-964.4256313870
-964.4255345015
-964.4252375383
-964.4255277187
-964.4255590847
-964.4254894174
-964.4253249656
-964.4254851367
-964.4254789379
-964.4255026296
-964.4255096305
-964.4255695452
-964.4254635216
-964.4253055032
-964.4254034257
-964.4255296142
-964.4253511282
-964.4255482609
-964.4254382159
-964.4255159086
-964.4254446608
-964.4253835906
-964.4255044658
-964.4253483974
-964.4254792805
-964.4256158936
-964.4255795567
-964.4253959177
-964.4255150711
-964.4255400834
-964.4254615492
-964.4255409514
-964.4254477730
-964.4254983874
-964.4254330422
-964.4254630294
-964.4257024642
-964.4254933226
-964.4254738473
-964.4254916361
-964.4254869315
-964.4252252237
-964.4254665454
-964.4254783361
-964.4255167250
-964.4255129095
-964.4255387498
-964.4253642464
-964.4255779664
-964.4255650214
-964.4256047954
-964.4254938104
-964.4255404165
-964.4255801072
-964.4255813683
-964.4255082062
-964.4255770043
-964.4254477657
-964.4255629797
-964.4256369307
-964.4255331185
-964.4255528005
-964.4255811020
-964.4254910796
-964.4255352792
-964.4253784982
-964.4255130193
-964.4253658074
-964.4253683448
-964.4254181702
-964.4256239868
-964.4254818032
-964.4256026030
-964.4255140572
-964.4255464784
-964.4255622241
-964.4254895300
-964.4254333101
-964.4255411795
-964.4255519273
-964.4255436428
-964.4254961990
-964.4254137630
-964.4254512880
-964.4251575179
-964.4256327271
-964.4255049667
-964.4255566702
-964.4254199226
-964.4254956895
-964.4254696992
-964.4255175566
-964.4255665153
-964.4253042596
-964.4254862186
-964.4254576248
-964.4255152960
-964.4255012923
-964.4252921698
-964.4254871540
-964.4254270002
-964.4253993462
-964.4255082954
-964.4254211631
-964.4257127703
-964.4255526196
-964.4255269345
-964.4255251120
-964.4256251156
-964.4254363069
-964.4255247499
-964.4252839723
-964.4255551763
-964.4255289835
-964.4253106183
-964.4255439553
-964.4255245587
-964.4254504948
-964.4257584140
-964.4254565348
-964.4254534466
-964.4255152231
-964.4254845571
-964.4253274016
-964.4254760883
-964.4254740237
-964.4252373611
-964.4255149474
-964.4255958126
-964.4255033933
-964.4255335264
-964.4254774505
-964.4254019177
-964.4254359301
-964.4253582154
-964.4254597160
-964.4253332997
-964.4255337363
-964.4254116747
-964.4253592782
-964.4255269218
-964.4253260921
-964.4255118324
-964.4255541813
-964.4255297132
-964.4254666596
-964.4253893291
-964.4254857527
-964.4255155683
-964.4254861425
-964.4255252375
-964.4254634213
-964.4253939083
-964.4253961370
-964.4252315774
-964.4254540777
-964.4254869853
-964.4254646871
-964.4254283699
-964.4254932556
-964.4255503141
-964.4255280335
-964.4255376054
-964.4255159467
-964.4255594192
-964.4254927411
-964.4254462477
-964.4254195452
-964.4255206886
-964.4252152335
-964.4253922941
-964.4254935224
-964.4254038024
-964.4255235213
-964.4254197758
-964.4253559401
-964.4254304391
-964.4254444995
-964.4255570590
-964.4254487800
-964.4254133581
-964.4254170059
-964.4251887184
-964.4255142194
-964.4255111299
-964.4254624106
-964.4255863248
-964.4254247668
-964.4255573462
-964.4254133968
-964.4254212023
-964.4254806883
-964.4255517919
-964.4252901296
-964.4254595620
-964.4254073576
-964.4253203675
-964.4254795772
-964.4255065199
-964.4254100166
-964.4255339950
-964.4256112280
-964.4255157897
-964.4255494295
-964.4254778209
-964.4253258992
-964.4255286473
-964.4255906994
-964.4255558688
-964.4256043634
-964.4255199618
-964.4252479839
-964.4255600109
-964.4254653171
-964.4250590788
-964.4254393071
-964.4255518242
-964.4255336188
-964.4253752433
-964.4255241132
-964.4254426468
-964.4254890839
-964.4255299706
-964.4255442118
-964.4255293111
-964.4255084117
-964.4254759522
-964.4253343080
-964.4254566628
-964.4255349922
-964.4254485862
-964.4255720549
-964.4256326987
-964.4255841360
-964.4254150609
-964.4253859446
-964.4255116706
-964.4256088069
-964.4255464955
-964.4254694491
-964.4255063857
-964.4255618849
-964.4252279724
-964.4254687656
-964.4255890427
-964.4255078869
-964.4254721672
-964.4254781460
-964.4252853709
-964.4254524352
-964.4253960412
-964.4254366965
-964.4255089648
-964.4255954406
-964.4254196026
-964.4255053729
-964.4254757536
-964.4255941353
-964.4255332024
-964.4255158998
-964.4254303012
-964.4253022783
-964.4253275831
-964.4255515068
-964.4256692908
-964.4255998220
-964.4254907078
-964.4254191745
-964.4254080544
-964.4254252456
-964.4254075198
-964.4254810929
-964.4255065954
-964.4254211102
-964.4255416923
-964.4255881326
-964.4255136789
-964.4254849256
-964.4254517216
-964.4254642588
-964.4254173076
-964.4254224720
-964.4254813962
-964.4254218772
-964.4252808516
-964.4253604129
-964.4254224861
-964.4256019534
-964.4255032388
-964.4253700992
-964.4256041656
-964.4255127844
-964.4255662070
-964.4254344902
-964.4255107319
-964.4254952488
-964.4255095756
-964.4252832824
-964.4255199740
-964.4254739949
-964.4256462965
-964.4254722105
-964.4255036138
-964.4255765374
-964.4255177030
-964.4255542541
-964.4255594793
-964.4255238370
-964.4254864889
-964.4253161999
-964.4254954595
-964.4255235010
-964.4255160230
-964.4254999161
-964.4255529330
-964.4253587139
-964.4254938575
-964.4254796262
-964.4255107725
-964.4256842687
-964.4255488879
-964.4255143844
-964.4253371381
-964.4254732601
-964.4254313837
-964.4255163767
-964.4255417871
-964.4255554131
-964.4257749447
-964.4254862414
-964.4255304257
-964.4255262322
-964.4255583928
-964.4256253051
-964.4255370400
-964.4254081600
-964.4253233049
-964.4255103023
-964.4253956205
-964.4254894418
-964.4257615031
-964.4254427201
-964.4253314050
-964.4255215999
-964.4254945362
-964.4254228930
-964.4255778073
-964.4254020531
-964.4255024335
-964.4253747724
-964.4254865652
-964.4255488536
-964.4254478559
-964.4254203504
-964.4255265001
-964.4255427349
-964.4255448029
-964.4255253384
-964.4255422317
-964.4254947383
-964.4253233562
-964.4254043463
-964.4254858938
-964.4255048172
-964.4254936937
-964.4251809868
-964.4254953742
-964.4254491645
-964.4253389586
-964.4254805616
-964.4256154937
-964.4255156336
-964.4254647905
-964.4253427743
-964.4253997438
-964.4253943532
-964.4255443880
-964.4254880905
-964.4255143945
-964.4253909028
-964.4255639588
-964.4255168757
-964.4255718419
-964.4254890277
-964.4255323836
-964.4255789332
-964.4255204092
-964.4254020596
-964.4254952976
-964.4254160993
-964.4255682561
-964.4254920438
-964.4252875244
-964.4254085931
-964.4255493108
-964.4255385174
-964.4255472716
-964.4255306362
-964.4253117472
-964.4255106025
-964.4253599217
-964.4255224479
-964.4255630639
-964.4254184834
-964.4255310030
-964.4254963128
-964.4255550045
-964.4254680198
-964.4254618997
-964.4254391572
-964.4255452707
-964.4254853717
-964.4254912059
-964.4255288992
-964.4255363526
-964.4254190933
-964.4255145513
-964.4254634668
-964.4253635954
-964.4254792131
-964.4254523149
-964.4255067498
-964.4254858248
-964.4256142055
-964.4255038223
-964.4254095127
-964.4255443153
-964.4254807346
-964.4254920907
-964.4255494164
-964.4254716429
-964.4254237383
-964.4254939886
-964.4255065240
-964.4254545987
-964.4254791910
-964.4254305043
-964.4254632303
-964.4253091414
-964.4255360559
-964.4254184336
-964.4255405804
-964.4255538994
-964.4255090603
-964.4255538602
-964.4255041133
-964.4254541223
-964.4254442690
-964.4254562105
-964.4251851287
-964.4251784622
-964.4254698053
-964.4254250680
-964.4255128249
-964.4253062754
-964.4255508817
-964.4254772933
-964.4255315530
-964.4254855483
-964.4256041706
-964.4254022224
-964.4252885260
-964.4255166603
-964.4254512387
-964.4255583816
-964.4254499599
-964.4255182503
-964.4254084499
-964.4254574698
-964.4252122419
-964.4254791956
-964.4254476160
-964.4253585213
-964.4255101834
-964.4255272339
-964.4254862919
-964.4255731632
-964.4255063315
-964.4254901130
-964.4255343721
-964.4254137222
-964.4253916673
-964.4253951557
-964.4254662223
-964.4255250989
-964.4253998366
-964.4255779520
-964.4253939576
-964.4253871408
-964.4253682124
-964.4254982245
-964.4254789916
-964.4255152975
-964.4253565249
-964.4255777658
-964.4254777480
-964.4255373247
-964.4253554574
-964.4254097140
-964.4253510450
-964.4254806754
-964.4254560206
-964.4255736913
-964.4255556501
-964.4258096690
-964.4253656986
-964.4254100172
-964.4254192645
-964.4255449127
-964.4255043930
-964.4253434235
-964.4254669484
-964.4255396352
-964.4254075799
-964.4255725004
-964.4251849797
-964.4254767666
-964.4252230838
-964.4255413659
-964.4252459183
-964.4254129826
-964.4255089403
-964.4255583254
-964.4255221212
-964.4255636689
-964.4254266073
-964.4255157879
-964.4252748295
-964.4257172160
-964.4254236036
-964.4253037849
-964.4254605690
-964.4255019071
-964.4253392059
-964.4254697496
-964.4256360715
-964.4254656018
-964.4255399038
-964.4255056790
-964.4254743768
-964.4254557487
-964.4257748225
-964.4254056938
-964.4253378196
-964.4255012068
-964.4254373264
-964.4254391585
-964.4255995402
-964.4253999252
-964.4254536922
-964.4252956030
-964.4255456401
-964.4255970382
-964.4256034208
-964.4255436444
-964.4253312908
-964.4256968065
-964.4253928256
-964.4252944415
-964.4254556928
-964.4255222825
-964.4253519443
-964.4255207439
-964.4254864437
-964.4254134166
-964.4254657457
-964.4254681397
-964.4255533890
-964.4254702720
-964.4254782869
-964.4255162921
-964.4255091776
-964.4254038052
-964.4253436430
-964.4253253231
-964.4254910143
-964.4255023293
-964.4255014069
-964.4253963071
-964.4255290517
-964.4253991188
-964.4254445380
-964.4255142848
-964.4254540014
-964.4253055805
-964.4254941456
-964.4253571296
-964.4254743584
-964.4254937830
-964.4254981515
-964.4254754609
-964.4253731387
-964.4255151087
-964.4254332713
-964.4255274243
-964.4254841482
-964.4254871942
-964.4254333037
-964.4252774325
-964.4253691402
-964.4255099910
-964.4253502485
-964.4255024241
-964.4255235489
-964.4253280980
-964.4253584384
-964.4254591371
-964.4256021337
-964.4254295759
-964.4254659900
-964.4254448770
-964.4253893548
-964.4253404215
-964.4255137484
-964.4255825688
-964.4253845826
-964.4252592947
-964.4255133989
-964.4254391875
-964.4253818506
-964.4253667568
-964.4254426161
-964.4255096703
-964.4253161041
-964.4255717923
-964.4255189195
-964.4254795753
-964.4254698386
-964.4253540933
-964.4253718114
-964.4256451654
-964.4254031016
-964.4255659253
-964.4253645550
-964.4254861541
-964.4254111508
-964.4255571537
-964.4255396270
-964.4253961817
-964.4255235809
-964.4254178673
-964.4254703883
-964.4254241475
-964.4251494091
-964.4253562396
-964.4255279166
-964.4255269075
-964.4253260216
-964.4255131804
-964.4254957845
-964.4254981974
-964.4253700993
-964.4253944960
-964.4255239513
-964.4253629981
-964.4255138250
-964.4253869802
-964.4253904003
-964.4254142926
-964.4254621354
-964.4254942392
-964.4255007877
-964.4253618287
-964.4255325113
-964.4254423007
-964.4254603809
-964.4254055357
-964.4255034447
-964.4253926717
-964.4255344020
-964.4255166834
-964.4255173976
-964.4254956126
-964.4254424367
-964.4255524555
-964.4255136640
-964.4254824009
-964.4255040689
-964.4253942794
-964.4253325308
-964.4254813240
-964.4255228856
-964.4254300151
-964.4255158760
-964.4254563501
-964.4254921587
-964.4255155984
-964.4255612442
-964.4255504115
-964.4255988222
-964.4254803118
-964.4253948326
-964.4255208621
-964.4254275470
-964.4255268256
-964.4254252753
-964.4256037099
-964.4255150925
-964.4255059130
-964.4255010439
-964.4255669950
-964.4255041472
-964.4255128557
-964.4255028935
-964.4255132423
-964.4254842152
-964.4254637270
-964.4255172579
-964.4254554949
-964.4255010744
-964.4255685357
-964.4255001355
-964.4253042433
-964.4254717813
-964.4253694834
-964.4255481211
-964.4255872265
-964.4253312275
-964.4254665309
-964.4255432085
-964.4255148211
-964.4253817908
-964.4255042899
-964.4252899161
-964.4254529814
-964.4255036696
-964.4254892339
-964.4254491925
-964.4255059886
-964.4255147094
-964.4255475811
-964.4255330733
-964.4254902341
-964.4255398571
-964.4255254321
-964.4254036158
-964.4254345743
-964.4253489837
-964.4255805405
-964.4255124203
-964.4255407106
-964.4255348888
-964.4255140247
-964.4255140435
-964.4254848096
-964.4255216679
-964.4253953785
-964.4254946663
-964.4255427120
-964.4255416534
-964.4255376029
-964.4254064856
-964.4253500932
-964.4255163667
-964.4254595346
-964.4252985149
-964.4254564195
-964.4252228775
-964.4255220804
-964.4254558115
-964.4254698387
-964.4254744215
-964.4254761776
-964.4255097216
-964.4252704803
-964.4252084459
-964.4255492699
-964.4254986915
-964.4253993353
-964.4254215027
-964.4252521732
-964.4254125879
-964.4255918593
-964.4255749130
-964.4254481342
-964.4255687242
-964.4255700609
-964.4254121585
-964.4255499269
-964.4254348218
-964.4255388740
-964.4253496921
-964.4255145558
-964.4255484477
-964.4256001346
-964.4254345798
-964.4255292854
-964.4254533837
-964.4255328075
-964.4255537492
-964.4255036504
-964.4254864385
-964.4253618007
-964.4253578892
-964.4254382339
-964.4253790311
-964.4254824927
-964.4255195523
-964.4253682303
-964.4255586744
-964.4254278563
-964.4252165399
-964.4255548269
-964.4255353546
-964.4255266644
-964.4255623365
-964.4254349290
-964.4255206010
-964.4255798085
-964.4253873121
-964.4255446283
-964.4255300757
-964.4254422589
-964.4254718147
-964.4255605044
-964.4253211413
-964.4255076584
-964.4254484608
-964.4253323015
-964.4254171854
-964.4254395932
-964.4254495782
-964.4253698715
-964.4254319104
-964.4254529029
-964.4253601297
-964.4253651182
-964.4255301381
-964.4255061428
-964.4253255772
-964.4254484768
-964.4255106392
-964.4256046929
-964.4254577282
-964.4255137781
-964.4255350110
-964.4254158038
-964.4257520995
-964.4255914754
-964.4253778042
-964.4255433920
-964.4255162182
-964.4257643219
-964.4255528178
-964.4254280534
-964.4254584934
-964.4255007494
-964.4254716820
-964.4254567977
-964.4255595474
-964.4254906103
-964.4254925181
-964.4254180812
-964.4255450050
-964.4255356587
-964.4253261733
-964.4252744414
-964.4255189734
-964.4253630969
-964.4255536725
-964.4254615172
-964.4254865870
-964.4254410029
-964.4254262251
-964.4255256572
-964.4254695820
-964.4253847669
-964.4255093522
-964.4255519860
-964.4255389402
-964.4255213784
-964.4254360235
-964.4254812583
-964.4255141666
-964.4254366410
-964.4254175705
-964.4252038436
-964.4254114619
-964.4252240067
-964.4254392757
-964.4256100486
-964.4252958697
-964.4255620868
-964.4254757848
-964.4255016258
-964.4255377228
-964.4254728589
-964.4255235647
-964.4254375547
-964.4254305758
-964.4255452436
-964.4254961087
-964.4255421696
-964.4253294487
-964.4255104771
-964.4255350907
-964.4253337601
-964.4254841020
-964.4254297727
-964.4255356281
-964.4254982350
-964.4253852042
-964.4255122067
-964.4255387444
-964.4253530818
-964.4253923888
-964.4254531662
-964.4255288095
-964.4254969247
-964.4254586259
-964.4255683562
-964.4254471388
-964.4253756487
-964.4254512290
-964.4254848365
-964.4255179027
-964.4254877329
-964.4255780775
-964.4254234439
-964.4254353915
-964.4254991242
-964.4255845699
-964.4255158519
-964.4254136996
-964.4253839441
-964.4255251744
-964.4254036131
-964.4255341935
-964.4254159986
-964.4254090412
-964.4256577514
-964.4255521352
-964.4255354509
-964.4251659078
-964.4254621575
-964.4253723576
-964.4254175457
-964.4252754614
-964.4255992511
-964.4252983250
-964.4253319349
-964.4253453775
-964.4253764001
-964.4254022637
-964.4254718451
-964.4254374444
-964.4254986125
-964.4255503487
-964.4254955867
-964.4253732369
-964.4255239147
-964.4255912527
-964.4254873751
-964.4254787114
-964.4255021827
-964.4254591013
-964.4255033530
-964.4254416096
-964.4254978482
-964.4253314219
-964.4255366310
-964.4253613192
-964.4255140563
-964.4257457858
-964.4253114110
-964.4254641189
-964.4255561466
-964.4255095218
-964.4254351096
-964.4255219468
-964.4255102690
-964.4254742670
-964.4255540589
-964.4253159834
-964.4254525668
-964.4252099950
-964.4254373372
-964.4255999851
-964.4253101445
-964.4254583901
-964.4255154209
-964.4255369276
-964.4253238917
-964.4253684468
-964.4254676276
-964.4254096510
-964.4253945046
-964.4255936961
-964.4255114384
-964.4255266673
-964.4255051349
-964.4255673629
-964.4254714283
-964.4253544242
-964.4254624015
-964.4253958509
-964.4254140958
-964.4254874440
-964.4255059675
-964.4256050184
-964.4255204257
-964.4253618606
-964.4254490030
-964.4254600728
-964.4255342383
-964.4251164130
-964.4255489080
-964.4254437256
-964.4254746137
-964.4255006197
-964.4255689901
-964.4256188198
-964.4255687737
-964.4252273784
-964.4253932142
-964.4255257215
-964.4253529104
-964.4253522586
-964.4255591627
-964.4255026879
-964.4254339725
-964.4255535982
-964.4253046493
-964.4252767243
-964.4253301660
-964.4255404936
-964.4253920943
-964.4254536388
-964.4254869452
-964.4255470732
-964.4254941109
-964.4255687373
-964.4254420960
-964.4253523479
-964.4254165540
-964.4255313460
-964.4255438680
-964.4255591847
-964.4254248889
-964.4254642656
-964.4254279134
-964.4253767893
-964.4256539985
-964.4256764115
-964.4255248480
-964.4255177684
-964.4253864813
-964.4254070340
-964.4255369412
-964.4254347052
-964.4255930284
-964.4253893555
-964.4252907388
-964.4254923401
-964.4255612385
-964.4254486517
-964.4255246926
-964.4255437196
-964.4255537777
-964.4252164369
-964.4254253705
-964.4253596530
-964.4254128911
-964.4254374315
-964.4254943217
-964.4254521129
-964.4254831236
-964.4255689466
-964.4253901634
-964.4254735180
-964.4254581500
-964.4255185765
-964.4255339936
-964.4255349307
-964.4254083038
-964.4253391479
-964.4255514046
-964.4252849147
-964.4253757884
-964.4254845395
-964.4254555886
-964.4254677855
-964.4252581799
-964.4255304462
-964.4255757666
-964.4255831512
-964.4253179990
-964.4254435706
-964.4255360642
-964.4255104860
-964.4254019926
-964.4254001436
-964.4254470020
-964.4253848775
-964.4255007980
-964.4253854892
-964.4256260219
-964.4254073081
-964.4254507298
-964.4255194348
-964.4255182516
-964.4253077721
-964.4253646272
-964.4254897741
-964.4255157320
-964.4255144480
-964.4255552929
-964.4254082027
-964.4255605697
-964.4255598035
-964.4255023597
-964.4253589609
-964.4255586384
-964.4255723767
-964.4254320800
-964.4254480720
-964.4254047263
-964.4254928874
-964.4253475962
-964.4255063030
-964.4254907870
-964.4254384852
-964.4254131159
-964.4253337810
-964.4255232024
-964.4254294482
-964.4255453396
-964.4256004276
-964.4254476147
-964.4253624822
-964.4255419689
-964.4254233345
-964.4253238885
-964.4254342485
-964.4255156256
-964.4254626017
-964.4255331953
-964.4254682366
-964.4252910911
-964.4255437055
-964.4255008938
-964.4252705079
-964.4255611549
-964.4255143521
-964.4254958312
-964.4254042110
-964.4255116092
-964.4254991484
-964.4252651710
-964.4255283430
-964.4255640703
-964.4254841227
-964.4254734430
-964.4254838435
-964.4255556802
-964.4255705400
-964.4255085956
-964.4255505619
-964.4255191046
-964.4253244055
-964.4255890381
-964.4253545440
-964.4252695640
-964.4252979500
-964.4254470107
-964.4255542562
-964.4254519882
-964.4254635741
-964.4252956333
-964.4254381644
-964.4253954361
-964.4254717197
-964.4254404294
-964.4252213611
-964.4254147834
-964.4256131504
-964.4255407915
-964.4253382534
-964.4253505506
-964.4252046010
-964.4253374827
-964.4253184685
-964.4250632819
-964.4255421423
-964.4254240730
-964.4253679404
-964.4255070081
-964.4255267136
-964.4255206433
-964.4254685409
-964.4256615604
-964.4254731650
-964.4253430340
-964.4254589633
-964.4253972425
-964.4256221844
-964.4253663668
-964.4254599184
-964.4254460866
-964.4254309937
-964.4254800849
-964.4252728439
-964.4255367254
-964.4254678132
-964.4254858654
-964.4252704956
-964.4255250731
-964.4255149745
-964.4255422128
-964.4256017440
-964.4255331411
-964.4255097639
-964.4254809864
-964.4254551654
-964.4255163675
-964.4256038583
-964.4255798467
-964.4255145860
-964.4254850408
-964.4253164732
-964.4253252755
-964.4255119890
-964.4255316479
-964.4255383738
-964.4254917131
-964.4253850249
-964.4255150214
-964.4255660821
-964.4256012121
-964.4254077153
-964.4254856410
-964.4255462491
-964.4255529285
-964.4253469123
-964.4255161381
-964.4254414125
-964.4255015651
-964.4254394655
-964.4254829134
-964.4255496095
-964.4255464815
-964.4253883748
-964.4255184416
-964.4255070419
-964.4254806782
-964.4255047381
-964.4254483547
-964.4254947938
-964.4255233096
-964.4253660773
-964.4254517062
-964.4256064507
-964.4254458206
-964.4253861961
-964.4254646629
-964.4254433178
-964.4253258019
-964.4255035789
-964.4253675697
-964.4254892997
-964.4254378807
-964.4255174442
-964.4254685448
-964.4255414064
-964.4254434731
-964.4254942209
-964.4253473857
-964.4255261303
-964.4254442480
-964.4254736857
-964.4254676347
-964.4255421926
-964.4254333543
-964.4254236350
-964.4254901443
-964.4255793180
-964.4256841008
-964.4254765680
-964.4254299517
-964.4254320516
-964.4255959047
-964.4254567608
-964.4256162672
-964.4253024258
-964.4254314621
-964.4254356222
-964.4255825536
-964.4254448916
-964.4254992351
-964.4255590871
-964.4254444032
-964.4255508168
-964.4252864202
-964.4255098535
-964.4255363851
-964.4255085021
-964.4254499300
-964.4255336391
-964.4255074851
-964.4255172245
-964.4254397604
-964.4255805242
-964.4254678084
-964.4254465467
-964.4254608436
-964.4255346921
-964.4255492791
-964.4255468940
-964.4253972707
-964.4254393644
-964.4252724890
-964.4254696154
-964.4253969847
-964.4253793305
-964.4255489520
-964.4254932514
-964.4254689338
-964.4253385002
-964.4251463339
-964.4254076316
-964.4255116591
-964.4255634836
-964.4255308930
-964.4253227016
-964.4255541183
-964.4254571350
-964.4252741560
-964.4255578250
-964.4255158460
-964.4252813776
-964.4256127350
-964.4254293635
-964.4255534731
-964.4254088344
-964.4254073145
-964.4253556706
-964.4255734374
-964.4256044896
-964.4254931513
-964.4255389393
-964.4254499761
-964.4255316134
-964.4254830179
-964.4254145027
-964.4253967012
-964.4253620229
-964.4254885566
-964.4254730332
-964.4255370075
-964.4255485530
-964.4255207716
-964.4256018169
-964.4255934820
-964.4254083099
-964.4255082598
-964.4254876652
-964.4254737869
-964.4255028180
-964.4254896367
-964.4255508994
-964.4253593098
-964.4255164895
-964.4254636856
-964.4256551320
-964.4254358757
-964.4254274812
-964.4254015100
-964.4255580591
-964.4254458206
-964.4254389198
-964.4255116929
-964.4255035738
-964.4256171967
-964.4255155364
-964.4255472792
-964.4254825801
-964.4254502162
-964.4253459945
-964.4255699496
-964.4253882166
-964.4255241752
-964.4254942568
-964.4254014222
-964.4255225880
-964.4254977694
-964.4253101501
-964.4254270299
-964.4253603529
-964.4255397461
-964.4253360997
-964.4255222364
-964.4255294987
-964.4255538146
-964.4255306040
-964.4254003248
-964.4252626585
-964.4253124594
-964.4254088281
-964.4254676764
-964.4255052566
-964.4254188445
-964.4254044978
-964.4255224656
-964.4254660831
-964.4255411400
-964.4253298915
-964.4252950881
-964.4254769921
-964.4254596338
-964.4255469995
-964.4255041140
-964.4254803599
-964.4254626423
-964.4255476351
-964.4254447269
-964.4253444114
-964.4255907765
-964.4255610373
-964.4254475882
-964.4254707951
-964.4254872183
-964.4252107611
-964.4255777755
-964.4253795194
-964.4254223438
-964.4255446620
-964.4255890767
-964.4255024777
-964.4253853698
-964.4255158873
-964.4255588256
-964.4254670191
-964.4255147087
-964.4255899355
-964.4254836687
-964.4252873152
-964.4255732849
-964.4255538941
-964.4255325943
-964.4255598874
-964.4255432566
-964.4254564454
-964.4255047440
-964.4252786528
-964.4255119005
-964.4254521840
-964.4254331837
-964.4254891238
-964.4255410915
-964.4255899811
-964.4254894243
-964.4255605727
-964.4253943266
-964.4254913403
-964.4255250645
-964.4254327175
-964.4253569497
-964.4254604795
-964.4254027458
-964.4254514384
-964.4254849841
-964.4255579665
-964.4255365765
-964.4255476226
-964.4254634593
-964.4254788608
-964.4255003500
-964.4255154730
-964.4253883534
-964.4254209513
-964.4254711263
-964.4254664045
-964.4255301922
-964.4254258294
-964.4252973210
-964.4253926666
-964.4254312072
-964.4254748515
-964.4255817517
-964.4255456203
-964.4255263107
-964.4253277398
-964.4255479489
-964.4254109985
-964.4255171497
-964.4254651053
-964.4255138252
-964.4255191018
-964.4255119571
-964.4253818683
-964.4253444540
-964.4255279271
-964.4254848989
-964.4254926548
-964.4253965970
-964.4254626843
-964.4253392356
-964.4253228542
-964.4253968511
-964.4255234660
-964.4255973241
-964.4255295197
-964.4255581975
-964.4253274919
-964.4254954312
-964.4253136990
-964.4255320124
-964.4255611813
-964.4253832088
-964.4253420249
-964.4255379243
-964.4255429546
-964.4255135485
-964.4256508489
-964.4255300454
-964.4255362911
-964.4251849099
-964.4253545079
-964.4253392001
-964.4255542356
-964.4254599852
-964.4254591770
-964.4254638194
-964.4254889848
-964.4255059323
-964.4253819175
-964.4254562606
-964.4254199073
-964.4255399375
-964.4254781712
-964.4254765285
-964.4255852563
-964.4254730380
-964.4253495617
-964.4254234995
-964.4255450774
-964.4254934061
-964.4255341205
-964.4251829290
-964.4253081685
-964.4255345378
-964.4255508216
-964.4254931733
-964.4255149182
-964.4254170422
-964.4253875244
-964.4253395690
-964.4255145329
-964.4255498911
-964.4254162525
-964.4252816444
-964.4255142852
-964.4257040142
-964.4253752734
-964.4252769998
-964.4253636868
-964.4255072485
-964.4254804346
-964.4252923579
-964.4255844920
-964.4254065615
-964.4252413970
-964.4255434171
-964.4254776170
-964.4253981543
-964.4254670161
-964.4252720092
-964.4253293986
-964.4255619754
-964.4255309242
-964.4253567499
-964.4254714283
-964.4255197789
-964.4255655452
-964.4254740802
-964.4255841811
-964.4254769864
-964.4254612679
-964.4254611505
-964.4254508571
-964.4254410188
-964.4254437718
-964.4255653721
-964.4255161786
-964.4254117523
-964.4255222247
-964.4254307273
-964.4254730970
-964.4255713251
-964.4256127393
-964.4251988518
-964.4255527872
-964.4255308294
-964.4255141440
-964.4253855312
-964.4255174524
-964.4253294218
-964.4254310745
-964.4254445961
-964.4254939692
-964.4254111875
-964.4255374465
-964.4255444860
-964.4255315225
-964.4254704826
-964.4254122392
-964.4254832566
-964.4254111492
-964.4253405202
-964.4254354116
-964.4253707408
-964.4255609529
-964.4254791397
-964.4253919600
-964.4255413168
-964.4255121867
-964.4254745578
-964.4253757380
-964.4253561553
-964.4256021000
-964.4254472098
-964.4253041768
-964.4254423935
-964.4255569086
-964.4255233759
-964.4254537068
-964.4254007305
-964.4255483262
-964.4253295048
-964.4255197415
-964.4255165288
-964.4255115995
-964.4253592018
-964.4254457961
-964.4255423630
-964.4255863135
-964.4254918983
-964.4253355548
-964.4254511283
-964.4254584457
-964.4255253374
-964.4253988124
-964.4254746341
-964.4254571675
-964.4254981629
-964.4254823624
-964.4254465173
-964.4252610491
-964.4254991794
-964.4255266423
-964.4254514670
-964.4255084130
-964.4254906800
-964.4254073218
-964.4254667971
-964.4253815821
-964.4255754421
-964.4254887248
-964.4254903337
-964.4255258762
-964.4255355182
-964.4255279923
-964.4255269426
-964.4253952922
-964.4255331721
-964.4253979244
-964.4254694321
-964.4253636398
-964.4253533404
-964.4254317040
-964.4254444564
-964.4255857259
-964.4254382931
-964.4254300563
-964.4254067754
-964.4254690725
-964.4251713381
-964.4254071011
-964.4254940431
-964.4256095951
-964.4253706624
-964.4255184906
-964.4255708940
-964.4255664279
-964.4253962052
-964.4254497179
-964.4255910614
-964.4255018013
-964.4253543907
-964.4255921869
-964.4255563883
-964.4255134791
-964.4255039638
-964.4255240631
-964.4254582193
-964.4253929276
-964.4254318233
-964.4254617096
-964.4253828512
-964.4254965466
-964.4254592561
-964.4254799385
-964.4255038200
-964.4253974460
-964.4254361938
-964.4254808283
-964.4254771793
-964.4255506427
-964.4254292446
-964.4254190997
-964.4255164547
-964.4253866873
-964.4253004087
-964.4255415215
-964.4255636274
-964.4253187896
-964.4255625719
-964.4254354164
-964.4254900423
-964.4254589237
-964.4256146746
-964.4253663927
-964.4255255581
-964.4250986290
-964.4254949284
-964.4256262927
-964.4254407018
-964.4255154578
-964.4255331793
-964.4254945209
-964.4255430719
-964.4253477654
-964.4254111281
-964.4256050589
-964.4254041525
-964.4255800036
-964.4255604776
-964.4253992612
-964.4253834945
-964.4255045358
-964.4254887221
-964.4254340926
-964.4256120683
-964.4254624629
-964.4255393314
-964.4255368693
-964.4254044523
-964.4254792286
-964.4253559540
-964.4256998490
-964.4253331364
-964.4254595398
-964.4252459850
-964.4254924882
-964.4254859240
-964.4254925066
-964.4253466170
-964.4254513786
-964.4254845494
-964.4253342068
-964.4255140772
-964.4256288855
-964.4255690554
-964.4255319825
-964.4254785704
-964.4254726200
-964.4253674899
-964.4255601095
-964.4251580303
-964.4255309979
-964.4256617932
-964.4254122824
-964.4254988245
-964.4253989480
-964.4252350787
-964.4255341848
-964.4254457998
-964.4255521492
-964.4254102462
-964.4254760090
-964.4253729284
-964.4255371592
-964.4253064194
-964.4254648630
-964.4254049035
-964.4254170606
-964.4254633828
-964.4256198950
-964.4254177691
-964.4254301991
-964.4253971734
-964.4253260690
-964.4254408135
-964.4254715367
-964.4254631094
-964.4256191067
-964.4255220714
-964.4255461495
-964.4255152251
-964.4255669405
-964.4254137989
-964.4252271292
-964.4254251514
-964.4253754789
-964.4254895363
-964.4254214708
-964.4255163022
-964.4255165574
-964.4254391170
-964.4254146540
-964.4254054167
-964.4254724547
-964.4255265632
-964.4254170870
-964.4253691615
-964.4253771344
-964.4254082630
-964.4255081547
-964.4253370700
-964.4254279528
-964.4252290892
-964.4255343573
-964.4255210610
-964.4256323278
-964.4254508801
-964.4255165008
-964.4254388551
-964.4253718207
-964.4254434812
-964.4256058579
-964.4255537672
-964.4255811428
-964.4255509763
-964.4254365208
-964.4254896523
-964.4253369670
-964.4254349305
-964.4253761069
-964.4254685843
-964.4254767237
-964.4255961683
-964.4252517021
-964.4254574358
-964.4254241392
-964.4254971943
-964.4255156346
-964.4254283887
-964.4254669596
-964.4254607210
-964.4255335930
-964.4255586110
-964.4255800161
-964.4252988823
-964.4254720871
-964.4255038061
-964.4255197595
-964.4254626153
-964.4253291797
-964.4255259192
-964.4255552988
-964.4254119875
-964.4254386874
-964.4254496827
-964.4255644338
-964.4253588312
-964.4252716219
-964.4255470505
-964.4253123687
-964.4254573470
-964.4255740265
-964.4254819522
-964.4254812875
-964.4255338648
-964.4254575213
-964.4250764196
-964.4255370738
-964.4255155131
-964.4255330077
-964.4254732432
-964.4255713315
-964.4258034848
-964.4255468813
-964.4254550627
-964.4255438775
-964.4252186591
-964.4256095621
-964.4255514434
-964.4255158293
-964.4254357787
-964.4254508181
-964.4255800679
-964.4255374960
-964.4255263904
-964.4254875010
-964.4254395936
-964.4254893804
-964.4253850696
-964.4254072093
-964.4254047034
-964.4255244707
-964.4256270393
-964.4252545734
-964.4255506619
-964.4254230882
-964.4256147409
-964.4254903042
-964.4253257204
-964.4252829711
-964.4254943978
-964.4254902774
-964.4254432954
-964.4255199454
-964.4255139511
-964.4255893517
-964.4253704660
-964.4253966124
-964.4255065460
-964.4255147517
-964.4254291213
-964.4253620975
-964.4255403475
-964.4255288074
-964.4255400249
-964.4254826351
-964.4255643583
-964.4254445202
-964.4254452428
-964.4254755581
-964.4254513836
-964.4253802016
-964.4255156787
-964.4254370680
-964.4252975918
-964.4254921684
-964.4255389732
-964.4254469956
-964.4255299663
-964.4255641421
-964.4255930501
-964.4255146765
-964.4255614517
-964.4255144309
-964.4254362639
-964.4254757033
-964.4254618467
-964.4254481219
-964.4254560805
-964.4254539366
-964.4254996367
-964.4254954016
-964.4255122475
-964.4254284312
-964.4254980687
-964.4255483686
-964.4252596835
-964.4254280323
-964.4255216657
-964.4255765199
-964.4254919670
-964.4255010504
-964.4254638914
-964.4255168443
-964.4253152085
-964.4255407142
-964.4253785419
-964.4254333382
-964.4255183543
-964.4254821570
-964.4254067848
-964.4253787779
-964.4255474943
-964.4255389543
-964.4254140673
-964.4253561048
-964.4253636151
-964.4255216691
-964.4255452304
-964.4255428854
-964.4253886800
-964.4254935350
-964.4255645374
-964.4255700623
-964.4254731083
-964.4255226833
-964.4254726711
-964.4253860160
-964.4252318848
-964.4255294138
-964.4253476453
-964.4254776468
-964.4255659416
-964.4254731009
-964.4254558235
-964.4255930962
-964.4255099936
-964.4254566599
-964.4253894708
-964.4254163171
-964.4254611584
-964.4251344362
-964.4253967105
-964.4254002528
-964.4254503648
-964.4253977334
-964.4254329204
-964.4253047853
-964.4254325736
-964.4254229889
-964.4255903146
-964.4255755692
-964.4255092589
-964.4253933800
-964.4254640252
-964.4254785767
-964.4253610576
-964.4253686168
-964.4252778480
-964.4255703113
-964.4255626355
-964.4254447290
-964.4253500930
-964.4254037057
-964.4255162820
-964.4254593490
-964.4254719885
-964.4254696302
-964.4252802374
-964.4255613688
-964.4254796868
-964.4255167457
-964.4253867144
-964.4253397386
-964.4252862888
-964.4252916385
-964.4253839301
-964.4255270046
-964.4254605298
-964.4253094473
-964.4254978382
-964.4253484764
-964.4254380129
-964.4254679868
-964.4252588237
-964.4254410949
-964.4255715831
-964.4254192917
-964.4257413821
-964.4253793360
-964.4255310886
-964.4254754146
-964.4253214789
-964.4255280362
-964.4252379698
-964.4254418403
-964.4256129379
-964.4255535990
-964.4255178359
-964.4252373442
-964.4254565277
-964.4255076547
-964.4254717712
-964.4254206709
-964.4255686890
-964.4255011588
-964.4253653359
-964.4254260514
-964.4256516655
-964.4253717301
-964.4255455808
-964.4253813753
-964.4257213377
-964.4255387499
-964.4254790249
-964.4255375445
-964.4254675494
-964.4255694591
-964.4252304506
-964.4255230729
-964.4254778655
-964.4254936363
-964.4254500193
-964.4255322316
-964.4253018651
-964.4252382651
-964.4255357856
-964.4254394424
-964.4254990292
-964.4252021629
-964.4254955192
-964.4254585037
-964.4253143693
-964.4256811304
-964.4252194172
-964.4254701150
-964.4254901019
-964.4255662017
-964.4256777388
-964.4255853724
-964.4253527245
-964.4255004471
-964.4253640790
-964.4254817089
-964.4254860604
-964.4252355458
-964.4254564190
-964.4254666491
-964.4255576542
-964.4254853496
-964.4254891736
-964.4254862090
-964.4255571935
-964.4253948849
-964.4253004539
-964.4254914345
-964.4253018518
-964.4251683729
-964.4254727218
-964.4253571474
-964.4254606949
-964.4254007910
-964.4254966338
-964.4254646185
-964.4253937920
-964.4255070961
-964.4252867157
-964.4254977525
-964.4253385734
-964.4255532178
-964.4255512110
-964.4254924253
-964.4255362360
-964.4255413000
-964.4255405361
-964.4254530312
-964.4255142620
-964.4255491874
-964.4254026087
-964.4253257490
-964.4255795293
-964.4255134955
-964.4254560259
-964.4253752630
-964.4255268522
-964.4253427112
-964.4254320623
-964.4255363578
-964.4252682928
-964.4253691907
-964.4254683696
-964.4253797646
-964.4255782404
-964.4255043528
-964.4254061339
-964.4256258751
-964.4255195131
-964.4253842007
-964.4254509112
-964.4254354372
-964.4255026877
-964.4254325715
-964.4253862444
-964.4255098555
-964.4255126518
-964.4255199246
-964.4255968080
-964.4255100238
-964.4254440076
-964.4254182219
-964.4254660759
-964.4253970659
-964.4254240337
-964.4253979169
-964.4254799898
-964.4255018440
-964.4255176154
-964.4255578922
-964.4251481858
-964.4255642835
-964.4255030322
-964.4255187999
-964.4255439042
-964.4255135800
-964.4256107859
-964.4253364312
-964.4254788690
-964.4251859077
-964.4255709459
-964.4254946825
-964.4253687570
-964.4253782474
-964.4255037614
-964.4255419468
-964.4254459905
-964.4253697535
-964.4254829684
-964.4255026240
-964.4255088707
-964.4253684475
-964.4253839216
-964.4255551260
-964.4254943439
-964.4254896223
-964.4254327833
-964.4255458159
-964.4255382908
-964.4255220750
-964.4255566849
-964.4254539621
-964.4255824812
-964.4255808735
-964.4254636765
-964.4255204731
-964.4253433708
-964.4254484570
-964.4255820928
-964.4254611936
-964.4255377014
-964.4255328236
-964.4255868173
-964.4253846828
-964.4255802751
-964.4255192611
-964.4254420550
-964.4256026835
-964.4253401851
-964.4255139754
-964.4254172348
-964.4254371679
-964.4254811912
-964.4255574869
-964.4255832707
-964.4257248644
-964.4255211783
-964.4255151029
-964.4255502929
-964.4253855139
-964.4255548200
-964.4255624166
-964.4255239598
-964.4254634824
-964.4254476985
-964.4255371974
-964.4255679838
-964.4254056277
-964.4255288998
-964.4253510342
-964.4255794138
-964.4254443228
-964.4255628531
-964.4254132856
-964.4254785175
-964.4254604693
-964.4254657978
-964.4253897040
-964.4255272515
-964.4253658073
-964.4253851378
-964.4255066289
-964.4255228122
-964.4253347844
-964.4255203470
-964.4255990682
-964.4252814087
-964.4254362534
-964.4254538047
-964.4254166173
-964.4254347881
-964.4255514919
-964.4255230449
-964.4254120394
-964.4254414126
-964.4255267510
-964.4254413778
-964.4254155878
-964.4253280104
-964.4254295481
-964.4252885639
-964.4255807440
-964.4255507904
-964.4255435738
-964.4254369712
-964.4253510063
-964.4255520273
-964.4255079190
-964.4254990542
-964.4253185752
-964.4255848862
-964.4255432496
-964.4254573900
-964.4252710472
-964.4253302236
-964.4253716788
-964.4254583899
-964.4255658571
-964.4254624872
-964.4254911532
-964.4254902325
-964.4255150221
-964.4256153424
-964.4254962587
-964.4255753007
-964.4254564663
-964.4255970024
-964.4255113835
-964.4255208460
-964.4255132120
-964.4255184663
-964.4255265539
-964.4254696300
-964.4253641965
-964.4255752592
-964.4255153704
-964.4253807675
-964.4254146405
-964.4251688190
-964.4255404843
-964.4253951198
-964.4253770664
-964.4254918452
-964.4253859092
-964.4254898145
-964.4255096813
-964.4254254595
-964.4254987345
-964.4253042184
-964.4256035113
-964.4254643554
-964.4254343215
-964.4254104720
-964.4254360182
-964.4253121981
-964.4256939774
-964.4255784670
-964.4254057550
-964.4255642896
-964.4255472187
-964.4254933911
-964.4253988605
-964.4254426986
-964.4255277823
-964.4255802972
-964.4255045305
-964.4253613611
-964.4254861514
-964.4255167222
-964.4255004919
-964.4255864118
-964.4255134071
-964.4254743161
-964.4254010409
-964.4255665983
-964.4253630446
-964.4255386819
-964.4254878885
-964.4253211338
-964.4254027674
-964.4254449439
-964.4254116082
-964.4254292482
-964.4254245625
-964.4254097627
-964.4255952802
-964.4255485659
-964.4255253774
-964.4254740837
-964.4255602385
-964.4255554422
-964.4254873283
-964.4255563620
-964.4255385020
-964.4255857732
-964.4254087531
-964.4254604702
-964.4254718042
-964.4254009004
-964.4255172611
-964.4254140736
-964.4254437157
-964.4254993951
-964.4253859069
-964.4255493805
-964.4254989638
-964.4253804481
-964.4253840948
-964.4255114444
-964.4254849854
-964.4255179929
-964.4255002121
-964.4254450502
-964.4256231123
-964.4254725802
-964.4252993572
-964.4256235584
-964.4254097774
-964.4255059301
-964.4255220586
-964.4255042384
-964.4253566133
-964.4253902821
-964.4254661178
-964.4255264628
-964.4254003277
-964.4254542459
-964.4254316835
-964.4255389547
-964.4254264885
-964.4253143221
-964.4255062192
-964.4255131216
-964.4255467001
-964.4253908107
-964.4254429841
-964.4255633807
-964.4254682434
-964.4254159893
-964.4255781844
-964.4256125128
-964.4255119145
-964.4255057540
-964.4256160512
-964.4253808012
-964.4254548220
-964.4255129212
-964.4255288786
-964.4253073223
-964.4253279446
-964.4255036319
-964.4254673457
-964.4255761687
-964.4254763903
-964.4255142233
-964.4254500364
-964.4254617585
-964.4254948670
-964.4254748348
-964.4254855982
-964.4254247502
-964.4251640250
-964.4254466374
-964.4254426636
-964.4254765622
-964.4253990625
-964.4254448459
-964.4253236637
-964.4254404314
-964.4255836033
-964.4256628428
-964.4254310969
-964.4253486729
-964.4256566824
-964.4253862474
-964.4253441022
-964.4254316794
-964.4254487771
-964.4254030039
-964.4255133700
-964.4253628637
-964.4255504321
-964.4254681277
-964.4254734605
-964.4254555234
-964.4255356026
-964.4254676060
-964.4254868048
-964.4254258455
-964.4254303263
-964.4254536265
-964.4254623449
-964.4255542023
-964.4255375290
-964.4256133034
-964.4255307685
-964.4253722348
-964.4254959912
-964.4253812203
-964.4255135904
-964.4255220291
-964.4253693028
-964.4255053273
-964.4252614260
-964.4254624553
-964.4255136136
-964.4256057565
-964.4253306716
-964.4254547053
-964.4254534908
-964.4255424917
-964.4254699463
-964.4253958245
-964.4254810709
-964.4253215154
-964.4254424877
-964.4254656676
-964.4254592968
-964.4254548493
-964.4254434565
-964.4256267911
-964.4255322474
-964.4254312686
-964.4251717616
-964.4254463118
-964.4253585226
-964.4254170652
-964.4253765210
-964.4254952175
-964.4254542111
-964.4255383497
-964.4254621982
-964.4254039738
-964.4254072126
-964.4254851414
-964.4255173675
-964.4254183238
-964.4253962006
-964.4252871955
-964.4255679402
-964.4253766842
-964.4254942815
-964.4253621163
-964.4255018032
-964.4255038252
-964.4255124706
-964.4254377056
-964.4254983333
-964.4253810154
-964.4255171160
-964.4254832324
-964.4255595400
-964.4253885733
-964.4255064846
-964.4255327703
-964.4255108020
-964.4254587090
-964.4254874436
-964.4255576142
-964.4255577831
-964.4255221442
-964.4254909754
-964.4253545750
-964.4255161678
-964.4255352638
-964.4253331966
-964.4254412843
-964.4255182785
-964.4255896319
-964.4252809000
-964.4255846386
-964.4252581702
-964.4253749018
-964.4253647985
-964.4254030726
-964.4253849878
-964.4254452029
-964.4256135713
-964.4254635743
-964.4255696020
-964.4255855637
-964.4253958002
-964.4253312279
-964.4255672576
-964.4255004449
-964.4255248012
-964.4255552215
-964.4253493519
-964.4254895454
-964.4253729406
-964.4255862072
-964.4254605720
-964.4255301249
-964.4255149998
-964.4253828565
-964.4255185043
-964.4254849406
-964.4254776506
-964.4255185057
-964.4251935104
-964.4255484237
-964.4255437609
-964.4254954416
-964.4253552430
-964.4254695918
-964.4254449964
-964.4254192305
-964.4255416892
-964.4255085515
-964.4253499801
-964.4255165407
-964.4255528525
-964.4254604662
-964.4254452118
-964.4254547274
-964.4255496687
-964.4255074771
-964.4254084569
-964.4254904795
-964.4254761327
-964.4254526347
-964.4251793588
-964.4253831484
-964.4253492441
-964.4254616623
-964.4253642213
-964.4253216870
-964.4254925754
-964.4252228097
-964.4252416082
-964.4254166066
-964.4255048031
-964.4255263999
-964.4255415259
-964.4255031369
-964.4255722546
-964.4254817255
-964.4255179018
-964.4255056571
-964.4254169799
-964.4253967204
-964.4255344369
-964.4255417220
-964.4255634589
-964.4255179027
-964.4254839031
-964.4255538850
-964.4254968933
-964.4253350593
-964.4255925039
-964.4254491956
-964.4254951029
-964.4254399646
-964.4254380123
-964.4254990880
-964.4256023622
-964.4256908919
-964.4255412010
-964.4255011139
-964.4254201945
-964.4255339645
-964.4254740970
-964.4253963872
-964.4255328829
-964.4255158137
-964.4254521487
-964.4254653435
-964.4254811627
-964.4255480604
-964.4253554075
-964.4252926238
-964.4253239080
-964.4254947803
-964.4254989945
-964.4251698909
-964.4253614396
-964.4254897211
-964.4255248226
-964.4255381356
-964.4252929867
-964.4255234542
-964.4254720160
-964.4256641674
-964.4255218419
-964.4255125198
-964.4256143737
-964.4254632066
-964.4253334520
-964.4255347906
-964.4255335040
-964.4255784201
-964.4255330282
-964.4253751416
-964.4254667523
-964.4254165859
-964.4253927081
-964.4253419574
-964.4251915863
-964.4253762669
-964.4254152024
-964.4253117436
-964.4255240950
-964.4255169557
-964.4253786874
-964.4252969788
-964.4255727973
-964.4255116197
-964.4254065213
-964.4255922497
-964.4254583664
-964.4252910030
-964.4255362407
-964.4252226555
-964.4254163111
-964.4254150340
-964.4254582905
-964.4252975917
-964.4255344841
-964.4254922279
-964.4255956086
-964.4254730907
-964.4255321119
-964.4255333048
-964.4253575777
-964.4254843179
-964.4254442787
-964.4255665419
-964.4255433161
-964.4254989287
-964.4254308361
-964.4255213420
-964.4254415086
-964.4255227681
-964.4253040112
-964.4255269638
-964.4254884504
-964.4255327708
-964.4253880201
-964.4252915329
-964.4253346403
-964.4253055762
-964.4256048513
-964.4254445488
-964.4254954307
-964.4254436792
-964.4254361216
-964.4254937573
-964.4253843886
-964.4255381224
-964.4254924484
-964.4253889047
-964.4255334419
-964.4255191882
-964.4255450403
-964.4255537762
-964.4255166680
-964.4254383923
-964.4256017470
-964.4254291688
-964.4255032990
-964.4254918292
-964.4254525706
-964.4255885325
-964.4253158166
-964.4255058817
-964.4255532308
-964.4255160454
-964.4254616270
-964.4255458173
-964.4255430674
-964.4254893651
-964.4254701191
-964.4254899752
-964.4254142930
-964.4254877425
-964.4256089571
-964.4254440681
-964.4255208892
-964.4254727907
-964.4254328308
-964.4254991713
-964.4254902470
-964.4255681869
-964.4254909560
-964.4253903260
-964.4254483084
-964.4255578256
-964.4253603776
-964.4254408399
-964.4255092571
-964.4252377276
-964.4254894566
-964.4255000432
-964.4255633241
-964.4255238213
-964.4254210670
-964.4252252486
-964.4255132630
-964.4255818043
-964.4255938739
-964.4255581024
-964.4255754781
-964.4254876601
-964.4255541101
-964.4254778899
-964.4255186636
-964.4254625703
-964.4254558541
-964.4255368800
-964.4254773769
-964.4255174618
-964.4255533331
-964.4254314586
-964.4254213984
-964.4255912542
-964.4253115732
-964.4253064153
-964.4254937808
-964.4254148504
-964.4254369424
-964.4254221897
-964.4255352953
-964.4254318372
-964.4254533799
-964.4254531945
-964.4254738210
-964.4254512959
-964.4254645315
-964.4255192931
-964.4255108478
-964.4256094023
-964.4253477235
-964.4253378615
-964.4255043154
-964.4254015914
-964.4253904731
-964.4254700839
-964.4255029966
-964.4254618573
-964.4253753989
-964.4255554333
-964.4251416332
-964.4254734642
-964.4255287312
-964.4255214612
-964.4251970234
-964.4254821204
-964.4255057667
-964.4255505665
-964.4255776612
-964.4254007821
-964.4252781464
-964.4254694434
-964.4254294205
-964.4254569332
-964.4254008681
-964.4255505161
-964.4254788916
-964.4255731047
-964.4254377737
-964.4254710391
-964.4253727980
-964.4255577349
-964.4253854355
-964.4254391425
-964.4253382462
-964.4254846741
-964.4253998394
-964.4253078914
-964.4253675440
-964.4254852026
-964.4253074228
-964.4254700627
-964.4254985814
-964.4254866753
-964.4254849507
-964.4255363518
-964.4253733095
-964.4255119118
-964.4255316489
-964.4252205741
-964.4255204186
-964.4254827804
-964.4254497348
-964.4252103816
-964.4253446621
-964.4251804530
-964.4255371515
-964.4255124811
-964.4256037607
-964.4253828090
-964.4254595290
-964.4254995342
-964.4255429466
-964.4255819264
-964.4254262274
-964.4255498248
-964.4254222234
-964.4255115779
-964.4255139378
-964.4253661410
-964.4254324843
-964.4254599033
-964.4254403211
-964.4254093957
-964.4252447177
-964.4253949112
-964.4253087879
-964.4253969362
-964.4255927377
-964.4254928486
-964.4254805034
-964.4253435293
-964.4254269490
-964.4254543373
-964.4253102888
-964.4255145515
-964.4254218753
-964.4253700133
-964.4255316719
-964.4254505218
-964.4254385945
-964.4255276581
-964.4254452482
-964.4254977430
-964.4254073366
-964.4254722698
-964.4254653311
-964.4254468164
-964.4255144477
-964.4255542040
-964.4253746200
-964.4254178345
-964.4254929608
-964.4255050471
-964.4254439775
-964.4254091149
-964.4252795424
-964.4255730077
-964.4255506892
-964.4255304645
-964.4255033717
-964.4252793356
-964.4254501249
-964.4254498572
-964.4254629569
-964.4253657168
-964.4255468692
-964.4254155008
-964.4254141963
-964.4255545096
-964.4254878581
-964.4255389792
-964.4254417152
-964.4255858007
-964.4253619905
-964.4254972037
-964.4254074978
-964.4255365773
-964.4254096943
-964.4254224018
-964.4253863828
-964.4254486097
-964.4254734620
-964.4255362941
-964.4252206634
-964.4253608379
-964.4255471486
-964.4253137424
-964.4255359250
-964.4255101215
-964.4254758139
-964.4254540024
-964.4254589032
-964.4254318450
-964.4254618027
-964.4253740295
-964.4255293754
-964.4254311609
-964.4253538466
-964.4253370699
-964.4254803987
-964.4254628736
-964.4254286024
-964.4255497831
-964.4255099701
-964.4254211965
-964.4253339204
-964.4253214876
-964.4255073450
-964.4253929914
-964.4255016358
-964.4254533269
-964.4254960376
-964.4254841580
-964.4254765043
-964.4254970710
-964.4252037038
-964.4257317762
-964.4254277010
-964.4253743190
-964.4254301418
-964.4256443544
-964.4252871788
-964.4255977733
-964.4255147147
-964.4254664435
-964.4253694161
-964.4254982536
-964.4254454823
-964.4255581920
-964.4255200464
-964.4254134001
-964.4254544268
-964.4253793339
-964.4255165522
-964.4256336644
-964.4254891225
-964.4255460502
-964.4255044927
-964.4253985228
-964.4254008273
-964.4255106676
-964.4255429219
-964.4255149113
-964.4253115168
-964.4254555717
-964.4254674389
-964.4255122321
-964.4253780028
-964.4254268936
-964.4253919322
-964.4254803275
-964.4255133017
-964.4254129249
-964.4257588506
-964.4254311563
-964.4252899641
-964.4254561665
-964.4255949985
-964.4254708322
-964.4254991797
-964.4256321059
-964.4254916055
-964.4253525246
-964.4254256780
-964.4255475205
-964.4255149466
-964.4254683909
-964.4254644759
-964.4253825141
-964.4255548001
-964.4254246854
-964.4254691959
-964.4255716042
-964.4255151619
-964.4255357788
-964.4254505566
-964.4255669128
-964.4254678943
-964.4254979426
-964.4254876311
-964.4254277929
-964.4253626421
-964.4253408050
-964.4256007469
-964.4254814880
-964.4254862076
-964.4254227779
-964.4254163542
-964.4254887914
-964.4254560640
-964.4253858782
-964.4255485465
-964.4254363184
-964.4255044946
-964.4255156263
-964.4255626020
-964.4254290563
-964.4254961443
-964.4255014624
-964.4254209092
-964.4256045404
-964.4255600441
-964.4255355785
-964.4254144360
-964.4254636597
-964.4255072923
-964.4254635046
-964.4255521131
-964.4254858029
-964.4255054349
-964.4254431413
-964.4254353571
-964.4255450369
-964.4255717039
-964.4255119625
-964.4254616948
-964.4255143119
-964.4254563344
-964.4255483110
-964.4254048775
-964.4256291293
-964.4255015524
-964.4253606985
-964.4255990679
-964.4251479843
-964.4254541979
-964.4253884826
-964.4254973435
-964.4255667874
-964.4254032679
-964.4256456977
-964.4255363687
-964.4255442703
-964.4253919131
-964.4256956029
-964.4253986489
-964.4255814173
-964.4252634114
-964.4253990555
-964.4255280571
-964.4254349272
-964.4255061043
-964.4255435247
-964.4254674252
-964.4254034381
-964.4253798358
-964.4255136171
-964.4254769262
-964.4254949791
-964.4255130463
-964.4254754556
-964.4253717282
-964.4254581281
-964.4253342263
-964.4255935629
-964.4255043032
-964.4252011932
-964.4255677001
-964.4253776525
-964.4254408588
-964.4254686874
-964.4255248187
-964.4254483563
-964.4255728682
-964.4253767452
-964.4253241224
-964.4252771422
-964.4255971415
-964.4254173805
-964.4255501809
-964.4254670042
-964.4254665730
-964.4253854619
-964.4257092674
-964.4255875439
-964.4255135608
-964.4255278465
-964.4255606333
-964.4254567439
-964.4255775838
-964.4254736096
-964.4254680968
-964.4255374132
-964.4254984982
-964.4255368169
-964.4251542755
-964.4254782631
-964.4254797549
-964.4253949032
-964.4253388904
-964.4253495823
-964.4255524752
-964.4255121100
-964.4253781288
-964.4254416837
-964.4257619241
-964.4255151106
-964.4253136988
-964.4254477711
-964.4254718934
-964.4253624798
-964.4254835912
-964.4254691907
-964.4256190315
-964.4254665938
-964.4253882018
-964.4255291123
-964.4255782771
-964.4253321812
-964.4254825803
-964.4254995786
-964.4255642441
-964.4253788468
-964.4254283723
-964.4255164847
-964.4254331544
-964.4255344017
-964.4253876624
-964.4255092799
-964.4253157365
-964.4255289770
-964.4253474671
-964.4255173054
-964.4255800060
-964.4252544358
-964.4254667347
-964.4255335335
-964.4253213016
-964.4254274134
-964.4255653493
-964.4254098558
-964.4256060251
-964.4255169132
-964.4252683898
-964.4255368226
-964.4254489271
-964.4254925613
-964.4254734878
-964.4253836616
-964.4253297988
-964.4254120362
-964.4256237096
-964.4255150748
-964.4252691645
-964.4255293222
-964.4251948265
-964.4255521090
-964.4254902240
-964.4255122752
-964.4254471078
-964.4254558203
-964.4254902325
-964.4255013268
-964.4254633767
-964.4257495314
-964.4253973229
-964.4254700883
-964.4254439370
-964.4255445999
-964.4253107032
-964.4253327352
-964.4254842551
-964.4257279052
-964.4254866643
-964.4254663969
-964.4255010477
-964.4255483491
-964.4254561853
-964.4255157580
-964.4255613336
-964.4255183810
-964.4254238421
-964.4255210255
-964.4253456907
-964.4254685861
-964.4254414189
-964.4255604242
-964.4254837831
-964.4254254058
-964.4255302196
-964.4255469393
-964.4254245029
-964.4254030416
-964.4255081615
-964.4254578841
-964.4255078999
-964.4254562732
-964.4255211360
-964.4254656674
-964.4254396856
-964.4254144156
-964.4255462372
-964.4254849792
-964.4256446034
-964.4255461521
-964.4255121238
-964.4254129305
-964.4254752774
-964.4254861911
-964.4255721439
-964.4254042666
-964.4254532293
-964.4254598381
-964.4253713110
-964.4255748832
-964.4253458721
-964.4254019826
-964.4255230296
-964.4255563554
-964.4255511873
-964.4254899564
-964.4252680576
-964.4255504120
-964.4255377747
-964.4255267154
-964.4253533147
-964.4254458207
-964.4254469826
-964.4256355885
-964.4253417814
-964.4254208196
-964.4254936671
-964.4254948014
-964.4255024254
-964.4254706842
-964.4255505329
-964.4254584794
-964.4255043135
-964.4255364199
-964.4254230370
-964.4254069722
-964.4257961812
-964.4255212332
-964.4254864251
-964.4252690912
-964.4254042315
-964.4255559034
-964.4253730121
-964.4254340647
-964.4254491726
-964.4255730355
-964.4253811373
-964.4254547753
-964.4255186596
-964.4253868522
-964.4255665098
-964.4256246585
-964.4254853933
-964.4255164898
-964.4254546360
-964.4255534269
-964.4255041934
-964.4255133357
-964.4255830912
-964.4254494598
-964.4253575380
-964.4254743184
-964.4255564839
-964.4254837854
-964.4255497100
-964.4254587388
-964.4255497762
-964.4255100726
-964.4256020132
-964.4254330980
-964.4253935592
-964.4255924401
-964.4253491762
-964.4255346657
-964.4252837492
-964.4254754765
-964.4255262164
-964.4256096984
-964.4254139250
-964.4253758665
-964.4255943975
-964.4254691587
-964.4256151907
-964.4253850935
-964.4254468271
-964.4255433283
-964.4253437374
-964.4254755948
-964.4253528871
-964.4254243830
-964.4253614360
-964.4254347558
-964.4255863761
-964.4255603527
-964.4254746028
-964.4254778110
-964.4255531947
-964.4254348978
-964.4254650177
-964.4254336571
-964.4252857333
-964.4253810377
-964.4254928454
-964.4254315272
-964.4254320816
-964.4254506863
-964.4252772006
-964.4255936916
-964.4254737448
-964.4254189466
-964.4253000669
-964.4257475781
-964.4252475661
-964.4254478848
-964.4254363643
-964.4255124461
-964.4255212448
-964.4255583500
-964.4254625933
-964.4253122938
-964.4255116780
-964.4253258650
-964.4254234750
-964.4255255456
-964.4256031520
-964.4255176019
-964.4254895460
-964.4255021164
-964.4255939851
-964.4254932530
-964.4253494528
-964.4254059904
-964.4255420331
-964.4254743109
-964.4254153831
-964.4255013720
-964.4255433241
-964.4254627953
-964.4254955917
-964.4254524379
-964.4254735508
-964.4255094072
-964.4253325830
-964.4254798702
-964.4256247168
-964.4255283556
-964.4254271443
-964.4254501472
-964.4254708733
-964.4255186874
-964.4253983711
-964.4253706503
-964.4255969541
-964.4254401980
-964.4254528870
-964.4255143299
-964.4255878822
-964.4254748543
-964.4255267913
-964.4255598252
-964.4254199822
-964.4254940680
-964.4254289416
-964.4254976391
-964.4253035776
-964.4254150390
-964.4255499092
-964.4255448357
-964.4254606933
-964.4255643423
-964.4254791592
-964.4254301481
-964.4255968296
-964.4255458958
-964.4255202979
-964.4254788394
-964.4254341023
-964.4254013288
-964.4254958391
-964.4255230739
-964.4255503707
-964.4253384534
-964.4256487177
-964.4254306602
-964.4252850577
-964.4253353678
-964.4254850442
-964.4255260618
-964.4254863929
-964.4253194878
-964.4255321642
-964.4255389466
-964.4253697285
-964.4254221028
-964.4255711712
-964.4254101180
-964.4253560256
-964.4255436132
-964.4255193516
-964.4255710523
-964.4255498032
-964.4254124490
-964.4255383721
-964.4254291718
-964.4254799402
-964.4254470943
-964.4255418235
-964.4255475771
-964.4255681162
-964.4255404293
-964.4253100590
-964.4255022228
-964.4254056723
-964.4254693320
-964.4255654660
-964.4253730204
-964.4254405712
-964.4255693708
-964.4256458163
-964.4253633659
-964.4254722517
-964.4254909510
-964.4254093152
-964.4254517893
-964.4254986356
-964.4254224887
-964.4253662523
-964.4254690921
-964.4253546645
-964.4254380237
-964.4254188359
-964.4254556715
-964.4255116419
-964.4254566343
-964.4255627658
-964.4255146322
-964.4255404409
-964.4255172880
-964.4255464326
-964.4255091777
-964.4255577449
-964.4253213687
-964.4253907169
-964.4253926913
-964.4254785414
-964.4254439121
-964.4255264661
-964.4254540911
-964.4255554599
-964.4255424551
-964.4253653487
-964.4257166267
-964.4253665399
-964.4254937398
-964.4252528085
-964.4254077744
-964.4252417438
-964.4253874061
-964.4253547412
-964.4253143601
-964.4253202772
-964.4253255331
-964.4253900525
-964.4256657597
-964.4254044738
-964.4253374971
-964.4254256772
-964.4253577924
-964.4255172336
-964.4255161002
-964.4252987072
-964.4255515217
-964.4255080719
-964.4255602565
-964.4253539036
-964.4253156221
-964.4254765126
-964.4254471400
-964.4255968810
-964.4254413997
-964.4255858423
-964.4255632780
-964.4253304494
-964.4254776879
-964.4253980336
-964.4253908520
-964.4255472861
-964.4254019487
-964.4255688390
-964.4252794492
-964.4255604457
-964.4255819052
-964.4255200716
-964.4254101329
-964.4254153104
-964.4253403102
-964.4255454574
-964.4254917542
-964.4256164519
-964.4254649965
-964.4255625326
-964.4254122493
-964.4255530501
-964.4255192960
-964.4254514759
-964.4252047800
-964.4255004935
-964.4255606940
-964.4254550788
-964.4253455621
-964.4256338094
-964.4254987462
-964.4254605652
-964.4255038905
-964.4253489620
-964.4254748525
-964.4255660863
-964.4254567609
-964.4255606885
-964.4254249469
-964.4253667965
-964.4255658448
-964.4253952467
-964.4255788576
-964.4255320009
-964.4255711828
-964.4254234488
-964.4254158739
-964.4255415436
-964.4255523521
-964.4255174717
-964.4255457271
-964.4254200193
-964.4254649744
-964.4254995050
-964.4255691923
-964.4254060167
-964.4254441210
-964.4257687457
-964.4252439950
-964.4254017757
-964.4254199265
-964.4254451936
-964.4255387722
-964.4255029740
-964.4254267705
-964.4254109680
-964.4253727029
-964.4254951331
-964.4253509166
-964.4255140983
-964.4253485454
-964.4254876164
-964.4255092418
-964.4254693571
-964.4253291071
-964.4254727373
-964.4254707527
-964.4255320211
-964.4254906699
-964.4253893260
-964.4255217154
-964.4254345711
-964.4254847577
-964.4253851940
-964.4253813396
-964.4255548812
-964.4252577266
-964.4255114493
-964.4251863201
-964.4255405916
-964.4253740217
-964.4254278922
-964.4255320151
-964.4254932137
-964.4254561716
-964.4254875928
-964.4254703080
-964.4253931436
-964.4252847152
-964.4254788239
-964.4255942950
-964.4253440173
-964.4254007240
-964.4255667411
-964.4255943929
-964.4253542723
-964.4254634417
-964.4254344244
-964.4255302526
-964.4255819147
-964.4257835433
-964.4254706489
-964.4254850496
-964.4254057615
-964.4255698360
-964.4255500202
-964.4251932082
-964.4253687088
-964.4254969998
-964.4254149363
-964.4255270766
-964.4255275160
-964.4254553641
-964.4255244592
-964.4255232408
-964.4253862093
-964.4255010334
-964.4256028562
-964.4252944005
-964.4253618141
-964.4255913627
-964.4255507486
-964.4253556483
-964.4252896657
-964.4254963582
-964.4254945953
-964.4253559746
-964.4254701858
-964.4254946984
-964.4254361164
-964.4254952400
-964.4254826649
-964.4254821344
-964.4254886498
-964.4255691651
-964.4255162011
-964.4253905490
-964.4256580833
-964.4256081909
-964.4253449406
-964.4254384459
-964.4255217913
-964.4256051432
-964.4253177526
-964.4255671272
-964.4255256587
-964.4252180596
-964.4255368104
-964.4253383726
-964.4255368598
-964.4254727555
-964.4254288073
-964.4254583249
-964.4254889354
-964.4254482738
-964.4254252297
-964.4254862566
-964.4255430344
-964.4255377913
-964.4253765938
-964.4254360581
-964.4255749901
-964.4254009076
-964.4255664599
-964.4254727945
-964.4255205705
-964.4255748665
-964.4252090876
-964.4254206911
-964.4254162061
-964.4254303197
-964.4255367351
-964.4255055203
-964.4253808799
-964.4254609405
-964.4254756557
-964.4255375232
-964.4255812762
-964.4255561036
-964.4254495937
-964.4255132114
-964.4255712729
-964.4255041519
-964.4253965800
-964.4254561847
-964.4255744861
-964.4254594358
-964.4254809981
-964.4254386487
-964.4256021620
-964.4251969877
-964.4254819838
-964.4252870819
-964.4254447753
-964.4253372845
-964.4254697758
-964.4255391301
-964.4254837535
-964.4255640299
-964.4254434375
-964.4254321947
-964.4255413925
-964.4255083732
-964.4251970301
-964.4255677634
-964.4252832542
-964.4255781219
-964.4254558975
-964.4255125072
-964.4255281116
-964.4254858075
-964.4254821983
-964.4254452364
-964.4254053248
-964.4254317419
-964.4254357088
-964.4254461391
-964.4254925821
-964.4252456535
-964.4254078855
-964.4254601317
-964.4254884831
-964.4254562096
-964.4253713359
-964.4254769677
-964.4255698155
-964.4254078260
-964.4254830414
-964.4255901475
-964.4254600934
-964.4255553042
-964.4254850812
-964.4255452494
-964.4252235216
-964.4254484075
-964.4255277017
-964.4254841401
-964.4255097778
-964.4253696154
-964.4253957199
-964.4254849091
-964.4254002227
-964.4254353329
-964.4255317759
-964.4255040525
-964.4254602941
-964.4254602094
-964.4254581867
-964.4256324946
-964.4253003685
-964.4254764019
-964.4252767561
-964.4252752407
-964.4256104980
-964.4253766937
-964.4254915283
-964.4252833864
-964.4255458350
-964.4255485966
-964.4254715667
-964.4253156530
-964.4256034085
-964.4255914213
-964.4255261825
-964.4254871574
-964.4253911023
-964.4255566404
-964.4255994994
-964.4255143851
-964.4254749536
-964.4255252777
-964.4256157773
-964.4255157979
-964.4256002852
-964.4254560364
-964.4254918497
-964.4254685087
-964.4254699320
-964.4255140238
-964.4255282519
-964.4255495362
-964.4253968944
-964.4253855545
-964.4253690625
-964.4254324115
-964.4254355314
-964.4255119901
-964.4255039671
-964.4254891260
-964.4255327682
-964.4255470009
-964.4254723335
-964.4254471863
-964.4255308185
-964.4255665418
-964.4255547388
-964.4255041366
-964.4254877115
-964.4254099620
-964.4255348530
-964.4255378089
-964.4255804572
-964.4254014800
-964.4256354407
-964.4253934952
-964.4254915285
-964.4252457026
-964.4255468416
-964.4254973030
-964.4254525890
-964.4251906213
-964.4252386379
-964.4255207144
-964.4254394678
-964.4253981942
-964.4254459897
-964.4255162853
-964.4254871917
-964.4254824472
-964.4255779868
-964.4255293589
-964.4255077058
-964.4253585097
-964.4255309722
-964.4253391012
-964.4255184687
-964.4255566036
-964.4254385120
-964.4250840829
-964.4255613838
-964.4254320427
-964.4254974975
-964.4254008074
-964.4255249912
-964.4254652698
-964.4253603304
-964.4254886486
-964.4255427781
-964.4254956676
-964.4255007468
-964.4254141585
-964.4255406851
-964.4255356912
-964.4254833306
-964.4253499466
-964.4254129672
-964.4255623243
-964.4254544415
-964.4255695368
-964.4255564078
-964.4254350890
-964.4255955522
-964.4255822541
-964.4254273727
-964.4254833480
-964.4255159711
-964.4254838960
-964.4254900931
-964.4253479766
-964.4254964774
-964.4255311734
-964.4253987534
-964.4254370145
-964.4255178839
-964.4255609528
-964.4253774444
-964.4255259251
-964.4255103527
-964.4256125899
-964.4253148320
-964.4254842706
-964.4253577167
-964.4254941416
-964.4253427478
-964.4254714429
-964.4254933585
-964.4254236957
-964.4253807492
-964.4255665442
-964.4253467071
-964.4254722837
-964.4255437104
-964.4253627058
-964.4254101936
-964.4254626812
-964.4253203279
-964.4255231266
-964.4255177816
-964.4255066144
-964.4254814260
-964.4254965161
-964.4251675443
-964.4255019979
-964.4253667266
-964.4254381564
-964.4254569851
-964.4255321980
-964.4254871687
-964.4254149397
-964.4254185258
-964.4255817980
-964.4255476509
-964.4255242961
-964.4255133169
-964.4253815501
-964.4254669472
-964.4255763355
-964.4255015356
-964.4255569844
-964.4255695628
-964.4255683398
-964.4254671290
-964.4254917055
-964.4254691749
-964.4254067359
-964.4253590601
-964.4254200082
-964.4255098641
-964.4254488258
-964.4253362890
-964.4253211993
-964.4255792278
-964.4254931525
-964.4255085344
-964.4255162004
-964.4254750649
-964.4254167144
-964.4255478777
-964.4255131368
-964.4254302567
-964.4255018048
-964.4255048908
-964.4254550079
-964.4255281794
-964.4254733442
-964.4255354081
-964.4253259457
-964.4254116401
-964.4255544721
-964.4254362027
-964.4255299927
-964.4254421560
-964.4255576934
-964.4254473644
-964.4255353857
-964.4253652848
-964.4255174023
-964.4254056550
-964.4254245003
-964.4255331482
-964.4254115196
-964.4254765489
-964.4254855321
-964.4254666787
-964.4254913832
-964.4252270235
-964.4254719587
-964.4255202926
-964.4252903350
-964.4255063227
-964.4255680551
-964.4255760398
-964.4252970593
-964.4254496960
-964.4253718541
-964.4254112456
-964.4255153722
-964.4255993512
-964.4255041404
-964.4253501869
-964.4255312229
-964.4255203818
-964.4253361808
-964.4254452569
-964.4252786465
-964.4255470756
-964.4255576548
-964.4254330723
-964.4254669593
-964.4254064020
-964.4255394750
-964.4255476621
-964.4253517207
-964.4255273183
-964.4254306792
-964.4255059292
-964.4255468574
-964.4255082427
-964.4254060768
-964.4254444706
-964.4254842462
-964.4254481410
-964.4255521519
-964.4255060222
-964.4255541155
-964.4255091783
-964.4253054256
-964.4255482272
-964.4254504508
-964.4256061560
-964.4255073702
-964.4255126459
-964.4253861570
-964.4253672580
-964.4255487833
-964.4254643796
-964.4255122588
-964.4252941858
-964.4253978964
-964.4255000142
-964.4255367964
-964.4255313914
-964.4253933612
-964.4253806867
-964.4255032257
-964.4254295823
-964.4255554827
-964.4255059385
-964.4254752235
-964.4252403209
-964.4257770407
-964.4255329611
-964.4253628107
-964.4255136840
-964.4255376589
-964.4255630971
-964.4255947149
-964.4253951725
-964.4254719514
-964.4254144407
-964.4254166012
-964.4255461256
-964.4255259869
-964.4254426479
-964.4254604078
-964.4255747687
-964.4254677548
-964.4254998789
-964.4254890953
-964.4253239209
-964.4256726257
-964.4255147312
-964.4254977422
-964.4254140047
-964.4253479284
-964.4253940645
-964.4254849233
-964.4253045483
-964.4255145703
-964.4254653811
-964.4253761612
-964.4254996008
-964.4254070242
-964.4255232877
-964.4255401567
-964.4254581111
-964.4254411423
-964.4254115195
-964.4254538504
-964.4254666700
-964.4255560266
-964.4254755477
-964.4253337036
-964.4254991982
-964.4255216348
-964.4255196066
-964.4253619491
-964.4255327011
-964.4254912149
-964.4253139951
-964.4255756807
-964.4254805501
-964.4253285577
-964.4255387827
-964.4255461101
-964.4255327811
-964.4255153929
-964.4252820324
-964.4253044489
-964.4254134866
-964.4255374471
-964.4254946785
-964.4254090672
-964.4254870103
-964.4255527976
-964.4253003458
-964.4253520370
-964.4253768701
-964.4253417110
-964.4255066876
-964.4255948502
-964.4254348758
-964.4254106200
-964.4253795502
-964.4254248411
-964.4255797235
-964.4253169547
-964.4255218748
-964.4255319456
-964.4255241755
-964.4255363471
-964.4255514715
-964.4255889753
-964.4254077292
-964.4252517101
-964.4253910223
-964.4257006456
-964.4255243998
-964.4254366147
-964.4255773334
-964.4254369661
-964.4254155710
-964.4255296076
-964.4254128613
-964.4253100043
-964.4254607934
-964.4253674462
-964.4255111987
-964.4256309765
-964.4254589813
-964.4253889656
-964.4255225562
-964.4254359480
-964.4253502235
-964.4255474530
-964.4254967686
-964.4255158659
-964.4253929763
-964.4256240084
-964.4254748719
-964.4252897262
-964.4255403213
-964.4254259395
-964.4255046900
-964.4255157065
-964.4253939692
-964.4255321565
-964.4254491566
-964.4254729817
-964.4254728442
-964.4254711849
-964.4255178825
-964.4255154206
-964.4255413978
-964.4255666829
-964.4254316532
-964.4255311774
-964.4254329462
-964.4254647259
-964.4254059113
-964.4255399869
-964.4254909300
-964.4254824760
-964.4255674303
-964.4253688177
-964.4253545148
-964.4253310678
-964.4255427091
-964.4253854064
-964.4254561439
-964.4254081184
-964.4255563932
-964.4253884284
-964.4255101147
-964.4255231999
-964.4254695630
-964.4255196323
-964.4253054422
-964.4254724139
-964.4254197460
-964.4254657670
-964.4253446649
-964.4254523400
-964.4254037702
-964.4254579365
-964.4253571073
-964.4255953123
-964.4253061392
-964.4253613877
-964.4254371033
-964.4254251076
-964.4253583950
-964.4254279096
-964.4254527828
-964.4255022034
-964.4254212291
-964.4255123346
-964.4255414557
-964.4254687561
-964.4255148844
-964.4255288657
-964.4252477617
-964.4254248701
-964.4252926433
-964.4255343778
-964.4254690899
-964.4253148646
-964.4254053919
-964.4254740806
-964.4255143946
-964.4255629975
-964.4255664560
-964.4251975529
-964.4254348062
-964.4254283749
-964.4252529726
-964.4252204322
-964.4254677209
-964.4255877161
-964.4255152858
-964.4254427097
-964.4254938678
-964.4254812192
-964.4254799265
-964.4253310640
-964.4255701903
-964.4253097781
-964.4255131182
-964.4255917276
-964.4254555538
-964.4256079139
-964.4256110366
-964.4254795444
-964.4255645551
-964.4252305174
-964.4255023497
-964.4255255992
-964.4252271005
-964.4254893723
-964.4254289722
-964.4256165848
-964.4254734556
-964.4254260580
-964.4255096263
-964.4255095059
-964.4254492324
-964.4256897724
-964.4255261320
-964.4254221729
-964.4254446323
-964.4253005951
-964.4255097193
-964.4255718094
-964.4252558388
-964.4253073016
-964.4256067942
-964.4255552193
-964.4255155882
-964.4255294448
-964.4255894479
-964.4254612911
-964.4255502805
-964.4254972792
-964.4254909150
-964.4254734762
-964.4254786456
-964.4255400099
-964.4253781506
-964.4255805705
-964.4254967922
-964.4255431778
-964.4254558625
-964.4254724671
-964.4255398289
-964.4254822832
-964.4255135840
-964.4253921668
-964.4255895181
-964.4254664068
-964.4255283333
-964.4255104094
-964.4254760124
-964.4255728875
-964.4255658237
-964.4254820509
-964.4255153641
-964.4254948848
-964.4255003983
-964.4254735584
-964.4255238165
-964.4254905561
-964.4255175112
-964.4254716773
-964.4255202103
-964.4254784716
-964.4253407389
-964.4255583131
-964.4254792704
-964.4255200028
-964.4255253781
-964.4255892412
-964.4254353062
-964.4255003606
-964.4255146827
-964.4254387933
-964.4252651209
-964.4254521634
-964.4253155275
-964.4253012475
-964.4255265037
-964.4255148986
-964.4251812218
-964.4255005777
-964.4252674184
-964.4255413441
-964.4255118072
-964.4255148453
-964.4256553196
-964.4254880502
-964.4254699097
-964.4254545586
-964.4254977227
-964.4253667801
-964.4254725198
-964.4253910086
-964.4253931660
-964.4253838943
-964.4255929640
-964.4255261783
-964.4253675250
-964.4254882911
-964.4254591943
-964.4255560901
-964.4254953265
-964.4254947891
-964.4253944373
-964.4255270080
-964.4255999114
-964.4255148680
-964.4252719752
-964.4255139318
-964.4254990963
-964.4254486413
-964.4255144923
-964.4254836430
-964.4255288494
-964.4255054140
-964.4253264151
-964.4254733124
-964.4255843850
-964.4254282567
-964.4254164648
-964.4255367353
-964.4254438978
-964.4254477886
-964.4254748216
-964.4254443026
-964.4254174983
-964.4254845588
-964.4254274246
-964.4253935611
-964.4254780458
-964.4253365604
-964.4252898303
-964.4251561567
-964.4253228856
-964.4253848703
-964.4255461348
-964.4253069668
-964.4255287663
-964.4254643229
-964.4255481691
-964.4253568088
-964.4255501224
-964.4254563555
-964.4254983930
-964.4253966144
-964.4255435690
-964.4255210199
-964.4255167601
-964.4254058230
-964.4255651649
-964.4254967647
-964.4255400991
-964.4255765818
-964.4254174565
-964.4253123437
-964.4253597823
-964.4255580423
-964.4253196012
-964.4255043372
-964.4255134963
-964.4254308475
-964.4253624020
-964.4255292952
-964.4254447008
-964.4254914602
-964.4254059568
-964.4254275278
-964.4254412674
-964.4256141353
-964.4255274907
-964.4255810382
-964.4255283935
-964.4255265758
-964.4254822312
-964.4253187056
-964.4254708373
-964.4254764595
-964.4254802653
-964.4254489978
-964.4255294261
-964.4253831945
-964.4254466389
-964.4255667291
-964.4253756874
-964.4254364946
-964.4255036812
-964.4254840545
-964.4254999257
-964.4254950019
-964.4254870471
-964.4251769138
-964.4254735667
-964.4253477564
-964.4255050243
-964.4255859605
-964.4255426677
-964.4255263657
-964.4254307554
-964.4255500384
-964.4253016028
-964.4255163850
-964.4254581022
-964.4255394285
-964.4254793691
-964.4254296122
-964.4258141692
-964.4254082285
-964.4254433840
-964.4255042198
-964.4255287673
-964.4254137426
-964.4254218989
-964.4255162826
