-15801.7172936400
-15801.7171872100
-15801.7173475000
-15801.7172908300
-15801.7171196900
-15801.7172302300
-15801.7173317000
-15801.7172845000
-15801.7172410800
-15801.7172380800
-15801.7173214700
-15801.7172764500
-15801.7172757100
-15801.7172525100
-15801.7172774000
-15801.7171786500
-15801.7171703100
-15801.7172922900
-15801.7172271000
-15801.7171174500
-15801.7173075000
-15801.7172668700
-15801.7172159200
-15801.7172887500
-15801.7172214400
-15801.7172621200
-15801.7171538600
-15801.7172940600
-15801.7171401200
-15801.7173053700
-15801.7172528700
-15801.7172802600
-15801.7173459100
-15801.7172467300
-15801.7173104000
-15801.7172649400
-15801.7173056700
-15801.7172813100
-15801.7172489100
-15801.7172655900
-15801.7172700300
-15801.7172230300
-15801.7172841300
-15801.7173712500
-15801.7172608000
-15801.7173221800
-15801.7172627800
-15801.7173412900
-15801.7172802800
-15801.7173485500
-15801.7171731600
-15801.7173973600
-15801.7172803600
-15801.7173158800
-15801.7172937500
-15801.7173495000
-15801.7172764600
-15801.7173334000
-15801.7172461500
-15801.7172178700
-15801.7173390500
-15801.7173158200
-15801.7173095000
-15801.7172318300
-15801.7173149800
-15801.7173583900
-15801.7173722000
-15801.7172116600
-15801.7173140500
-15801.7172862900
-15801.7172950800
-15801.7172848300
-15801.7172748700
-15801.7173202800
-15801.7172713200
-15801.7171473600
-15801.7172773600
-15801.7173278900
-15801.7172363700
-15801.7173259900
-15801.7173459300
-15801.7171911100
-15801.7173699100
-15801.7173241700
-15801.7172641600
-15801.7172206600
-15801.7171809600
-15801.7172955700
-15801.7173163300
-15801.7173240800
-15801.7173246400
-15801.7173134200
-15801.7173736800
-15801.7173637700
-15801.7172131600
-15801.7172053200
-15801.7146865800
-15801.7159574200
-15801.7161783900
-15801.7139963100
-15801.7147312300
-15801.7155178600
-15801.7144816400
-15801.7163915300
-15801.7131730500
-15801.7167415700
-15801.7154369100
-15801.7151066100
-15801.7147731300
-15801.7144405200
-15801.7128858200
-15801.7155239000
-15801.7133981000
-15801.7160011200
-15801.7143004700
-15801.7153259400
-15801.7148466500
-15801.7131842600
-15801.7150324000
-15801.7155773400
-15801.7121006300
-15801.7154467900
-15801.7151932200
-15801.7151856600
-15801.7173990900
-15801.7173938600
-15801.7173936700
-15801.7173849500
-15801.7173959800
-15801.7173985000
-15801.7173949900
-15801.7173896900
-15801.7174077100
-15801.7174040300
-15801.7173962200
-15801.7173958600
-15801.7173900900
-15801.7174030500
-15801.7174012700
-15801.7173905400
-15801.7173969300
-15801.7174049800
-15801.7173958900
-15801.7173947600
-15801.7173986400
-15801.7173919300
-15801.7173924600
-15801.7173969100
-15801.7174031100
-15801.7173945000
-15801.7173959200
-15801.7173904900
-15801.7174029900
-15801.7173906100
-15801.7174034300
-15801.7173976800
-15801.7173923000
-15801.7174012300
-15801.7173954500
-15801.7173996500
-15801.7173974200
-15801.7173910100
-15801.7173960100
-15801.7174025500
-15801.7173928200
-15801.7173993700
-15801.7174008500
-15801.7174028100
-15801.7173968300
-15801.7173923900
-15801.7173918300
-15801.7173958200
-15801.7173932700
-15801.7173872800
-15801.7173963700
-15801.7173968700
-15801.7173949100
-15801.7173940000
-15801.7173993200
-15801.7174065400
-15801.7174026700
-15801.7173951600
-15801.7174071200
-15801.7173906900
-15801.7173904100
-15801.7173962100
-15801.7174054100
-15801.7173965100
-15801.7174023000
-15801.7174012100
-15801.7173981400
-15801.7173881600
-15801.7173984200
-15801.7173901500
-15801.7173896600
-15801.7174037100
-15801.7174024900
-15801.7173917200
-15801.7173939400
-15801.7173975000
-15801.7173975500
-15801.7173974900
-15801.7174008800
-15801.7174036500
-15801.7174026600
-15801.7174038400
-15801.7173841300
-15801.7173926500
-15801.7173956400
-15801.7173955800
-15801.7173959700
-15801.7174006000
-15801.7174011200
-15801.7173982200
-15801.7173940100
-15801.7174003600
-15801.7174068100
-15801.7173991500
-15801.7173932400
-15801.7173973000
-15801.7174049900
-15801.7174006300
-15801.7173910000
-15801.7173961400
-15801.7173988200
-15801.7173883700
-15801.7173971500
-15801.7174053100
-15801.7173932600
-15801.7173963200
-15801.7173994400
-15801.7173864200
-15801.7173977100
-15801.7174021600
-15801.7173984400
-15801.7173941900
-15801.7174058300
-15801.7173965600
-15801.7173938200
-15801.7174068000
-15801.7173900400
-15801.7173897800
-15801.7173956600
-15801.7173971900
-15801.7174015500
-15801.7174067600
-15801.7174024000
-15801.7173951100
-15801.7173959300
-15801.7173947900
-15801.7173870300
-15801.7173970100
-15801.7174014700
-15801.7173913900
-15801.7174034400
-15801.7173992900
-15801.7173992100
-15801.7174006900
-15801.7173953400
-15801.7173999100
-15801.7173986200
-15801.7173855700
-15801.7173955500
-15801.7173985800
-15801.7173903000
-15801.7173962000
-15801.7174076400
-15801.7173979800
-15801.7173929000
-15801.7173944200
-15801.7174061400
-15801.7173937200
-15801.7173990400
-15801.7174027000
-15801.7173985100
-15801.7174022300
-15801.7173914700
-15801.7173991600
-15801.7173989800
-15801.7173923600
-15801.7173997200
-15801.7174042700
-15801.7174033300
-15801.7173844800
-15801.7173966800
-15801.7173974700
-15801.7174074800
-15801.7173984700
-15801.7173942300
-15801.7173882900
-15801.7173937400
-15801.7174009300
-15801.7173939500
-15801.7173935800
-15801.7173892900
-15801.7173968100
-15801.7174076300
-15801.7173954600
-15801.7173948600
-15801.7173989700
-15801.7173934900
-15801.7173922100
-15801.7174040900
-15801.7173922500
-15801.7174045200
-15801.7173906800
-15801.7174040200
-15801.7173996000
-15801.7173987200
-15801.7173921400
-15801.7173916700
-15801.7174048200
-15801.7174079000
-15801.7173963100
-15801.7173923800
-15801.7173921300
-15801.7173983100
-15801.7173989100
-15801.7173939700
-15801.7174008100
-15801.7173872500
-15801.7173927500
-15801.7172052000
-15801.7172229200
-15801.7170861800
-15801.7172579200
-15801.7172081300
-15801.7170783900
-15801.7170316400
-15801.7170989900
-15801.7171269400
-15801.7171223600
-15801.7171302200
-15801.7171601200
-15801.7170909500
-15801.7170995000
-15801.7170881900
-15801.7170593300
-15801.7170926500
-15801.7172511100
-15801.7171383000
-15801.7171354400
-15801.7171518100
-15801.7170973300
-15801.7172369600
-15801.7170351300
-15801.7170754500
-15801.7172550300
-15801.7171511200
-15801.7172860800
-15801.7172401900
-15801.7171325800
-15801.7172183100
-15801.7169909500
-15801.7172605900
-15801.7172224400
-15801.7172241300
-15801.7172210500
-15801.7171166200
-15801.7171512900
-15801.7171017400
-15801.7170780400
-15801.7170114100
-15801.7171108100
-15801.7172020300
-15801.7171420500
-15801.7172092600
-15801.7171548500
-15801.7171555700
-15801.7169007500
-15801.7172580600
-15801.7171848600
-15801.7171204000
-15801.7172069500
-15801.7171892000
-15801.7171259000
-15801.7171104200
-15801.7171412200
-15801.7171822600
-15801.7171262900
-15801.7170569500
-15801.7171436300
-15801.7170520600
-15801.7171559200
-15801.7171887400
-15801.7171642100
-15801.7170680200
-15801.7172543200
-15801.7171188200
-15801.7172820700
-15801.7171701100
-15801.7172155400
-15801.7171029000
-15801.7171929100
-15801.7172351700
-15801.7171277100
-15801.7172105000
-15801.7172093400
-15801.7171001900
-15801.7172531200
-15801.7171629300
-15801.7170638600
-15801.7171797800
-15801.7171074200
-15801.7171856400
-15801.7172126500
-15801.7172010000
-15801.7169600600
-15801.7170776400
-15801.7170118100
-15801.7171386100
-15801.7171435900
-15801.7170925200
-15801.7170518300
-15801.7171858400
-15801.7171621200
-15801.7172491700
-15801.7172042000
-15801.7170871500
-15801.7170914600
-15801.7170364000
-15801.7171091300
-15801.7171234500
-15801.7170085500
-15801.7171806200
-15801.7169957200
-15801.7171409700
-15801.7170464700
-15801.7172751600
-15801.7172118600
-15801.7171708200
-15801.7172548600
-15801.7172683300
-15801.7171975100
-15801.7170558500
-15801.7171599400
-15801.7172048300
-15801.7172505600
-15801.7172130200
-15801.7171272800
-15801.7171424300
-15801.7172566600
-15801.7171738400
-15801.7171443900
-15801.7170530600
-15801.7171559800
-15801.7168828200
-15801.7171581500
-15801.7171228500
-15801.7171560200
-15801.7171889500
-15801.7171904600
-15801.7172047800
-15801.7171154100
-15801.7170713100
-15801.7171657400
-15801.7172219900
-15801.7170980500
-15801.7172938000
-15801.7171927900
-15801.7170173900
-15801.7172181900
-15801.7171081700
-15801.7172181100
-15801.7172592400
-15801.7171183300
-15801.7169763600
-15801.7171268400
-15801.7172419100
-15801.7171343600
-15801.7170625400
-15801.7170955600
-15801.7170455800
-15801.7171528600
-15801.7172089900
-15801.7169286100
-15801.7171202400
-15801.7171441000
-15801.7171517700
-15801.7171716500
-15801.7171540300
-15801.7170643500
-15801.7171213600
-15801.7171144500
-15801.7170742600
-15801.7171869600
-15801.7171931500
-15801.7171848200
-15801.7171255900
-15801.7171395900
-15801.7169889600
-15801.7172029100
-15801.7171923400
-15801.7171804700
-15801.7172018000
-15801.7170679900
-15801.7172248200
-15801.7171541500
-15801.7171019700
-15801.7168662300
-15801.7171808800
-15801.7172249500
-15801.7171116100
-15801.7170801800
-15801.7171320300
-15801.7172279300
-15801.7171425600
-15801.7171776400
-15801.7171402600
-15801.7171198300
-15801.7170298900
-15801.7171336600
-15801.7172339300
-15801.7171012800
-15801.7172437800
-15801.7172688000
-15801.7171112700
-15801.7171326500
-15801.7170787800
-15801.7171775300
-15801.7171758000
-15801.7170761500
-15801.7170729500
-15801.7172267200
-15801.7169980700
-15801.7171488800
-15801.7171735900
-15801.7170131100
-15801.7171195100
-15801.7171669200
-15801.7171819200
-15801.7171643900
-15801.7170880700
-15801.7172526100
-15801.7171990700
-15801.7171834500
-15801.7169834600
-15801.7170776700
-15801.7171227700
-15801.7170634300
-15801.7170913600
-15801.7170221400
-15801.7172194000
-15801.7172217600
-15801.7171543500
-15801.7171264800
-15801.7170449700
-15801.7171067000
-15801.7172182200
-15801.7171826200
-15801.7170806500
-15801.7170955800
-15801.7170707300
-15801.7170501300
-15801.7172806800
-15801.7171489600
-15801.7172121200
-15801.7171064000
-15801.7170410800
-15801.7171803900
-15801.7172326000
-15801.7169950700
-15801.7171723600
-15801.7170989200
-15801.7171361000
-15801.7172865500
-15801.7170657300
-15801.7171826900
-15801.7172426500
-15801.7171918900
-15801.7170711500
-15801.7170906500
-15801.7171132700
-15801.7170271900
-15801.7171918300
-15801.7172078000
-15801.7169919900
-15801.7172053900
-15801.7172131000
-15801.7172364200
-15801.7169997200
-15801.7171182900
-15801.7171675400
-15801.7171791600
-15801.7170183300
-15801.7171785500
-15801.7172220000
-15801.7172635200
-15801.7170586400
-15801.7171119200
-15801.7171958400
-15801.7172200700
-15801.7172180900
-15801.7170409500
-15801.7171679700
-15801.7171050700
-15801.7171004800
-15801.7172138500
-15801.7173065500
-15801.7170800400
-15801.7170250500
-15801.7171399600
-15801.7171251600
-15801.7170888400
-15801.7171798800
-15801.7172310200
-15801.7170408700
-15801.7169905900
-15801.7171850800
-15801.7171510100
-15801.7172295400
-15801.7171657900
-15801.7170379500
-15801.7171312600
-15801.7170201400
-15801.7170752500
-15801.7171158600
-15801.7171137700
-15801.7170665000
-15801.7171419100
-15801.7171949500
-15801.7172254400
-15801.7171942300
-15801.7171539000
-15801.7169505500
-15801.7171134000
-15801.7171185800
-15801.7171557200
-15801.7172352100
-15801.7170815900
-15801.7171959300
-15801.7171730700
-15801.7170721000
-15801.7169225300
-15801.7171295300
-15801.7171623200
-15801.7171321600
-15801.7171471200
-15801.7172012500
-15801.7170963700
-15801.7170640100
-15801.7171628000
-15801.7170584900
-15801.7172399500
-15801.7171156200
-15801.7171376900
-15801.7171772800
-15801.7171434500
-15801.7172273600
-15801.7170378300
-15801.7171385700
-15801.7171845800
-15801.7171413400
-15801.7170904500
-15801.7172670000
-15801.7172401700
-15801.7172365600
-15801.7171466100
-15801.7170721200
-15801.7171021200
-15801.7171293600
-15801.7172351800
-15801.7171054000
-15801.7171876300
-15801.7170895700
-15801.7170401300
-15801.7170084200
-15801.7169944700
-15801.7169962300
-15801.7172000200
-15801.7171127800
-15801.7171937800
-15801.7172230000
-15801.7172734900
-15801.7171418700
-15801.7171600200
-15801.7172036800
-15801.7172165200
-15801.7172019400
-15801.7171637300
-15801.7172396500
-15801.7171620000
-15801.7172539700
-15801.7170933100
-15801.7171498400
-15801.7171933100
-15801.7171673900
-15801.7148284700
-15801.7139857000
-15801.7139379000
-15801.7150861800
-15801.7162747300
-15801.7140636300
-15801.7156584500
-15801.7144637100
-15801.7151964000
-15801.7172301600
-15801.7170373900
-15801.7170465000
-15801.7171617100
-15801.7172584200
-15801.7172077000
-15801.7171857100
-15801.7170049100
-15801.7172037900
-15801.7171090600
-15801.7170505700
-15801.7171793000
-15801.7170972600
-15801.7171743100
-15801.7171819400
-15801.7170208700
-15801.7171521200
-15801.7172280600
-15801.7171857300
-15801.7169981000
-15801.7170427400
-15801.7171901700
-15801.7172771500
-15801.7170006700
-15801.7172498000
-15801.7170278100
-15801.7170830100
-15801.7170590200
-15801.7170566100
-15801.7171872700
-15801.7171838000
-15801.7171913100
-15801.7171582000
-15801.7171943900
-15801.7171149000
-15801.7171703200
-15801.7170546400
-15801.7170160100
-15801.7170839800
-15801.7172280900
-15801.7170783500
-15801.7170490000
-15801.7171107200
-15801.7170494000
-15801.7169194300
-15801.7172634300
-15801.7171544300
-15801.7171954800
-15801.7171203800
-15801.7169896700
-15801.7141219500
-15801.7146828200
-15801.7136846900
-15801.7166697400
-15801.7159489800
-15801.7157944600
-15801.7148059200
-15801.7121037600
-15801.7150645300
-15801.7162673200
-15801.7137757900
-15801.7160261200
-15801.7143080800
-15801.7148321200
-15801.7145305200
-15801.7134824600
-15801.7139432300
-15801.7158014800
-15801.7156915500
-15801.7140753200
-15801.7143228600
-15801.7145410300
-15801.7146347600
-15801.7139263600
-15801.7152773300
-15801.7154035400
-15801.7147455000
-15801.7150877700
-15801.7152395900
-15801.7155446000
-15801.7136635500
-15801.7141784100
-15801.7171940200
-15801.7170784600
-15801.7171347600
-15801.7171191100
-15801.7171478400
-15801.7172412400
-15801.7170816100
-15801.7171488500
-15801.7171525300
-15801.7171458600
-15801.7171411600
-15801.7170494300
-15801.7171705200
-15801.7171623700
-15801.7171910800
-15801.7172552400
-15801.7170666400
-15801.7171530400
-15801.7171881300
-15801.7171505100
-15801.7172268500
-15801.7172879200
-15801.7170967400
-15801.7171248700
-15801.7171770800
-15801.7172091900
-15801.7172810500
-15801.7169786100
-15801.7170897900
-15801.7171626100
-15801.7171569900
-15801.7171628700
-15801.7172440600
-15801.7170315300
-15801.7171155800
-15801.7171931800
-15801.7172496900
-15801.7170500900
-15801.7171928200
-15801.7174033900
-15801.7174081500
-15801.7174012200
-15801.7174052200
-15801.7173965500
-15801.7173946000
-15801.7174049600
-15801.7174003200
-15801.7174003300
-15801.7173916300
-15801.7173987300
-15801.7173987600
-15801.7173954100
-15801.7174016100
-15801.7174023100
-15801.7173953500
-15801.7174011800
-15801.7174050500
-15801.7173924900
-15801.7174097200
-15801.7174021400
-15801.7173920300
-15801.7174014600
-15801.7173951900
-15801.7173890000
-15801.7173873600
-15801.7173998900
-15801.7173939900
-15801.7173894700
-15801.7173933700
-15801.7173956000
-15801.7173916500
-15801.7173994500
-15801.7173997900
-15801.7174025100
-15801.7174002200
-15801.7173963600
-15801.7174074000
-15801.7174027800
-15801.7174008600
-15801.7173842400
-15801.7173886800
-15801.7173930400
-15801.7173977400
-15801.7173993600
-15801.7174041900
-15801.7173946700
-15801.7173908300
-15801.7173919200
-15801.7173965300
-15801.7173926900
-15801.7173862700
-15801.7174050100
-15801.7174003100
-15801.7173981900
-15801.7173990600
-15801.7173941100
-15801.7173970500
-15801.7174015700
-15801.7174004900
-15801.7174029400
-15801.7174004300
-15801.7174029800
-15801.7173967100
-15801.7174002100
-15801.7174007900
-15801.7173970200
-15801.7174014500
-15801.7173995800
-15801.7173926000
-15801.7173960000
-15801.7174088200
-15801.7173987700
-15801.7174026400
-15801.7173904000
-15801.7173976200
-15801.7173908000
-15801.7173953800
-15801.7173982600
-15801.7174019400
-15801.7173975200
-15801.7173954700
-15801.7170947200
-15801.7172548500
-15801.7172195700
-15801.7171479000
-15801.7169733500
-15801.7171415400
-15801.7172621000
-15801.7172066500
-15801.7171113800
-15801.7171454800
-15801.7172450100
-15801.7171685800
-15801.7171120200
-15801.7171647200
-15801.7170570000
-15801.7171175700
-15801.7170532900
-15801.7171734400
-15801.7171454600
-15801.7171776100
-15801.7160356800
-15801.7156082900
-15801.7158962500
-15801.7149754500
-15801.7151310900
-15801.7157874500
-15801.7153022800
-15801.7156138800
-15801.7116902000
-15801.7149061600
-15801.7139018500
-15801.7140309600
-15801.7156073200
-15801.7145513900
-15801.7161897300
-15801.7153264000
-15801.7150108100
-15801.7146011000
-15801.7163475300
-15801.7151327600
-15801.7160834400
-15801.7145444300
-15801.7140099700
-15801.7152204800
-15801.7131553500
-15801.7155942800
-15801.7158828100
-15801.7150146900
-15801.7157198600
-15801.7134580500
-15801.7142696000
-15801.7170671700
-15801.7171176900
-15801.7170788600
-15801.7170620700
-15801.7170283100
-15801.7171288900
-15801.7171873000
-15801.7171522800
-15801.7171186600
-15801.7170775100
-15801.7170956800
-15801.7170529900
-15801.7170433000
-15801.7172422300
-15801.7170800500
-15801.7171502700
-15801.7171571700
-15801.7172919400
-15801.7170949900
-15801.7172496800
-15801.7172125600
-15801.7171164100
