0
1
2
3
4
5
6
7
8
9
10
11
12
13
14
15
16
17
18
19
20
21
22
23
24
25
26
27
28
29
30
31
32
33
34
35
36
37
38
39
40
41
42
43
44
45
46
47
48
49
50
51
52
53
54
55
56
57
58
59
60
61
62
63
64
65
66
67
68
69
70
71
72
73
74
75
76
77
78
79
80
81
82
83
84
85
86
87
88
89
90
91
92
93
94
95
96
97
98
99
100
101
102
103
104
105
106
107
108
109
110
111
112
113
114
115
116
117
118
119
120
121
122
123
124
125
126
127
128
129
130
131
132
133
134
135
136
137
138
139
140
141
142
143
144
145
146
147
148
149
150
151
152
153
154
155
156
157
158
159
160
161
162
163
164
165
166
167
168
169
170
171
172
173
174
175
176
177
178
179
180
181
182
183
184
185
186
187
188
189
190
191
192
193
194
195
196
197
198
199
200
201
202
203
204
205
206
207
208
209
210
211
212
213
214
215
216
217
218
219
220
221
222
223
224
225
226
227
228
229
230
231
232
233
234
235
236
237
238
239
240
241
242
243
244
245
246
247
248
249
250
251
252
253
254
255
256
257
258
259
260
261
262
263
264
265
266
267
268
269
270
271
272
273
274
275
276
277
278
279
280
281
282
283
284
285
286
287
288
289
290
291
292
293
294
295
296
297
298
299
300
301
302
303
304
305
306
307
308
309
310
311
312
313
314
315
316
317
318
319
320
321
322
323
324
325
326
327
328
329
330
331
332
333
334
335
336
337
338
339
340
341
342
343
344
345
346
347
348
349
350
351
352
353
354
355
356
357
358
359
360
361
362
363
364
365
366
367
368
369
370
371
372
373
374
375
376
377
378
379
380
381
382
383
384
385
386
387
388
389
390
391
392
393
394
395
396
397
398
399
400
401
402
403
404
405
406
407
408
409
410
411
412
413
414
415
416
417
418
419
420
421
422
423
424
425
426
427
428
429
430
431
432
433
434
435
436
437
438
439
440
441
442
443
444
445
446
447
448
449
450
451
452
453
454
455
456
457
458
459
460
461
462
463
464
465
466
467
468
469
470
471
472
473
474
475
476
477
478
479
480
481
482
483
484
485
486
487
488
489
490
491
492
493
494
495
496
497
498
499
500
501
502
503
504
505
506
507
508
509
510
511
512
513
514
515
516
517
518
519
520
521
522
523
524
525
526
527
528
529
530
531
532
533
534
535
536
537
538
539
540
541
542
543
544
545
546
547
548
549
550
551
552
553
554
555
556
557
558
559
560
561
562
563
564
565
566
567
568
569
570
571
572
573
574
575
576
577
578
579
580
581
582
583
584
585
586
587
588
589
590
591
592
593
594
595
596
597
598
599
600
601
602
603
604
605
606
607
608
609
610
611
612
613
614
615
616
617
618
619
620
621
622
623
624
625
626
627
628
629
630
631
632
633
634
635
636
637
638
639
640
641
642
643
644
645
646
647
648
649
650
651
652
653
654
655
656
657
658
659
660
661
662
663
664
665
666
667
668
669
670
671
672
673
674
675
676
677
678
679
680
681
682
683
684
685
686
687
688
689
690
691
692
693
694
695
696
697
698
699
700
701
702
703
704
705
706
707
708
709
710
711
712
713
714
715
716
717
718
719
720
721
722
723
724
725
726
727
728
729
730
731
732
733
734
735
736
737
738
739
740
741
742
743
744
745
746
747
748
749
750
751
752
753
754
755
756
757
758
759
760
761
762
763
764
765
766
767
768
769
770
771
772
773
774
775
776
777
778
779
780
781
782
783
784
785
786
787
788
789
790
791
792
793
794
795
796
797
798
799
800
801
802
803
804
805
806
807
808
809
810
811
812
813
814
815
816
817
818
819
820
821
822
823
824
825
826
827
828
829
830
831
832
833
834
835
836
837
838
839
840
841
842
843
844
845
846
847
848
849
850
851
852
853
854
855
856
857
858
859
860
861
862
863
864
865
866
867
868
869
870
871
872
873
874
875
876
877
878
879
880
881
882
883
884
885
886
887
888
889
890
891
892
893
894
895
896
897
898
899
900
901
902
903
904
905
906
907
908
909
910
911
912
913
914
915
916
917
918
919
920
921
922
923
924
925
926
927
928
929
930
931
932
933
934
935
936
937
938
939
940
941
942
943
944
945
946
947
948
949
950
951
952
953
954
955
956
957
958
959
960
961
962
963
964
965
966
967
968
969
970
971
5479
1189
1277
1800
5060
4136
4233
3286
1753
5074
2711
3882
3890
4181
1095
5282
2761
5271
3593
2662
2215
5306
3898
1083
4716
5456
2304
1956
1198
3888
2813
5549
1578
3297
4429
5219
2974
1832
4015
3267
4899
3248
4237
1073
3520
1648
3035
2200
2876
4176
1546
4549
2980
1898
5384
4493
4333
3232
1420
2222
3188
4057
4607
2452
4302
4039
1419
1835
1363
1319
3053
5398
4490
4977
3943
3724
3273
3465
2051
5358
2494
1513
1913
2828
4405
3295
2877
5269
4761
1164
1740
3539
4602
1969
2853
1649
1715
5166
3420
1661
5078
4629
3887
5458
5129
5140
2703
3262
1914
2337
3167
1376
1184
1424
5362
5365
4867
2473
1845
3919
3029
3640
4561
3955
1391
3795
1875
2109
3999
1596
4489
3521
1526
1361
1897
2078
1822
4808
3474
1037
2413
4309
4232
2485
4019
3100
1085
4653
3066
4116
1990
1212
4828
4552
2397
2531
3287
1810
2280
3506
4466
1746
1660
4451
1334
2216
1962
1809
1287
4647
4759
4652
1250
3488
2155
3340
4179
2410
4779
1489
2268
5161
977
4147
3718
2038
4326
3624
2227
5404
3221
3958
5543
4789
5236
1767
1991
5449
1429
4145
1008
1965
2891
4954
1322
5156
4509
1413
3696
4962
2090
2696
4641
3126
2264
2939
4165
3904
2994
3156
5355
4014
2763
3481
1820
4206
4492
1759
3279
2442
3536
1941
2234
5522
1158
4189
2032
2990
4635
1936
1167
2544
2338
3437
1499
1269
2114
3947
4000
3311
3331
2240
4262
4245
1172
4860
4555
4697
4750
3716
3596
3706
2124
5419
4488
2985
3578
2675
5277
2398
1960
5125
2470
2253
1077
998
2809
1113
3363
4888
5319
4881
4518
1656
5369
3557
4955
5301
3765
1195
2309
2376
1517
4332
1200
2255
1068
3657
2871
5010
4061
1496
4270
2288
1440
5463
4146
2068
3040
2772
1003
2537
1354
3184
4471
999
2895
4279
4329
1689
4201
1792
4299
3774
4486
5281
5343
1326
2088
1763
1849
1566
5339
1966
1066
3087
4637
1396
2100
4093
1769
1209
2131
2025
1356
3378
5061
1506
5099
2681
1194
3766
3416
3304
4940
4553
3480
4470
3388
1976
4436
4889
1564
2620
4664
4878
3046
2327
5508
3355
2273
5391
4589
1600
2286
4601
1414
2604
3383
1108
4096
1047
5408
1115
3858
4945
3709
2605
5240
2499
1581
3007
3084
2391
2845
1456
1679
4922
5229
4724
2352
2445
1337
3471
5375
1568
4083
3138
4409
2096
1831
4467
3002
2806
5163
2692
3449
4729
1994
5100
2054
5313
3725
1421
3352
2825
5089
4124
3278
5110
1748
3636
1961
4006
2665
2326
5145
1005
4893
5131
3597
2082
2823
3428
1296
4569
2011
2325
3924
2016
3302
2838
5091
3813
4324
3561
5347
2962
3043
1801
5389
2275
2464
5157
1692
1561
2037
5018
4172
4424
3936
4619
3379
2839
1974
1130
2656
2894
2925
4071
3926
4453
5545
4275
4882
3686
3365
1945
1802
1234
5338
3339
5047
3288
5315
4522
2502
1374
1959
5020
1054
2517
1520
4485
3299
3753
3939
3843
3150
1636
1797
4028
4090
2737
1024
3628
4756
1372
2367
3591
4875
1243
5147
4917
5227
3132
2368
2372
3810
3251
2129
3500
2000
5104
5354
5397
2435
3098
1082
983
2346
1827
4335
3653
3239
4866
4790
3372
4863
4383
5489
3048
4296
4734
5425
5547
2791
1093
4086
988
2635
3094
3611
2688
5196
4626
2882
2221
4871
1223
1241
3643
4625
5544
2274
4612
5026
5006
4157
4800
3997
2534
3559
2782
4702
2370
4681
991
2626
3303
2780
2571
3719
4884
4365
1106
4799
1318
4855
3564
5509
975
2360
3254
3886
2832
4591
4833
2824
1019
4311
1333
3483
1273
2674
5364
3086
4615
2572
1316
1777
4160
3439
1295
1817
1788
3760
2343
5167
5045
4984
4168
3837
4769
5350
3842
1139
5023
3742
4901
3672
2765
3737
3830
3802
4452
979
3498
5514
3430
3371
4643
1620
1397
3732
2378
3070
1867
4735
2081
1509
4733
2729
3170
1888
4242
2225
3101
4163
3911
2730
3631
5420
2844
4423
5037
5065
3992
3547
2120
2335
2937
2002
3076
4204
1388
5199
3342
2062
1874
1651
1932
1838
3025
4854
5379
1213
2777
3517
2013
3026
1858
4570
4158
4573
4113
5325
1099
5231
1521
3861
3364
1304
4144
5132
2795
4586
3376
3854
1839
4479
4802
3263
1441
5474
5101
1210
3284
3581
5263
3618
3949
1973
5300
4213
1431
5462
1590
978
4334
2943
1605
2414
1338
5121
2752
5133
1939
3519
4970
2954
1231
4440
1031
1530
4041
4091
3391
3896
3758
5376
5373
5548
4560
1663
4441
4829
2678
5207
3707
2870
1591
4710
5001
4229
1684
4850
3494
4772
1704
2873
2048
4175
4477
3629
2689
1878
2386
4929
2508
3037
2133
3599
2709
4108
1836
3257
3455
3685
3666
2630
3699
2104
1516
2958
4876
2712
5036
1922
1729
4294
4484
1366
1186
5290
1782
4313
4292
2754
1128
5183
2634
4396
1904
5287
1476
2332
4973
2903
3152
3602
2725
4892
5383
4894
4455
1122
4099
1970
2076
1864
1609
5124
1188
4357
5254
4109
1377
2545
2910
1522
5148
3796
2717
2504
3808
5198
3264
2755
3106
2851
2353
1826
3419
5279
1155
1947
2741
2203
4188
3507
2526
5469
3122
1995
2179
5513
1169
2191
3074
2608
3131
3058
2538
2188
4360
2447
4456
1712
3017
5361
1865
3513
4106
5083
5270
5237
2625
4306
4803
4763
2478
3533
4996
2049
3472
1203
2358
3351
2328
5012
4194
5498
4388
4325
5519
1977
2483
1879
2988
1770
4222
5021
2052
1657
3414
5123
1423
4118
5090
4171
4870
4404
1350
1089
1307
3281
1607
2097
3850
1071
4439
2363
5168
1950
3647
4202
3903
2788
2146
4583
1123
4287
4572
4822
1622
2496
3258
2020
4047
3983
5106
3748
4066
3885
3566
4810
5359
1942
4900
1711
1593
2185
1239
2567
5499
5438
1015
3140
3545
3412
5177
4966
3290
5143
1468
3705
4616
5551
1857
4208
5303
2510
3490
1462
4060
1466
4599
5357
5523
4666
1266
3235
4089
3426
1529
2226
1042
3728
3805
1226
1258
1280
1153
1146
2945
1742
3562
5195
4349
3548
5049
1175
4243
2147
4379
4792
4740
5022
5268
1201
3272
2932
3424
4816
5151
1211
2623
1446
2936
3489
1119
3679
2027
1011
1491
1979
5317
4159
5291
3313
4528
2184
2045
1351
4642
2978
3667
3214
2695
1934
2640
5109
2350
4023
5175
2770
2516
2334
3952
3544
3717
1747
1103
4675
2079
1528
3691
1790
1691
2940
1978
1257
2863
2113
2666
2600
1132
1828
2552
1642
1655
5226
4476
3350
2785
3747
3256
4719
5003
3181
1525
2549
4704
3515
5201
1126
1910
997
1863
4737
2784
1331
4511
4676
3111
4285
3752
2655
996
4260
4182
3464
1650
3538
3487
3375
5372
3024
1688
4297
2228
5084
1787
5477
1255
1773
4197
4331
5316
4773
4526
3250
4565
2794
2854
4976
3927
4742
3413
1370
3673
4320
2965
5405
1449
4709
1485
2289
4443
5288
4085
4835
2282
981
4200
3669
3022
2118
1487
3461
4122
5486
3183
3822
1276
1856
3573
5085
4472
1548
4498
2933
1779
4283
3223
3109
3768
3700
5532
3320
1664
1143
2829
5553
2607
1486
5534
4391
2426
4007
4127
5118
2624
1705
2018
2698
3726
4038
3079
3912
1771
3367
5275
2178
4249
3663
4811
1862
2244
2055
5034
3343
2173
4995
4220
3617
2628
5206
2532
3923
3650
4913
4685
4284
3163
4714
4291
1072
5353
1806
4433
2997
4920
4084
3989
5273
3798
3220
3492
4669
3971
3030
4987
3275
2015
4407
5413
1107
1884
5433
1783
2046
4097
1967
3205
1078
4277
3787
5493
4139
5092
4219
3222
5382
5504
3019
3829
4046
2272
1490
4631
2041
3615
3844
5337
4295
3165
2480
1775
5533
4819
2162
3312
2518
3865
3374
1043
1274
1552
1012
1670
1505
2865
2924
2739
2105
4362
2679
2983
3736
4017
4239
5081
3620
2031
2307
4758
1599
2301
3600
5223
1653
2589
4458
2384
5491
4744
4216
3741
2297
1306
1044
4841
2060
3511
2570
4119
3385
5241
1549
3942
4192
3400
3556
4231
4864
2704
4680
2889
4687
2318
1221
1851
3974
3985
4148
3315
4072
4501
3020
4943
2204
2705
5216
3692
1906
3178
3145
2490
2412
3860
5203
3756
3010
4689
5019
2489
4155
4382
1057
2172
2587
4254
3157
1402
1298
1562
2525
3088
4259
1004
3392
4414
2771
1980
1741
2063
2425
3469
4070
1629
1541
3475
5471
1673
5086
1288
1048
3427
2963
3781
3972
3442
3553
5190
1084
5437
5380
2677
3143
4683
5371
3067
1148
1137
2727
4825
5525
2764
2580
4575
4895
1140
4321
3783
1120
3173
5107
5328
4760
3036
5139
4372
1470
1045
2746
5484
2214
3655
3128
1988
3337
1355
4765
2451
5136
3668
2310
4497
3059
2042
3399
4806
2144
5440
4883
4898
1183
1925
4720
2423
1033
1416
1985
4031
2400
1409
3786
4674
5204
3674
4700
4167
3634
1514
1821
2177
1080
2196
1426
1498
2141
1390
2401
4133
3852
5224
4588
1524
1557
4487
4660
1833
4941
5406
1847
1050
3654
5511
2440
2971
5286
1193
3977
2431
2201
3486
2836
3265
4544
4076
1693
5070
1166
3644
4013
4902
3851
3588
1348
3957
4944
3510
4677
5417
2967
3457
2411
4659
4081
3226
1573
1046
5035
1617
3735
2466
2416
2799
1236
2996
2706
1443
3105
1404
3047
4746
1454
3142
3249
2319
3782
986
2661
5230
2387
3554
4723
1482
1483
1185
3870
5128
2138
4722
3542
3569
5336
1179
1378
5470
2166
2648
5178
5351
4705
1503
2476
2657
5158
3081
1472
2819
4885
1349
2072
3197
2192
5332
1803
4269
2261
3255
1445
2792
3501
5294
1253
4551
2143
4695
2021
2524
4915
3623
4579
2232
3970
1585
1340
1410
4506
5170
4327
3998
4390
5122
2745
2077
2649
3206
3689
2474
1807
4029
1963
1478
4131
3321
4067
1259
1567
3659
5262
3567
4030
5259
2676
3907
1727
2461
3848
1669
2205
4178
1018
4353
2235
4853
1695
5191
3091
4152
3940
1894
4546
4036
4673
2220
3897
2481
2375
4832
3863
1909
2364
2699
1124
2167
2539
1518
3478
3305
2312
3326
3740
1778
3905
3216
3316
5278
2599
2893
1786
3468
3574
5017
2359
3733
2223
5310
3277
4520
1533
3438
2831
1353
1386
3761
1880
3261
4798
4304
2365
4606
3276
1611
4450
1091
5059
2125
4993
4317
2797
5033
3301
2034
1583
2931
3056
2406
2415
2961
4210
4378
2528
3855
5429
2546
3361
2396
4465
3441
1586
3652
3664
3775
1040
1923
992
4370
2340
3078
1915
2912
2486
4415
2843
4481
2135
1547
3683
2270
1190
4877
3590
1387
1584
2140
2150
1997
1834
2449
2897
3723
4427
3180
2058
4969
5228
4648
4814
3607
4644
4217
1706
3770
1940
2266
1214
5401
3864
1572
5416
4958
2767
1604
2511
5032
1534
4491
1825
2506
3721
5453
3159
4446
4234
3750
2008
1394
4764
2159
3008
3370
1853
5222
1616
2330
2878
4401
4368
4389
3549
1256
1467
1493
1848
4524
2281
1998
4111
1450
1092
4212
5476
1871
2252
4554
3174
1752
3116
1762
5340
1061
5192
1451
3160
5134
1016
1841
4848
1768
4367
3945
5172
5243
5267
2505
4873
4027
3816
2970
1365
3193
3835
2101
1891
3966
4983
4957
2094
3895
1225
3196
4739
2284
3387
1327
2482
4712
4392
2432
4438
2757
3825
5120
4034
2194
1163
2691
2061
2598
3694
4571
4267
2306
1034
2793
2700
2324
4301
1032
3979
1360
3014
4094
1577
1324
4950
1662
4059
1480
5464
5299
3793
3080
4730
3853
4959
2919
5239
2341
1999
1447
2057
2512
4925
1497
1903
2198
2444
5009
5187
2460
2575
3233
3812
4341
1926
5205
5426
4527
4016
2209
2160
3757
4478
3875
5418
3738
3218
3916
5298
4548
2846
2242
4972
2175
2087
4593
1336
2564
2351
4281
1027
3466
3868
4073
1805
2986
5349
2969
1461
5292
5403
4363
3990
1069
4577
1638
5333
3052
5247
1811
5388
2702
1009
2283
2250
5137
4494
5284
4273
2998
2099
2197
4286
3161
3625
2174
3649
2459
3198
1723
3831
2864
5407
2465
5088
3039
4989
3113
2456
3849
2374
1804
3051
3941
2394
3012
3359
4252
3526
3771
4787
5436
1551
4318
4207
4107
3788
4986
2085
4584
2245
4515
4417
4408
3525
1666
2295
2723
5102
2834
1658
1448
3344
3135
4897
1251
4707
3334
2632
1161
1060
2028
2917
4468
1908
4782
4265
5459
3687
2070
3240
2262
3107
4103
3917
3155
4437
3169
4153
3601
1929
4753
5472
1375
4448
3266
1359
4369
3171
3762
2291
4851
2815
2742
3921
3083
3065
1654
4274
3780
5324
1930
3695
4784
4743
1227
4541
1293
1595
2733
3892
1766
1275
1824
2487
2778
1635
3959
4180
3418
4359
5387
1631
1885
2056
3045
3296
5352
2595
4375
2850
3208
5327
1174
5531
1532
1329
4592
5126
2515
1764
4886
4956
1946
5238
1105
4037
2339
4727
4483
5211
5046
1774
5093
3443
5261
3925
2643
4319
3282
3965
4936
1515
2254
2818
5182
1646
2344
4947
3325
3410
4413
2849
2781
3213
4713
2593
2210
2182
4576
3015
3658
1718
1935
4796
2911
1401
2672
5210
5097
4538
3988
2355
3308
4198
3390
1180
1252
3609
2315
3130
4247
2550
4516
3307
3784
2145
4140
4512
4997
4842
4529
3238
2247
1129
2428
2290
4525
2811
1417
1708
1737
4542
4823
4786
3789
2554
4421
2820
2108
2427
3362
4235
2923
3189
5039
5255
2408
5051
2803
5323
5528
4082
4807
5094
3073
4751
4018
2377
3108
4630
3606
2977
3582
1452
4566
4454
4150
5202
5395
4627
1784
4662
4088
3244
5360
4354
3016
4125
3463
5374
4927
4135
2404
2149
1625
5055
3834
2714
1369
2658
1919
3271
3879
4679
4310
3817
1305
5173
2260
3136
3436
3200
1644
5442
4622
2751
5011
3508
2236
4858
3840
2909
2867
4128
5244
3857
4002
1152
1029
1204
1021
1013
4011
2644
3207
1738
3893
3456
5152
3242
3195
3495
1495
1859
2023
3900
3594
2441
1357
4585
3514
1634
3584
2314
3551
5515
4921
1230
4240
5482
2842
3294
1310
2947
2879
4258
3476
4345
4869
1682
2130
2267
1475
4949
5087
3845
3405
3411
989
3202
4289
3744
1668
3883
3401
2652
5253
1240
1473
2918
5000
2790
5461
3550
4050
4021
3253
2219
4403
3978
4356
2336
4931
4872
3681
4684
1815
2186
2804
4228
2520
1455
3453
3192
4065
2663
1713
4214
2402
1156
4661
1165
5341
1707
1315
5312
5127
1735
4517
2381
5024
4170
3092
3009
3119
2992
3417
3330
5103
1899
2463
5394
3285
3619
2276
2170
1535
2139
3144
3914
5044
1933
3259
3552
3231
5234
4419
2812
3394
2357
3660
2680
5411
5189
3846
1571
2951
2064
3968
2005
2669
4496
3981
3859
3961
1232
2541
5221
3164
1238
3398
4342
4805
3328
3068
2029
5057
1563
2362
2103
4594
2999
2841
4656
2163
4305
1937
4347
5064
2004
3382
3215
2206
2231
3727
1731
1630
2385
4562
2650
1289
4780
3755
2802
3369
2972
3932
2168
4711
5159
2457
3847
1159
1776
2683
1117
1957
3785
5497
1907
2086
4774
4600
4504
2826
1177
2773
5283
4351
1598
3568
4564
5179
1686
2875
2251
1321
2217
5494
1344
1235
4603
4457
5257
3384
1286
2953
2952
1621
1100
1197
2493
2840
2091
5214
3792
5329
5345
2050
1808
4580
4910
3583
5080
3395
1844
2694
1308
5150
4834
4475
4738
2107
2948
3563
1603
5467
4998
5141
2279
3962
3038
4896
3915
2543
4628
3318
2617
5054
3715
4227
3409
995
2921
5546
3031
1249
3162
1687
4010
2501
3062
2320
1147
4431
1700
2938
5555
3450
1812
980
2014
5424
2816
5435
5527
4117
1428
4827
3075
2822
1479
1931
4251
4521
2269
2888
3298
3967
4688
5007
5188
2507
5280
2033
1264
3832
4288
2922
5242
2591
2169
2265
4298
4069
3866
2719
3435
3203
3690
1036
4026
4055
2713
4276
4121
4183
2059
5393
2207
3187
4636
1474
1992
5025
2565
3777
2585
4778
2296
3204
4508
1380
3247
2872
5473
1639
2089
2774
3746
3922
2866
3986
1996
4651
1062
1138
3790
3377
5445
1697
4460
4384
1739
2766
4783
1395
3237
5050
5130
2800
2627
4839
1813
3310
2941
3467
4836
5058
5082
4502
2576
5331
5450
3729
2647
3479
2443
5492
3677
3877
1368
4426
3528
2827
2529
4143
2420
3534
3191
1323
4852
5096
3697
1279
5063
1215
2884
3085
3909
2293
4887
1278
2040
1889
3818
1949
1150
2361
1207
2984
5348
5366
1427
1819
4462
1342
2317
3529
4598
5496
3512
3675
1206
2258
4654
4473
2468
2039
4979
3241
1579
1379
4953
4861
2495
4692
3739
3828
5135
2756
3429
1952
3093
1698
3612
1272
4361
2233
3934
2555
4948
3714
1023
3960
1371
4556
1502
3532
3219
1438
1265
3993
2710
4336
2603
3880
1220
1751
3061
5186
4582
1555
4120
1453
1883
3656
4507
2892
1981
2902
1007
1481
2837
2248
1028
4840
4952
1026
2187
3260
4344
2019
5296
4130
1006
5481
5272
1873
2898
1719
4843
2726
1229
3702
2860
4597
1202
5193
4464
5322
1010
4670
3230
4266
3633
4062
2869
2022
1882
2299
3177
4323
2558
2858
5529
5311
2830
5501
4012
4209
5495
4226
2638
2292
2991
2199
4624
2907
4095
4366
2012
1494
4355
3458
1217
3353
5285
4574
4398
3397
5392
2065
2345
3060
1002
4412
1433
4278
4303
1270
4397
5554
5475
3027
1063
5410
4253
4169
1111
4241
2852
2333
4968
1780
1618
4609
4934
4632
2030
5320
1508
3665
5485
5295
3749
3645
4703
4290
1464
1920
2930
1538
3459
2886
1588
1972
2080
2383
1756
2583
2612
2653
3772
1025
1283
4960
2095
5550
3570
2434
4992
1173
3064
1587
4663
3871
3175
2621
4535
4503
4587
2724
1267
4049
5540
2347
5155
1074
3688
3209
4316
4196
4533
2631
2003
1539
4432
1000
2955
4946
2989
4821
3269
1886
1614
3708
5030
1860
2687
1135
1312
4499
5215
3531
1757
3432
2775
4033
2389
2009
3899
1816
1196
5171
3335
3579
3587
4926
5256
3034
4978
4054
2305
4174
3874
2881
5431
3270
3651
4698
2418
2920
3089
3148
2354
4908
2154
2388
3769
3944
1407
5095
3317
4818
4793
4611
3954
1484
2750
2596
4162
4690
2390
2942
4581
5308
2122
1261
4312
4617
1543
1056
4755
4645
4530
2966
2697
3493
2471
3333
1170
2183
2073
4614
4505
4736
5208
4795
2883
4411
3433
1553
1079
4672
3356
2995
2789
3881
4801
5160
1317
4261
4638
1260
3354
2181
5041
2530
1104
3734
2382
2982
3811
4105
3931
1798
1109
1178
1192
5077
4005
4300
2796
2311
3751
2190
3803
1075
5056
3698
3537
3338
4649
4640
3332
2716
3701
2579
1890
5249
5264
2211
4195
4236
4794
3127
2835
5235
5480
2405
2224
2553
4608
4621
5062
4187
5400
3630
3995
4400
5042
2300
1983
3110
4754
4348
2238
1343
3555
973
1971
3448
4706
4701
2562
1263
2161
2257
2119
4610
4513
4982
2768
1710
1110
5112
5326
3470
1335
5225
5146
4514
3608
3004
3523
3661
2582
1726
5427
4248
1678
3496
4928
4264
2323
1672
1160
4965
5318
5309
4064
2503
2017
1313
2721
3268
4314
1219
1442
1405
3894
5521
1052
3454
1602
3386
1680
5443
1589
3347
4223
4293
1500
2422
1001
4009
5218
3021
2707
3246
1415
3713
2821
3891
1837
3102
1389
1182
2762
3933
1412
1537
2313
3199
3841
2523
1720
3095
5502
1081
2779
4536
1384
4435
5265
3422
4447
1118
4008
2642
5079
1102
2430
4865
3969
4682
3408
4459
3357
3236
3404
5200
4428
2987
3341
2349
1471
3712
1199
1893
5434
2302
1216
4543
3041
3055
1341
2165
3953
3680
4132
1055
1637
4667
4725
5138
2475
4134
4035
3103
1861
2098
5108
4257
2671
1896
4844
3069
3090
3032
5181
3576
2153
2805
1488
1114
3403
3348
3918
5483
3996
4184
1628
3676
2134
1887
1912
2540
2573
5297
5346
4024
3434
3077
4422
5013
2521
1615
1559
4185
1162
1690
3814
1020
4098
2111
1059
3071
1632
1271
3179
2769
1096
4166
2913
2263
3000
1734
5524
2213
5542
1469
3380
4678
1550
2743
3964
5165
5409
1671
1982
3779
1022
3980
4558
5552
3610
1098
3703
3982
2731
3530
1527
1352
4856
3129
1794
987
1297
1560
2278
3452
4747
1325
1465
3072
3118
5293
3635
4534
1565
5038
2817
5067
4930
2429
1676
3948
2551
1791
2633
1301
4399
2117
2446
3963
1086
1121
3349
3112
3396
4613
2639
4776
2959
3139
5266
5506
1613
1796
5342
1954
5115
3684
3572
4762
3524
4918
4963
1285
1294
4919
4346
2904
2246
4547
1314
1205
5370
1736
3639
2112
1330
1750
4154
4173
5402
4868
2356
2637
2629
1895
3044
3646
2749
3535
4339
4813
5414
3754
4880
2519
4820
2509
5185
3154
5487
4463
5507
5142
4510
1795
3245
2136
3033
2392
4741
4225
3799
4080
3778
5114
1101
1399
2001
4338
3935
4874
2500
4218
1154
2469
2557
4048
3006
2522
3806
1580
3166
4387
1675
2926
4991
1594
1168
4191
4164
2670
3604
3586
4785
1916
2322
2180
3120
1144
4830
2798
2462
2856
3003
3836
1097
3228
4559
5116
3423
5002
1434
2036
994
4890
4420
5027
2379
2484
5071
1647
2718
4385
1911
2659
2581
1133
5174
4961
3670
3710
1346
5314
4138
1457
972
4224
2611
1901
5517
2890
4831
3504
4781
1038
4981
3123
1732
4056
2887
1444
1799
4075
1131
4186
3005
5368
1855
4003
5245
2590
4824
2171
5377
4731
3616
1643
3473
4425
4699
3642
1299
3099
1701
4268
1576
1292
1014
3884
2586
1818
5053
1772
3595
4376
2944
4694
4263
5276
2645
2256
4410
2488
4691
2701
5066
2132
4315
1364
2673
1383
1242
4350
3622
3585
4985
5176
1436
4100
2660
3327
3763
4280
2908
5390
2973
1492
1842
3082
2949
5399
2956
2438
4322
3224
2807
2393
5068
1755
2588
2542
1051
4137
5448
3314
2106
3324
1645
5246
5444
3451
2857
2348
1951
1830
1674
1694
2448
1393
4434
3815
2584
1222
4074
4051
3910
5518
1531
3930
4531
3274
4804
1430
1975
5119
1237
3711
1948
2722
1574
2287
3807
1761
1510
1601
4469
3730
4990
2121
1696
5503
3117
4177
4904
2230
4272
4102
2577
3987
3358
4523
1459
3731
2786
2976
3137
4374
4430
4980
2859
3291
4568
3605
2993
5197
2535
1592
2740
5539
5305
3839
2957
2303
5232
1408
3023
3497
5220
2127
2861
2294
5422
2454
3440
4282
2128
2437
1641
4693
3704
4244
1714
4461
5396
2395
4708
5541
2074
4847
3054
2472
1558
5488
1619
4092
3598
3577
1403
5162
3415
1683
1721
2934
5536
4343
3580
1064
4114
1749
3946
4203
2066
5381
4567
2239
4068
2102
5430
1927
1722
3671
4620
2968
1608
1765
2561
1905
1268
3991
2316
1373
4665
3360
3477
3951
4815
4151
1076
1065
5335
4605
5537
2556
3185
4474
4655
3289
3509
5144
3134
3929
2708
4797
4386
4859
1382
974
1728
1986
1151
4045
2407
3994
2092
4380
1398
1512
3722
4032
5415
5302
2684
2885
2110
2847
1187
4545
3928
2527
2808
4964
2641
2690
4748
3800
2609
2298
3049
4052
4416
4112
2123
4161
1640
3767
3225
2855
5248
1924
3973
1545
985
1090
4914
2833
3589
2403
5356
3720
4519
5421
1745
5478
4221
2597
4907
2901
5028
1902
3368
4123
5069
2728
2450
3743
1127
4250
4020
5468
1347
2137
3833
5432
3872
2497
1507
1392
1544
5512
2417
1309
5048
5452
2158
2916
3804
2566
4402
1814
1733
1460
4788
4791
5209
2047
4238
2668
1422
1659
4768
5423
1716
5076
1993
4826
2053
5334
4087
4557
1754
4381
3407
2654
1964
5212
4532
5169
5043
5004
2602
4149
1233
3345
3381
3820
4933
3482
4328
1724
1302
2615
3826
4115
4905
5233
4604
5113
3491
2424
3794
4482
1112
4932
1597
3838
2548
1418
4752
2601
2760
5258
4246
1665
2935
3201
2613
1928
2479
1921
1463
3280
5260
1743
3444
3300
3210
3901
2075
4444
4646
1300
1944
3776
4358
2116
2491
4775
4255
4230
2783
4942
2069
1437
2467
1823
3125
1702
5526
3773
3603
2559
5016
2758
1141
3445
2547
3908
3446
3133
2492
1958
3499
3366
4770
5117
2249
1171
1362
2622
2776
4025
2148
2157
5040
5455
5164
3862
2084
2715
1854
5250
3336
976
1843
1717
2331
4715
4732
1088
1575
5098
5378
2006
2229
3097
3873
3613
1685
4971
1570
4838
3322
5180
2618
4974
5154
2380
4658
3614
1477
2560
4205
5457
1703
4938
5439
2115
4550
4668
3869
1248
4044
3194
2905
4352
2646
1218
2744
984
1730
1582
1244
4079
1425
2614
1406
2433
1612
3764
1284
4812
1627
2862
4903
1852
3028
4271
3146
5363
4539
3876
1501
2574
2342
3682
2189
5446
4696
4449
4078
3637
1345
2664
4717
1881
4891
1049
2259
1094
2616
1870
3211
2083
3421
4595
4766
4563
1610
2373
3393
4004
2748
1725
3149
2686
4906
2007
4406
1303
5304
2453
2043
1917
3632
3540
5535
5105
3447
4110
4951
1439
2810
2369
2419
3176
2243
3153
1017
5307
1281
5490
3158
2594
1554
3937
1458
1955
1846
4393
1943
4757
5330
4340
2900
3678
4994
5194
1785
1228
3641
2759
1125
2421
4156
1681
4394
2277
2610
5538
2732
4371
1866
3151
2142
4590
3182
5428
1358
2685
1432
5385
5451
1339
1208
3571
1540
1254
4042
1536
4849
5075
1667
4101
2578
1556
1041
3050
4988
3323
3759
3147
3425
1569
4911
4199
2960
5530
2814
1869
3227
1035
3522
2868
4126
2899
4923
4537
2975
3558
1291
2787
2734
2927
3346
5447
3373
4495
3319
2271
4935
1900
4924
1381
4104
5516
3431
3856
3057
2880
5005
4418
1067
3976
1142
1877
2067
5510
2563
3234
5149
2568
3503
3693
2024
4308
4718
4211
4337
2636
5386
4142
5466
2164
5252
4721
1053
2906
2915
1633
3745
4330
5289
3484
1868
3293
5111
1699
3819
2498
3217
2738
2026
3011
5073
1030
3902
4909
2321
1116
3575
5344
3889
2747
2151
3975
1320
4912
3141
1328
4618
3516
1968
2237
3402
3662
2202
2753
1760
5184
5015
1039
3018
2735
1176
2308
3920
1850
4634
2848
5274
4633
4657
5441
5460
4480
1087
1626
3462
2720
3001
1367
4215
1149
2946
2044
2193
4364
3913
5367
5014
5052
4058
1829
1435
3984
4837
1181
1157
3406
3906
4686
2156
1840
3186
4256
2929
2035
1677
1290
1984
4639
3190
4809
2010
2981
2651
1542
2533
1709
3518
2950
3229
2606
5251
4671
1781
1136
4040
4373
4939
1523
3115
1282
4916
1262
4749
3560
3801
1145
3791
2569
3502
3389
3283
2477
3172
1134
3565
5213
5454
3309
3460
1989
2928
3621
2964
4596
3527
2667
3648
3938
3809
3821
2439
2736
1058
4442
5031
4845
2536
4377
5217
1876
4063
4745
3329
2514
5520
4053
4077
4975
2212
2208
1623
2371
1938
4767
4141
2979
1511
4540
2071
2455
4999
1758
1245
2458
1624
3252
4445
4650
993
1606
4771
4728
3124
3592
3505
1070
1247
4846
3956
3042
3950
1987
1400
3824
2874
4307
3638
4862
5500
3546
4193
3096
4022
2592
1793
3485
4190
2329
2399
4578
1504
1311
1872
5412
5153
3104
1892
4857
2285
4967
3306
2436
2619
3114
1224
5505
3168
2195
3626
2176
1744
2152
2693
4817
2241
3541
3121
2914
3878
4395
4129
2366
4937
3543
4500
3063
1191
5321
4777
1652
1519
3823
3867
2513
4001
4623
3797
1411
3212
1918
4726
990
5072
1246
2896
2801
2093
1953
982
3013
3243
4043
5008
3627
1789
2409
3827
4879
1332
2682
3292
2126
5029
2218
5465
1385
